|2015-10-31|52.00|4.48|0.91|3|
|2015-11-01|52.00|14.48|1.4|3.75|
|2015-11-02|52.00|15.48|1.5|3.25|
|2015-11-03|52.00|21.48|2.01|6.25|
|2015-11-04|52.00|22.48|2.76|6.75|
|2015-11-05|52.00|23.48|2.80|8.25|
|2015-11-06|52.00|24.48|2.93|8.85|
|2015-11-07|52.00|24.48|2.97|9.00|
|2015-11-08|52.00|24.48|3.98|12.62|
|2015-11-09|52.00|24.48|5.40|17.47|
|2015-11-10|52.00|24.77|5.99|19.70|
|2015-11-14|52.00|25.66|6.08|19.87|
|2015-11-15|52.00|25.66|6.08|19.87|
|2015-11-16|52.00|25.66|6.08|19.87|
|2015-11-17|52.00|27.31|6.09|19.87|
|2015-11-18|52.00|29.05|6.08|19.87|
|2015-11-19|52.00|29.05|6.09|19.87|
|2015-11-20|52.00|29.05|6.09|19.87|
|2015-11-21|52.00|29.05|6.09|19.87|
|2015-11-22|52.00|29.05|6.09|19.87|
|2015-11-23|52.00|29.05|6.09|19.87|
|2015-11-24|52.00|30.24|6.16|20.05|
|2015-11-25|52.00|27.90|5.65|18.24|
|2015-11-26|52.00|27.90|6.14|19.38|
|2015-11-27|52.00|27.90|6.48|20.19|
|2015-11-28|52.00|27.90|6.49|20.23|
|2015-11-29|52.00|27.90|6.50|20.23|
|2015-11-30|52.00|31.02|6.50|20.23|
|2015-12-01|52.00|31.02|6.50|20.23|
|2015-12-02|52.00|31.02|6.50|20.23|
|2015-12-03|52.00|31.02|6.78|20.82|
|2015-12-04|52.00|31.02|7.12|21.68|
|2015-12-05|52.00|32.28|7.47|22.53|
|2015-12-06|52.00|32.28|7.47|22.54|
|2015-12-07|52.00|32.28|7.48|22.54|
|2015-12-08|52.00|32.31|7.55|22.73|
|2015-12-09|52.00|32.31|7.56|22.74|
|2015-12-10|52.00|32.31|7.56|22.74|
|2015-12-11|52.00|46.63|7.66|22.91|
|2015-12-12|52.00|46.63|7.71|23.00|
|2015-12-13|52.00|46.63|7.90|23.33|
|2015-12-14|52.00|46.63|7.90|23.34|
|2015-12-15|52.00|46.89|7.94|23.44|
|2015-12-16|52.00|46.89|7.95|23.44|
|2015-12-17|52.00|46.89|7.95|23.45|
|2015-12-18|52.00|46.89|7.95|23.45|
|2015-12-19|52.00|46.89|8.29|24.58|
|2015-12-20|52.00|46.89|8.29|24.58|
|2015-12-21|52.00|46.89|8.29|24.58|
|2015-12-22|52.00|46.89|8.93|26.91|
|2015-12-23|52.00|46.89|9.77|29.84|
|2015-12-24|52.00|46.89|10.23|31.29|
|2015-12-25|52.00|46.89|10.23|31.29|
|2015-12-26|52.00|46.89|10.23|31.29|
|2015-12-27|52.00|46.89|10.23|31.29|
|2015-12-28|52.00|46.89|10.23|31.29|
|2015-12-29|52.00|46.89|10.24|31.29|
|2015-12-30|52.00|46.89|10.24|31.29|
|2015-12-31|52.00|46.89|10.24|31.29|
|2016-01-01|52.00|46.89|10.25|31.29|
|2016-01-02|52.00|46.89|10.25|31.29|
|2016-01-03|52.00|46.89|10.25|31.29|
|2016-01-04|52.00|46.89|10.25|31.30|
|2016-01-05|52.00|46.89|10.27|31.31|
|2016-01-06|52.00|46.99|10.66|32.76|
|2016-01-07|52.00|46.99|11.02|34.13|
|2016-01-08|52.00|46.99|11.29|35.57|
|2016-01-09|52.00|46.99|11.29|35.61|
|2016-01-10|52.00|46.99|11.29|35.61|
|2016-01-11|52.00|46.99|11.29|35.61|
|2016-01-12|52.00|46.99|11.31|35.62|
|2016-01-13|52.00|46.99|11.32|35.64|
|2016-01-14|52.00|46.99|11.32|35.64|
|2016-01-15|52.00|46.99|11.33|35.66|
|2016-01-16|52.00|46.99|11.33|35.68|
|2016-01-17|52.00|46.99|11.32|35.68|
|2016-01-18|52.00|46.99|11.33|35.68|
|2016-01-19|52.00|47.28|11.35|35.69|
|2016-01-20|52.00|47.28|11.36|35.70|
|2016-01-21|52.00|47.28|11.37|35.72|
|2016-01-22|52.00|47.28|11.37|35.75|
|2016-01-23|52.00|47.28|11.37|35.75|
|2016-01-24|52.00|47.28|11.37|35.75|
|2016-01-25|52.00|47.28|11.37|35.75|
|2016-01-26|52.00|60.35|11.38|35.79|
|2016-01-27|52.00|60.35|11.40|35.83|
|2016-01-28|52.00|60.35|11.40|35.84|
|2016-01-29|52.00|60.35|12.51|40.00|
|2016-01-30|52.00|60.35|13.73|44.34|
|2016-01-31|52.00|60.35|14.75|48.04|
|2016-02-01|52.00|60.35|14.77|48.09|
|2016-02-02|52.00|48.02|11.91|37.80|
|2016-02-03|52.00|48.02|11.91|37.82|
|2016-02-04|52.00|48.52|11.92|37.85|
|2016-02-05|52.00|48.52|11.93|37.85|
|2016-02-06|52.00|48.52|11.93|37.86|
|2016-02-07|52.00|48.52|11.93|37.86|
|2016-02-08|52.00|48.52|11.94|37.90|
|2016-02-09|52.00|57.62|10.47|33.50|
|2016-02-10|52.00|57.62|10.24|32.69|
|2016-02-11|52.00|57.62|10.48|33.46|
|2016-02-12|52.00|57.62|10.23|32.64|
|2016-02-13|52.00|57.62|10.28|32.82|
|2016-02-14|52.00|57.62|10.48|33.46|
|2016-02-15|52.00|57.62|10.72|34.19|
|2016-02-16|52.00|57.62|10.67|33.90|
|2016-02-17|52.00|57.72|10.70|33.95|
|2016-02-18|52.00|57.72|10.74|34.04|
|2016-02-19|52.00|57.72|10.68|33.79|
|2016-02-20|52.00|57.72|10.65|33.75|
|2016-02-21|52.00|57.72|10.61|33.63|
|2016-02-22|52.00|57.72|10.68|33.81|
|2016-02-23|52.00|59.72|10.71|33.85|
|2016-02-24|52.00|59.72|10.69|33.79|
|2016-02-25|52.00|59.72|10.70|33.81|
|2016-02-26|52.00|59.72|10.71|33.85|
|2016-02-27|52.00|59.72|10.68|33.74|
|2016-02-28|52.00|59.72|10.65|33.65|
|2016-02-29|52.00|59.72|10.71|33.84|
|2016-03-01|52.00|59.72|10.78|34.04|
|2016-03-02|52.00|59.72|10.77|34.01|
|2016-03-03|52.00|59.92|10.77|34.02|
|2016-03-04|52.00|59.92|10.75|33.89|
|2016-03-05|52.00|59.92|10.74|33.89|
|2016-03-06|52.00|59.92|10.68|33.76|
|2016-03-07|52.00|59.92|10.73|33.89|
|2016-03-08|52.00|59.92|10.77|33.96|
|2016-03-09|52.00|59.92|10.77|33.95|
|2016-03-10|52.00|59.92|10.77|33.92|
|2016-03-11|52.00|59.92|10.79|33.96|
|2016-03-12|52.00|59.92|10.90|34.25|
|2016-03-13|52.00|59.92|10.87|34.16|
|2016-03-14|52.00|59.92|10.90|34.25|
|2016-03-15|52.00|59.92|10.93|34.31|
|2016-03-16|52.00|59.92|10.93|34.32|
|2016-03-17|52.00|59.92|10.96|34.37|
|2016-03-18|52.00|59.92|10.96|34.37|
|2016-03-19|52.00|59.92|10.94|34.31|
|2016-03-20|52.00|59.92|10.88|34.41|
|2016-03-21|52.00|59.92|10.90|34.36|
|2016-03-22|52.00|61.92|10.94|34.41|
|2016-03-23|52.00|62.42|10.96|34.47|
|2016-03-24|52.00|62.42|11.08|34.80|
|2016-03-25|52.00|62.42|11.09|34.80|
|2016-03-26|52.00|62.42|11.06|34.75|
|2016-03-27|52.00|62.42|11.05|34.72|
|2016-03-28|52.00|62.42|11.06|34.74|
|2016-03-29|52.00|62.42|11.09|34.81|
|2016-03-30|52.00|62.42|11.12|34.87|
|2016-03-31|52.00|62.42|11.16|34.96|
|2016-04-01|52.00|62.42|11.18|34.99|
|2016-04-02|52.00|62.42|11.15|34.90|
|2016-04-03|52.00|62.42|11.11|34.77|
|2016-04-04|52.00|62.42|11.12|34.85|
|2016-04-05|52.00|62.42|11.19|35.03|
|2016-04-06|52.00|62.42|11.18|34.95|
|2016-04-07|52.00|62.42|11.21|34.95|
|2016-04-08|52.00|62.42|11.23|35.02|
|2016-04-09|52.00|61.48|11.05|34.52|
|2016-04-10|52.00|61.48|11.06|34.49|
|2016-04-11|52.00|61.48|11.11|34.60|
|2016-04-12|52.00|61.88|11.15|34.77|
|2016-04-13|52.00|61.88|11.16|34.78|
|2016-04-14|52.00|61.88|11.16|34.76|
|2016-04-15|52.00|61.88|11.17|34.81|
|2016-04-16|52.00|61.88|11.15|34.76|
|2016-04-17|52.00|61.88|11.13|34.70|
|2016-04-18|52.00|61.88|11.16|34.79|
|2016-04-19|52.00|61.88|11.17|34.83|
|2016-04-20|52.00|61.88|11.18|34.87|
|2016-04-21|52.00|62.27|10.89|33.91|
|2016-04-22|52.00|62.27|11.06|34.47|
|2016-04-23|52.00|62.27|11.05|34.44|
|2016-04-24|52.00|62.27|11.14|34.75|
|2016-04-25|52.00|62.27|11.18|34.89|
|2016-04-26|52.00|62.27|11.21|34.93|
|2016-04-27|52.00|62.27|11.22|34.96|
|2016-04-28|52.00|62.27|11.22|34.96|
|2016-04-29|52.00|62.27|11.24|34.98|
|2016-04-30|52.00|62.27|11.22|34.96|
|2016-05-01|52.00|62.27|11.21|34.93|
|2016-05-02|52.00|62.27|11.22|34.96|
|2016-05-03|52.00|62.27|11.26|35.11|
|2016-05-04|52.00|62.27|11.29|35.13|
|2016-05-05|52.00|62.27|11.33|35.19|
|2016-05-06|52.00|62.27|11.32|35.12|
|2016-05-07|52.00|62.27|11.32|35.11|
|2016-05-08|52.00|62.27|11.27|35.04|
|2016-05-09|52.00|62.27|11.31|35.14|
|2016-05-10|52.00|62.27|11.36|35.20|
|2016-05-11|52.00|62.27|11.37|35.21|
|2016-05-12|52.00|62.27|11.38|35.25|
|2016-05-13|52.00|62.27|11.40|35.28|
|2016-05-14|52.00|62.27|11.37|35.21|
|2016-05-15|52.00|62.27|11.35|35.17|
|2016-05-16|52.00|62.27|11.39|35.28|
|2016-05-17|52.00|62.27|11.40|35.28|
|2016-05-18|52.00|62.27|11.40|35.27|
|2016-05-19|52.00|62.27|11.45|35.36|
|2016-05-20|52.00|62.27|11.45|35.35|
|2016-05-21|52.00|62.27|11.44|35.36|
|2016-05-22|52.00|62.27|11.42|35.29|
|2016-05-23|52.00|62.27|11.46|35.39|
|2016-05-24|52.00|62.27|11.51|35.47|
|2016-05-25|52.00|62.27|11.51|35.48|
|2016-05-26|52.00|63.27|11.50|35.46|
|2016-05-27|52.00|63.27|11.50|35.48|
|2016-05-28|52.00|63.27|11.49|35.45|
|2016-05-29|52.00|63.27|11.48|35.42|
|2016-05-30|52.00|63.27|11.52|35.53|
|2016-05-31|52.00|63.27|11.55|35.60|
|2016-06-01|52.00|63.27|11.60|35.70|
|2016-06-02|52.00|63.27|11.56|35.61|
|2016-06-03|52.00|63.27|11.55|35.60|
|2016-06-04|52.00|63.27|11.56|35.59|
|2016-06-05|52.00|63.27|11.56|35.61|
|2016-06-06|52.00|63.27|11.58|35.66|
|2016-06-07|52.00|63.27|11.61|35.69|
|2016-06-08|52.00|77.77|11.62|35.71|
|2016-06-09|52.00|75.27|15.10|48.46|
|2016-06-10|52.00|75.27|15.12|48.47|
|2016-06-11|52.00|75.27|15.12|48.46|
|2016-06-12|52.00|75.27|15.13|48.46|
|2016-06-13|52.00|75.27|15.16|48.55|
|2016-06-14|52.00|75.27|15.16|48.55|
|2016-06-15|52.00|75.27|15.16|48.53|
|2016-06-16|52.00|75.27|15.18|48.59|
|2016-06-17|52.00|75.27|15.24|48.69|
|2016-06-18|52.00|75.27|15.23|48.64|
|2016-06-19|52.00|75.27|15.21|48.58|
|2016-06-20|52.00|75.27|15.25|48.66|
|2016-06-21|52.00|75.53|15.27|48.71|
|2016-06-22|52.00|75.53|15.28|48.74|
|2016-06-23|52.00|84.71|17.05|54.06|
|2016-06-24|52.00|84.71|17.92|56.90|
|2016-06-25|52.00|84.71|17.90|56.85|
|2016-06-26|52.00|84.71|17.89|56.83|
|2016-06-27|52.00|84.71|17.95|57.05|
|2016-06-28|52.00|84.71|18.03|57.20|
|2016-06-29|52.00|84.71|18.04|57.19|
|2016-06-30|52.00|84.71|18.04|57.21|
|2016-07-01|52.00|84.71|18.07|57.28|
|2016-07-02|52.00|84.71|18.05|57.27|
|2016-07-03|52.00|84.71|18.00|57.16|
|2016-07-04|52.00|84.71|18.07|57.31|
|2016-07-05|52.00|84.71|18.11|57.43|
|2016-07-06|52.00|84.71|18.13|57.44|
|2016-07-07|52.00|84.71|18.13|57.42|
|2016-07-08|52.00|84.71|18.11|57.36|
|2016-07-09|52.00|85.71|18.09|57.30|
|2016-07-10|52.00|85.71|18.10|57.31|
|2016-07-11|52.00|85.71|18.13|57.42|
|2016-07-12|52.00|86.01|18.16|57.43|
|2016-07-13|52.00|86.01|18.20|57.50|
|2016-07-14|52.00|86.01|18.22|57.49|
|2016-07-15|52.00|86.01|18.28|57.58|
|2016-07-16|52.00|86.01|18.27|57.54|
|2016-07-17|52.00|86.01|18.24|57.55|
|2016-07-18|52.00|86.01|18.24|57.54|
|2016-07-19|52.00|86.01|18.19|57.47|
|2016-07-20|52.00|86.01|18.21|57.48|
|2016-07-21|52.00|86.20|18.30|57.73|
|2016-07-22|52.00|86.20|18.30|57.72|
|2016-07-23|52.00|86.20|18.29|57.71|
|2016-07-24|52.00|86.20|18.27|57.64|
|2016-07-25|52.00|86.20|18.32|57.78|
|2016-07-26|52.00|86.20|18.38|57.87|
|2016-07-27|52.00|86.20|18.33|57.77|
|2016-07-28|52.00|86.20|18.36|57.87|
|2016-07-29|52.00|86.20|18.38|57.91|
|2016-07-30|52.00|86.20|18.38|57.90|
|2016-07-31|52.00|86.20|18.45|58.04|
|2016-08-01|52.00|86.20|18.48|58.14|
|2016-08-02|52.00|88.20|18.52|58.25|
|2016-08-03|52.00|88.20|18.53|58.28|
|2016-08-04|52.00|88.20|15.13|46.33|
|2016-08-05|52.00|88.20|16.50|51.33|
|2016-08-06|52.00|88.20|18.99|60.10|
|2016-08-07|52.00|88.20|19.04|60.20|
|2016-08-08|52.00|88.20|19.06|60.28|
|2016-08-09|52.00|88.20|19.08|60.31|
|2016-08-10|52.00|88.20|19.08|60.31|
|2016-08-11|52.00|88.20|19.12|60.40|
|2016-08-12|52.00|90.20|18.96|60.05|
|2016-08-13|52.00|91.55|19.48|61.23|
|2016-08-14|52.00|92.94|19.47|61.21|
|2016-08-15|52.00|92.94|19.48|61.21|
|2016-08-16|52.00|92.94|19.49|61.26|
|2016-08-17|52.00|92.94|20.03|62.33|
|2016-08-18|52.00|92.94|20.01|62.71|
|2016-08-19|52.00|92.94|20.01|62.71|
|2016-08-20|52.00|92.94|19.99|62.63|
|2016-08-21|52.00|92.94|19.98|62.60|
|2016-08-22|52.00|92.94|20.01|62.72|
|2016-08-23|52.00|92.94|20.03|62.77|
|2016-08-24|52.00|92.94|20.07|62.84|
|2016-08-25|52.00|92.94|20.06|62.86|
|2016-08-26|52.00|92.94|20.10|62.93|
|2016-08-27|52.00|92.94|20.08|62.86|
|2016-08-28|52.00|92.94|20.07|62.85|
|2016-08-29|52.00|92.94|20.10|62.92|
|2016-08-30|52.00|92.94|20.14|62.99|
|2016-08-31|52.00|92.94|20.14|62.97|
|2016-09-01|52.00|92.94|20.15|63.04|
|2016-09-02|52.00|92.94|20.16|63.11|
|2016-09-03|52.00|92.94|20.12|63.03|
|2016-09-04|52.00|92.94|20.07|62.89|
|2016-09-05|52.00|92.94|20.12|63.07|
|2016-09-06|52.00|92.94|20.13|63.08|
|2016-09-07|52.00|92.94|20.15|63.09|
|2016-09-08|52.00|92.94|20.16|63.09|
|2016-09-09|52.00|92.94|20.16|63.09|
|2016-09-10|52.00|92.94|20.15|63.08|
|2016-09-11|52.00|92.94|20.11|62.98|
|2016-09-12|52.00|92.94|20.14|63.07|
|2016-09-13|52.00|93.33|20.18|63.16|
|2016-09-14|52.00|93.33|20.17|63.12|
|2016-09-15|52.00|93.33|20.17|63.13|
|2016-09-16|52.00|93.33|20.17|63.14|
|2016-09-17|52.00|93.33|20.16|63.12|
|2016-09-18|52.00|93.33|20.14|63.04|
|2016-09-19|52.00|93.33|20.16|63.10|
|2016-09-20|52.00|93.33|20.19|63.16|
|2016-09-21|52.00|93.33|20.19|63.15|
|2016-09-22|52.00|93.33|20.19|63.17|
|2016-09-23|52.00|78.83|16.55|50.04|
|2016-09-24|52.00|78.83|16.53|49.99|
|2016-09-25|52.00|78.83|16.51|49.94|
|2016-09-26|52.00|78.83|16.53|49.99|
|2016-09-27|52.00|78.83|16.55|50.04|
|2016-09-28|52.00|78.83|16.59|50.11|
|2016-09-29|52.00|78.83|16.58|50.04|
|2016-09-30|52.00|78.83|16.59|50.06|
|2016-10-01|52.00|78.83|16.59|50.09|
|2016-10-02|52.00|78.83|16.56|49.99|
|2016-10-03|52.00|80.48|16.96|51.06|
|2016-10-04|52.00|80.48|16.98|51.13|
|2016-10-05|52.00|80.48|17.02|51.25|
|2016-10-06|52.00|80.48|17.00|51.19|
|2016-10-07|52.00|80.48|16.99|51.15|
|2016-10-08|52.00|80.48|16.98|51.11|
|2016-10-09|52.00|80.48|16.95|51.04|
|2016-10-10|52.00|80.48|16.99|51.13|
|2016-10-11|52.00|80.48|16.99|51.15|
|2016-10-12|52.00|80.48|17.00|51.16|
|2016-10-13|52.00|80.48|17.03|51.20|
|2016-10-14|52.00|80.48|17.05|51.21|
|2016-10-15|52.00|97.73|21.55|66.59|
|2016-10-16|52.00|97.73|21.52|66.50|
|2016-10-17|52.00|97.73|21.57|66.66|
|2016-10-18|52.00|97.73|21.58|66.70|
|2016-10-19|52.00|97.73|21.56|66.70|
|2016-10-20|52.00|97.73|21.59|66.76|
|2016-10-21|52.00|97.73|21.60|66.80|
|2016-10-22|52.00|97.73|21.58|66.76|
|2016-10-23|52.00|97.73|21.55|66.70|
|2016-10-24|52.00|97.83|21.59|66.78|
|2016-10-25|52.00|97.83|21.61|66.87|
|2016-10-26|52.00|97.83|21.64|66.96|
|2016-10-27|52.00|97.83|21.65|66.94|
|2016-10-28|52.00|97.83|21.63|66.85|
|2016-10-29|52.00|97.83|21.65|66.88|
|2016-10-30|52.00|97.83|21.59|66.73|
|2016-10-31|52.00|97.83|21.64|66.84|
|2016-11-01|52.00|97.83|21.64|66.88|
|2016-11-02|52.00|97.83|21.71|67.03|
|2016-11-03|52.00|101.83|21.68|67.01|
|2016-11-04|52.00|101.83|21.70|67.04|
|2016-11-05|52.00|101.96|21.67|66.98|
|2016-11-06|52.00|101.96|21.63|66.86|
|2016-11-07|52.00|101.96|19.86|60.78|
|2016-11-08|52.00|101.96|21.74|67.23|
|2016-11-09|52.00|101.96|21.74|67.22|
|2016-11-10|52.00|101.96|21.75|67.26|
|2016-11-11|52.00|101.96|21.77|67.30|
|2016-11-12|52.00|101.96|21.72|67.18|
|2016-11-13|52.00|101.96|21.70|67.13|
|2016-11-14|52.00|101.96|21.73|67.19|
|2016-11-15|52.00|101.96|21.74|67.22|
|2016-11-16|52.00|98.94|21.71|67.10|
|2016-11-17|52.00|98.94|21.83|67.40|
|2016-11-18|52.00|98.94|21.84|67.42|
|2016-11-19|52.00|98.94|21.82|67.37|
|2016-11-20|52.00|98.94|21.80|67.30|
|2016-11-21|52.00|98.94|21.83|67.40|
|2016-11-22|52.00|99.44|21.85|67.45|
|2016-11-23|52.00|99.94|21.83|67.38|
|2016-11-24|52.00|99.94|21.88|67.53|
|2016-11-25|52.00|99.94|21.88|67.55|
|2016-11-26|52.00|99.94|21.89|67.57|
|2016-11-27|52.00|99.94|21.87|67.51|
|2016-11-28|52.00|100.52|22.01|68.04|
|2016-11-29|52.00|101.11|22.09|68.33|
|2016-11-30|52.00|101.11|22.15|68.62|
|2016-12-01|52.00|101.11|22.17|68.67|
|2016-12-02|52.00|101.11|22.18|68.70|
|2016-12-03|52.00|101.11|22.15|68.60|
|2016-12-04|52.00|101.11|22.11|68.50|
|2016-12-05|52.00|101.11|22.16|68.64|
|2016-12-06|52.00|101.11|22.19|68.69|
|2016-12-07|52.00|101.11|22.17|68.66|
|2016-12-08|52.00|102.08|22.16|68.64|
|2016-12-09|52.00|102.08|22.17|68.66|
|2016-12-10|52.00|102.08|22.16|68.64|
|2016-12-11|52.00|102.08|22.13|68.55|
|2016-12-12|52.00|100.29|21.73|67.55|
|2016-12-13|52.00|100.29|21.76|67.61|
|2016-12-14|52.00|100.29|21.72|67.49|
|2016-12-15|52.00|100.29|21.85|67.68|
|2016-12-16|52.00|101.79|22.10|68.65|
|2016-12-17|52.00|101.79|22.12|68.65|
|2016-12-18|52.00|101.79|22.13|68.62|
|2016-12-19|52.00|101.79|22.24|68.94|
|2016-12-20|52.00|101.79|22.28|69.03|
|2016-12-21|52.00|101.79|22.29|69.04|
|2016-12-22|52.00|101.79|22.29|69.04|
|2016-12-23|52.00|102.29|22.36|69.17|
|2016-12-24|52.00|100.91|22.09|68.54|
|2016-12-25|52.00|100.91|22.08|68.51|
|2016-12-26|52.00|100.91|22.09|68.54|
|2016-12-27|52.00|100.91|22.11|68.58|
|2016-12-28|52.00|100.91|22.11|68.59|
|2016-12-29|52.00|100.91|22.11|68.60|
|2016-12-30|52.00|100.91|22.12|68.64|
|2016-12-31|52.00|100.91|22.10|68.61|
|2017-01-01|52.00|100.91|22.18|68.79|
|2017-01-02|52.00|100.91|22.17|68.77|
|2017-01-03|52.00|100.91|22.18|68.83|
|2017-01-04|52.00|100.91|22.21|68.86|
|2017-01-05|52.00|100.91|22.27|69.01|
|2017-01-06|52.00|100.91|22.22|68.85|
|2017-01-07|52.00|100.91|22.19|68.77|
|2017-01-08|52.00|100.91|22.17|68.72|
|2017-01-09|52.00|100.91|22.20|68.82|
|2017-01-10|52.00|100.91|22.23|68.91|
|2017-01-11|52.00|100.91|22.29|69.01|
|2017-01-12|52.00|100.91|22.25|68.88|
|2017-01-13|52.00|100.91|22.26|68.92|
|2017-01-14|52.00|100.91|22.24|68.87|
|2017-01-15|52.00|100.91|22.22|68.82|
|2017-01-16|52.00|100.91|22.24|68.91|
|2017-01-17|52.00|101.40|22.27|68.97|
|2017-01-18|52.00|101.40|22.33|69.18|
|2017-01-19|52.00|102.40|22.32|69.12|
|2017-01-20|52.00|102.40|22.37|69.23|
|2017-01-21|52.00|102.40|22.35|69.19|
|2017-01-22|52.00|102.40|22.33|69.13|
|2017-01-23|52.00|102.40|22.37|69.25|
|2017-01-24|52.00|102.40|22.44|69.39|
|2017-01-25|52.00|102.40|22.46|69.38|
|2017-01-26|52.00|102.40|22.50|69.42|
|2017-01-27|52.00|102.40|22.51|69.45|
|2017-01-28|52.00|102.40|22.48|69.41|
|2017-01-29|52.00|102.40|22.46|69.35|
|2017-01-30|52.00|102.40|22.49|69.43|
|2017-01-31|52.00|102.40|22.53|69.50|
|2017-02-01|52.00|102.40|22.60|69.68|
|2017-02-02|52.00|102.40|22.63|69.69|
|2017-02-03|52.00|102.40|22.65|69.74|
|2017-02-04|52.00|102.40|22.63|69.70|
|2017-02-05|52.00|102.93|22.60|69.64|
|2017-02-06|52.00|102.93|22.62|69.67|
|2017-02-07|52.00|102.93|22.64|69.74|
|2017-02-08|52.00|102.93|22.65|69.74|
|2017-02-09|52.00|102.93|22.66|69.75|
|2017-02-10|52.00|102.93|22.67|69.78|
|2017-02-11|52.00|102.93|22.64|69.70|
|2017-02-12|52.00|102.93|22.61|69.64|
|2017-02-13|52.00|102.93|22.65|69.74|
|2017-02-14|52.00|119.93|22.70|69.87|
|2017-02-15|52.00|119.93|22.70|69.86|
|2017-02-16|52.00|119.93|22.70|69.77|
|2017-02-17|52.00|119.93|22.70|69.76|
|2017-02-18|52.00|119.93|22.68|69.73|
|2017-02-19|52.00|119.93|22.68|69.77|
|2017-02-20|52.00|119.93|22.70|69.78|
|2017-02-21|52.00|119.93|22.78|70.06|
|2017-02-22|52.00|102.93|22.81|70.17|
|2017-02-23|52.00|102.93|22.73|69.94|
|2017-02-24|52.00|102.93|22.82|70.19|
|2017-02-25|52.00|102.93|22.77|70.06|
|2017-02-26|52.00|102.93|22.74|70.00|
|2017-02-27|52.00|102.93|22.73|69.94|
|2017-02-28|52.00|102.93|22.84|70.25|
|2017-03-01|52.00|102.93|22.90|70.44|
|2017-03-02|52.00|102.93|22.79|70.08|
|2017-03-03|52.00|102.93|22.87|70.34|
|2017-03-04|52.00|102.93|22.83|70.21|
|2017-03-05|52.00|102.93|22.80|70.14|
|2017-03-06|52.00|102.93|22.77|70.06|
|2017-03-07|52.00|102.93|22.86|70.32|
|2017-03-08|52.00|102.93|22.89|70.39|
|2017-03-09|52.00|104.88|22.86|70.27|
|2017-03-10|52.00|104.88|22.93|70.44|
|2017-03-11|52.00|102.01|22.29|68.36|
|2017-03-12|52.00|102.01|22.26|68.27|
|2017-03-13|52.00|102.01|22.30|68.38|
|2017-03-14|52.00|100.84|21.91|67.26|
|2017-03-15|52.00|100.84|21.91|67.31|
|2017-03-16|52.00|100.84|21.92|67.33|
|2017-03-17|52.00|91.37|18.88|58.12|
|2017-03-18|52.00|91.37|18.85|58.07|
|2017-03-19|52.00|91.37|18.82|57.98|
|2017-03-20|52.00|91.37|18.86|58.07|
|2017-03-21|52.00|92.37|18.89|58.14|
|2017-03-22|52.00|92.37|19.12|58.41|
|2017-03-23|52.00|92.37|19.15|58.49|
|2017-03-24|52.00|92.37|19.22|58.61|
|2017-03-25|52.00|92.37|19.23|58.59|
|2017-03-26|52.00|92.37|19.42|58.73|
|2017-03-27|52.00|92.37|19.48|58.85|
|2017-03-28|52.00|92.37|19.54|58.99|
|2017-03-29|52.00|92.37|19.56|59.02|
|2017-03-30|52.00|92.37|19.57|59.02|
|2017-03-31|52.00|93.37|19.58|59.06|
|2017-04-01|52.00|93.37|19.64|59.23|
|2017-04-02|52.00|93.37|19.56|59.00|
|2017-04-03|52.00|93.37|19.60|59.15|
|2017-04-04|52.00|93.37|19.64|59.24|
|2017-04-05|52.00|93.47|19.69|59.37|
|2017-04-06|52.00|93.47|19.71|59.36|
|2017-04-07|52.00|93.47|19.72|59.35|
|2017-04-08|52.00|93.47|19.70|59.32|
|2017-04-09|52.00|93.47|19.67|59.23|
|2017-04-10|52.00|93.47|19.72|59.38|
|2017-04-11|52.00|93.47|19.73|59.39|
|2017-04-12|52.00|93.47|19.74|59.42|
|2017-04-13|52.00|93.47|19.75|59.45|
|2017-04-14|52.00|93.47|19.75|59.46|
|2017-04-15|52.00|93.47|19.71|59.35|
|2017-04-16|52.00|93.47|19.70|59.32|
|2017-04-17|52.00|93.47|19.71|59.36|
|2017-04-18|52.00|93.47|19.75|59.45|
|2017-04-19|52.00|93.47|19.78|59.51|
|2017-04-20|52.00|93.47|19.79|59.53|
|2017-04-21|52.00|93.47|19.79|59.55|
|2017-04-22|52.00|93.47|19.76|59.49|
|2017-04-23|52.00|93.47|19.74|59.44|
|2017-04-24|52.00|93.47|19.77|59.51|
|2017-04-25|52.00|93.47|19.81|59.61|
|2017-04-26|52.00|93.47|19.81|59.63|
|2017-04-27|52.00|93.47|19.83|59.65|
|2017-04-28|52.00|93.47|19.83|59.65|
|2017-04-29|52.00|93.47|19.81|59.61|
|2017-04-30|52.00|93.47|19.77|59.50|
|2017-05-01|52.00|93.47|19.80|59.60|
|2017-05-02|52.00|93.47|19.85|59.71|
|2017-05-03|52.00|93.47|19.85|59.71|
|2017-05-04|52.00|93.47|19.87|59.76|
|2017-05-05|52.00|93.47|19.92|59.88|
|2017-05-06|52.00|80.11|15.79|45.26|
|2017-05-07|52.00|80.11|15.70|44.96|
|2017-05-08|52.00|80.11|15.74|45.08|
|2017-05-09|52.00|80.11|15.76|45.13|
|2017-05-10|52.00|81.11|15.77|45.16|
|2017-05-11|52.00|81.11|15.75|45.11|
|2017-05-12|52.00|81.11|15.80|45.26|
|2017-05-13|52.00|81.11|15.78|45.22|
|2017-05-14|52.00|81.11|15.76|45.18|
|2017-05-15|52.00|81.11|15.75|45.18|
|2017-05-16|52.00|81.11|15.80|45.32|
|2017-05-17|52.00|83.11|16.02|45.84|
|2017-05-18|52.00|91.11|16.68|46.97|
|2017-05-19|52.00|91.79|17.25|47.96|
|2017-05-20|52.00|91.79|17.74|48.85|
|2017-05-21|52.00|91.79|17.71|48.75|
|2017-05-22|52.00|91.79|17.75|48.87|
|2017-05-23|52.00|91.79|18.25|49.72|
|2017-05-24|52.00|92.79|20.49|53.33|
|2017-05-25|52.00|92.89|20.50|53.32|
|2017-05-26|52.00|92.89|20.50|53.32|
|2017-05-27|52.00|92.89|20.48|53.28|
|2017-05-28|52.00|92.89|20.46|53.21|
|2017-05-29|52.00|92.89|20.50|53.31|
|2017-05-30|52.00|92.89|20.53|53.36|
|2017-05-31|52.00|92.89|20.57|53.42|
|2017-06-01|52.00|92.89|20.67|53.59|
|2017-06-02|52.00|92.89|20.65|53.60|
|2017-06-03|52.00|92.89|20.71|53.66|
|2017-06-04|52.00|94.95|20.66|53.53|
|2017-06-05|52.00|94.95|20.73|53.70|
|2017-06-06|52.00|94.95|20.73|53.75|
|2017-06-07|52.00|94.95|20.78|53.82|
|2017-06-08|52.00|94.95|20.79|53.88|
|2017-06-09|52.00|97.95|20.86|53.96|
|2017-06-10|52.00|97.95|20.87|53.94|
|2017-06-11|52.00|97.95|20.83|53.86|
|2017-06-12|52.00|97.95|20.88|53.95|
|2017-06-13|52.00|97.95|20.94|54.05|
|2017-06-14|52.00|97.99|20.96|54.16|
|2017-06-15|52.00|97.99|20.97|54.20|
|2017-06-16|52.00|97.99|20.98|54.20|
|2017-06-17|52.00|97.99|20.98|54.19|
|2017-06-18|52.00|97.99|20.95|54.09|
|2017-06-19|52.00|97.99|21.00|54.21|
|2017-06-20|52.00|97.99|21.02|54.30|
|2017-06-21|52.00|97.99|21.05|54.37|
|2017-06-22|52.00|97.99|21.07|54.37|
|2017-06-23|52.00|97.99|21.08|54.40|
|2017-06-24|52.00|97.99|21.07|54.35|
|2017-06-25|52.00|97.99|21.04|54.28|
|2017-06-26|52.00|97.99|21.07|54.40|
|2017-06-27|52.00|98.96|21.12|54.50|
|2017-06-28|52.00|98.96|21.25|54.70|
|2017-06-29|52.00|98.96|21.29|55.02|
|2017-06-30|52.00|96.36|21.25|54.97|
|2017-07-01|52.00|96.36|21.32|55.10|
|2017-07-02|52.00|96.36|21.27|54.93|
|2017-07-03|52.00|96.36|21.34|55.15|
|2017-07-04|52.00|96.36|21.38|55.26|
|2017-07-05|52.00|95.58|21.32|55.23|
|2017-07-06|52.00|95.58|21.37|55.24|
|2017-07-07|52.00|95.58|21.38|55.25|
|2017-07-08|52.00|95.58|21.37|55.21|
|2017-07-09|52.00|95.58|21.35|55.14|
|2017-07-10|52.00|95.58|21.41|55.31|
|2017-07-11|52.00|95.58|21.42|55.33|
|2017-07-12|52.00|95.58|21.42|55.34|
|2017-07-13|52.00|95.58|21.44|55.39|
|2017-07-14|52.00|95.58|21.40|55.38|
|2017-07-15|52.00|95.58|21.40|55.38|
|2017-07-16|52.00|95.58|21.41|55.59|
|2017-07-17|52.00|95.58|21.44|55.44|
|2017-07-18|52.00|95.58|21.47|55.50|
|2017-07-19|52.00|96.58|21.46|55.47|
|2017-07-20|52.00|96.58|21.56|56.10|
|2017-07-21|52.00|96.58|21.59|56.17|
|2017-07-22|52.00|96.58|21.80|56.96|
|2017-07-23|52.00|96.58|21.67|56.20|
|2017-07-24|52.00|96.58|21.73|56.34|
|2017-07-25|52.00|96.58|21.85|56.58|
|2017-07-26|52.00|96.68|21.87|56.57|
|2017-07-27|52.00|97.93|21.87|56.60|
|2017-07-28|52.00|97.93|21.90|56.71|
|2017-07-29|52.00|97.93|22.07|57.06|
|2017-07-30|52.00|97.93|22.06|57.02|
|2017-07-31|52.00|97.93|22.10|57.11|
|2017-08-01|52.00|96.71|21.88|56.65|
|2017-08-02|52.00|96.71|21.87|56.64|
|2017-08-03|52.00|96.71|21.88|56.64|
|2017-08-04|52.00|96.71|21.87|56.60|
|2017-08-05|52.00|96.72|21.87|56.60|
|2017-08-06|52.00|96.72|21.82|56.47|
|2017-08-07|52.00|96.72|21.86|56.60|
|2017-08-08|52.00|96.72|21.90|56.66|
|2017-08-09|52.00|96.72|21.91|56.68|
|2017-08-10|52.00|96.72|21.93|56.68|
|2017-08-11|52.00|96.72|21.89|56.57|
|2017-08-12|52.00|96.72|21.95|56.72|
|2017-08-13|52.00|96.72|21.89|56.60|
|2017-08-14|52.00|96.72|21.96|56.77|
|2017-08-15|52.00|96.72|21.96|56.78|
|2017-08-16|52.00|96.72|21.97|56.80|
|2017-08-17|52.00|96.72|21.99|56.84|
|2017-08-18|52.00|96.72|22.00|56.84|
|2017-08-19|52.00|96.72|21.99|56.85|
|2017-08-20|52.00|96.72|21.96|56.76|
|2017-08-21|52.00|96.72|21.99|56.83|
|2017-08-22|52.00|96.72|22.02|56.88|
|2017-08-23|52.00|96.72|22.02|56.87|
|2017-08-24|52.00|96.72|22.04|56.95|
|2017-08-25|52.00|96.72|22.04|56.92|
|2017-08-26|52.00|96.72|22.02|56.87|
|2017-08-27|52.00|96.72|21.99|56.79|
|2017-08-28|52.00|96.72|22.04|56.90|
|2017-08-29|52.00|96.72|22.05|56.94|
|2017-08-30|52.00|96.72|22.06|56.96|
|2017-08-31|52.00|96.72|22.07|57.01|
|2017-09-01|52.00|96.72|22.11|57.17|
|2017-09-02|52.00|96.72|22.07|57.07|
|2017-09-03|52.00|96.72|22.01|56.91|
|2017-09-04|52.00|96.72|22.06|57.04|
|2017-09-05|52.00|96.72|22.12|57.24|
|2017-09-06|52.00|96.72|22.07|57.11|
|2017-09-07|52.00|96.72|22.07|57.10|
|2017-09-08|52.00|98.72|22.07|57.11|
|2017-09-09|52.00|98.72|22.12|57.14|
|2017-09-10|52.00|98.72|22.12|57.12|
|2017-09-11|52.00|98.72|22.15|57.23|
|2017-09-12|52.00|98.72|22.18|57.27|
|2017-09-13|52.00|98.72|22.18|57.31|
|2017-09-14|52.00|98.72|22.20|57.34|
|2017-09-15|52.00|98.72|22.24|57.50|
|2017-09-16|52.00|98.72|22.23|57.50|
|2017-09-17|52.00|98.72|22.21|57.41|
|2017-09-18|52.00|98.72|22.25|57.55|
|2017-09-19|52.00|99.72|22.28|57.64|
|2017-09-20|52.00|99.72|22.35|57.76|
|2017-09-21|52.00|103.22|22.90|60.20|
|2017-09-22|52.00|106.19|23.88|62.48|
|2017-09-23|52.00|105.99|23.87|62.47|
|2017-09-24|52.00|105.99|23.85|62.41|
|2017-09-25|52.00|105.99|23.91|62.56|
|2017-09-26|52.00|103.81|23.28|61.00|
|2017-09-27|52.00|103.81|23.29|61.04|
|2017-09-28|52.00|106.81|23.44|61.28|
|2017-09-29|52.00|106.81|23.43|61.30|
|2017-09-30|52.00|106.81|23.45|61.30|
|2017-10-01|52.00|106.81|23.43|61.27|
|2017-10-02|52.00|106.81|23.46|61.33|
|2017-10-03|52.00|106.81|23.50|61.41|
|2017-10-04|52.00|102.72|23.02|60.33|
|2017-10-05|52.00|102.72|23.18|60.46|
|2017-10-06|52.00|102.72|23.33|60.60|
|2017-10-07|52.00|102.72|23.39|60.61|
|2017-10-08|52.00|102.72|23.45|60.61|
|2017-10-09|52.00|102.72|23.52|60.76|
|2017-10-10|52.00|102.72|23.67|60.94|
|2017-10-11|52.00|103.11|23.73|61.02|
|2017-10-12|52.00|103.11|23.82|61.17|
|2017-10-13|52.00|103.11|23.80|61.11|
|2017-10-14|52.00|103.11|23.89|61.18|
|2017-10-15|52.00|103.11|23.87|61.12|
|2017-10-16|52.00|103.11|23.92|61.25|
|2017-10-17|52.00|103.11|23.94|61.31|
|2017-10-18|52.00|103.11|23.91|61.27|
|2017-10-19|52.00|103.11|23.91|61.28|
|2017-10-20|52.00|103.11|23.93|61.32|
|2017-10-21|52.00|104.25|23.94|61.32|
|2017-10-22|52.00|104.25|23.93|61.28|
|2017-10-23|52.00|104.25|23.97|61.41|
|2017-10-24|52.00|106.81|24.96|63.70|
|2017-10-25|52.00|106.81|25.15|64.13|
|2017-10-26|52.00|106.81|25.16|64.15|
|2017-10-27|52.00|106.81|25.18|64.15|
|2017-10-28|52.00|106.95|25.17|64.10|
|2017-10-29|52.00|106.95|25.14|64.05|
|2017-10-30|52.00|106.95|25.18|64.15|
|2017-10-31|52.00|106.95|25.24|64.29|
|2017-11-01|52.00|106.95|25.26|64.32|
|2017-11-02|52.00|106.95|25.25|64.31|
|2017-11-03|52.00|107.95|25.20|64.13|
|2017-11-04|52.00|107.95|25.25|64.31|
|2017-11-05|52.00|107.95|25.28|64.26|
|2017-11-06|52.00|107.95|25.33|64.45|
|2017-11-07|52.00|107.95|25.37|64.50|
|2017-11-08|52.00|107.95|25.35|64.48|
|2017-11-09|52.00|107.95|25.36|64.49|
|2017-11-10|52.00|107.95|25.38|64.52|
|2017-11-11|52.00|107.95|25.37|64.50|
|2017-11-12|52.00|107.95|25.33|64.43|
|2017-11-13|52.00|107.95|25.38|64.54|
|2017-11-14|52.00|107.95|25.41|64.60|
|2017-11-15|52.00|107.95|25.42|64.56|
|2017-11-16|52.00|107.95|25.43|64.57|
|2017-11-17|52.00|107.95|25.48|64.62|
|2017-11-18|52.00|108.83|25.46|64.73|
|2017-11-19|52.00|108.83|25.44|64.67|
|2017-11-20|52.00|108.83|25.50|64.87|
|2017-11-21|52.00|108.83|25.51|64.87|
|2017-11-22|52.00|108.83|25.55|64.97|
|2017-11-23|52.00|108.83|25.70|64.98|
|2017-11-24|52.00|108.83|25.77|65.14|
|2017-11-25|52.00|108.83|25.87|65.27|
|2017-11-26|52.00|108.83|25.81|65.02|
|2017-11-27|52.00|108.83|25.79|64.97|
|2017-11-28|52.00|108.83|25.81|65.01|
|2017-11-29|52.00|108.83|25.83|65.01|
|2017-11-30|52.00|108.83|25.89|65.11|
|2017-12-01|52.00|108.83|25.95|65.26|
|2017-12-02|52.00|108.83|25.90|65.15|
|2017-12-03|52.00|108.83|25.87|65.06|
|2017-12-04|52.00|108.83|25.99|65.26|
|2017-12-05|52.00|108.83|26.03|65.35|
|2017-12-06|52.00|108.83|26.02|65.34|
|2017-12-07|52.00|108.83|26.02|65.33|
|2017-12-08|52.00|108.83|26.00|65.28|
|2017-12-09|52.00|108.83|25.99|65.27|
|2017-12-10|52.00|108.83|25.97|65.23|
|2017-12-11|52.00|108.83|26.00|65.29|
|2017-12-12|52.00|108.83|26.02|65.36|
|2017-12-13|52.00|108.83|26.04|65.40|
|2017-12-14|52.00|108.83|26.05|65.42|
|2017-12-15|52.00|108.83|26.04|65.39|
|2017-12-16|52.00|108.83|26.01|65.34|
|2017-12-17|52.00|108.83|26.00|65.29|
|2017-12-18|52.00|108.83|26.03|65.37|
|2017-12-19|52.00|108.83|26.04|65.40|
|2017-12-20|52.00|108.83|26.05|65.44|
|2017-12-21|52.00|108.83|26.05|65.44|
|2017-12-22|52.00|108.83|26.05|65.44|
|2017-12-23|52.00|108.83|26.04|65.39|
|2017-12-24|52.00|108.83|26.08|65.38|
|2017-12-25|52.00|108.83|26.07|65.43|
|2017-12-26|52.00|108.83|26.09|65.48|
|2017-12-27|52.00|108.83|26.12|65.51|
|2017-12-28|52.00|108.83|26.12|65.52|
|2017-12-29|52.00|108.83|26.14|65.55|
|2017-12-30|52.00|108.83|26.12|65.49|
|2017-12-31|52.00|108.83|26.10|65.46|
|2018-01-01|52.00|108.83|26.18|65.71|
|2018-01-02|52.00|108.83|26.28|65.79|
|2018-01-03|52.00|108.83|26.29|65.82|
|2018-01-04|52.00|109.83|26.23|65.64|
|2018-01-05|52.00|109.83|26.29|65.83|
|2018-01-06|52.00|109.83|26.25|65.69|
|2018-01-07|52.00|109.83|26.22|65.60|
|2018-01-08|52.00|109.83|26.26|65.73|
|2018-01-09|52.00|109.83|26.28|65.78|
|2018-01-10|52.00|109.83|26.30|65.83|
|2018-01-11|52.00|109.83|26.30|65.89|
|2018-01-12|52.00|109.83|26.30|65.86|
|2018-01-13|52.00|109.83|26.28|65.80|
|2018-01-14|52.00|109.83|26.24|65.72|
|2018-01-15|52.00|109.83|26.30|65.86|
|2018-01-16|52.00|109.83|26.32|65.89|
|2018-01-17|52.00|110.32|26.33|65.90|
|2018-01-18|52.00|110.32|26.35|65.92|
|2018-01-19|52.00|110.32|26.36|65.93|
|2018-01-20|52.00|110.32|26.34|65.89|
|2018-01-21|52.00|110.32|26.31|65.82|
|2018-01-22|52.00|110.32|26.39|66.04|
|2018-01-23|52.00|110.32|26.57|66.66|
|2018-01-24|52.00|110.32|26.45|66.08|
|2018-01-25|52.00|110.32|26.43|66.00|
|2018-01-26|52.00|110.72|26.54|66.27|
|2018-01-27|52.00|114.24|26.51|66.17|
|2018-01-28|52.00|114.24|26.47|66.05|
|2018-01-29|52.00|114.24|26.52|66.24|
|2018-01-30|52.00|114.24|26.55|66.40|
|2018-01-31|52.00|114.24|26.55|66.37|
|2018-02-01|52.00|114.24|26.60|66.54|
|2018-02-02|52.00|114.24|26.60|66.62|
|2018-02-03|52.00|114.24|26.55|66.48|
|2018-02-04|52.00|114.24|27.65|69.02|
|2018-02-05|52.00|114.24|27.73|69.23|
|2018-02-06|52.00|114.24|27.74|69.22|
|2018-02-07|52.00|114.24|27.73|69.21|
|2018-02-08|52.00|114.24|27.78|69.32|
|2018-02-09|52.00|114.24|27.76|69.29|
|2018-02-10|52.00|89.31|21.10|47.69|
|2018-02-11|52.00|89.31|21.06|47.58|
|2018-02-12|52.00|89.31|21.10|47.68|
|2018-02-13|52.00|89.31|21.12|47.73|
|2018-02-14|52.00|89.31|21.12|47.73|
|2018-02-15|52.00|89.31|21.10|47.63|
|2018-02-16|52.00|89.31|21.13|47.69|
|2018-02-17|52.00|89.31|21.13|47.71|
|2018-02-18|52.00|89.31|21.18|47.84|
|2018-02-19|52.00|89.31|21.10|47.70|
|2018-02-20|52.00|89.31|21.19|47.97|
|2018-02-21|52.00|89.31|21.38|48.59|
|2018-02-22|52.00|89.31|21.38|48.57|
|2018-02-23|52.00|89.31|21.24|48.08|
|2018-02-24|52.00|89.31|21.20|47.99|
|2018-02-25|52.00|89.31|21.18|47.91|
|2018-02-26|52.00|89.31|21.15|47.84|
|2018-02-27|52.00|89.31|21.24|48.09|
|2018-02-28|52.00|89.31|21.34|48.24|
|2018-03-01|52.00|89.31|21.37|48.32|
|2018-03-02|52.00|89.31|21.40|48.41|
|2018-03-03|52.00|89.31|21.34|48.21|
|2018-03-04|52.00|89.31|21.30|48.09|
|2018-03-05|52.00|89.31|21.30|48.06|
|2018-03-06|52.00|89.31|21.40|48.32|
|2018-03-07|52.00|89.31|21.39|48.35|
|2018-03-08|52.00|89.31|21.38|48.33|
|2018-03-09|52.00|89.31|21.39|48.38|
|2018-03-10|52.00|89.31|21.38|48.32|
|2018-03-11|52.00|89.31|21.33|48.19|
|2018-03-12|52.00|89.31|21.37|48.32|
|2018-03-13|52.00|89.31|21.44|48.48|
|2018-03-14|52.00|86.12|20.41|45.97|
|2018-03-15|52.00|86.12|20.43|46.00|
|2018-03-16|52.00|86.12|20.44|46.02|
|2018-03-17|52.00|86.12|20.41|45.96|
|2018-03-18|52.00|86.12|20.37|45.90|
|2018-03-19|52.00|86.12|20.46|46.04|
|2018-03-20|52.00|86.12|20.48|46.15|
|2018-03-21|52.00|86.12|20.45|46.10|
|2018-03-22|52.00|86.38|20.48|46.11|
|2018-03-23|52.00|86.38|20.58|46.23|
|2018-03-24|52.00|86.38|20.55|46.18|
|2018-03-25|52.00|86.38|20.51|46.10|
|2018-03-26|52.00|86.38|20.53|46.15|
|2018-03-27|52.00|86.38|20.67|46.56|
|2018-03-28|52.00|86.38|20.67|46.55|
|2018-03-29|52.00|86.38|20.67|46.54|
|2018-03-30|52.00|86.38|20.67|46.52|
|2018-03-31|52.00|86.38|20.63|46.43|
|2018-04-01|52.00|86.38|20.64|46.49|
|2018-04-02|52.00|86.38|20.60|46.43|
|2018-04-03|52.00|86.38|20.72|46.74|
|2018-04-04|52.00|86.38|20.81|46.83|
|2018-04-05|52.00|86.38|20.94|47.27|
|2018-04-06|52.00|86.38|21.01|47.34|
|2018-04-07|52.00|86.38|20.85|46.73|
|2018-04-08|52.00|86.38|20.82|46.66|
|2018-04-09|52.00|86.38|20.82|46.65|
|2018-04-10|52.00|86.38|20.96|47.04|
|2018-04-11|52.00|86.38|20.95|47.09|
|2018-04-12|52.00|86.38|20.99|47.16|
|2018-04-13|52.00|86.38|20.98|47.10|
|2018-04-14|52.00|86.38|20.96|47.05|
|2018-04-15|52.00|86.38|20.93|46.96|
|2018-04-16|52.00|86.38|20.94|47.00|
|2018-04-17|52.00|86.38|21.03|47.25|
|2018-04-18|52.00|86.38|21.06|47.27|
|2018-04-19|52.00|86.38|21.08|47.31|
|2018-04-20|52.00|84.84|20.81|46.62|
|2018-04-21|52.00|84.84|20.77|46.57|
|2018-04-22|52.00|84.84|20.74|46.49|
|2018-04-23|52.00|84.84|20.74|46.48|
|2018-04-24|52.00|84.84|20.82|46.72|
|2018-04-25|52.00|84.84|20.83|46.75|
|2018-04-26|52.00|84.90|20.88|46.82|
|2018-04-27|52.00|84.90|20.85|46.73|
|2018-04-28|52.00|84.90|20.83|46.68|
|2018-04-29|52.00|84.90|20.80|46.64|
|2018-04-30|52.00|84.90|20.83|46.71|
|2018-05-01|52.00|84.90|20.86|46.83|
|2018-05-02|52.00|84.90|20.89|46.93|
|2018-05-03|52.00|84.90|20.90|46.93|
|2018-05-04|52.00|84.90|20.91|46.95|
|2018-05-05|52.00|84.90|20.89|46.92|
|2018-05-06|52.00|84.90|20.83|46.73|
|2018-05-07|52.00|84.90|20.88|46.89|
|2018-05-08|52.00|84.90|20.93|46.93|
|2018-05-09|52.00|84.90|20.92|46.91|
|2018-05-10|52.00|84.90|20.93|46.94|
|2018-05-11|52.00|84.90|20.95|47.00|
|2018-05-12|52.00|84.90|20.92|46.92|
|2018-05-13|52.00|84.90|20.88|46.81|
|2018-05-14|52.00|84.90|20.94|47.02|
|2018-05-15|52.00|84.90|20.96|47.05|
|2018-05-16|52.00|84.90|20.46|46.53|
|2018-05-17|52.00|84.90|20.44|46.48|
|2018-05-18|52.00|84.90|20.44|46.50|
|2018-05-19|52.00|84.90|20.42|46.43|
|2018-05-20|52.00|84.90|20.39|46.36|
|2018-05-21|52.00|84.90|20.48|46.59|
|2018-05-22|52.00|84.90|20.48|46.57|
|2018-05-23|52.00|84.90|20.54|46.73|
|2018-05-24|52.00|84.90|20.52|46.66|
|2018-05-25|52.00|84.90|20.53|46.71|
|2018-05-26|52.00|84.90|20.48|46.60|
|2018-05-27|52.00|84.90|20.44|46.53|
|2018-05-28|52.00|84.90|20.49|46.67|
|2018-05-29|52.00|84.90|20.52|46.74|
|2018-05-30|52.00|84.90|20.53|46.73|
|2018-05-31|52.00|84.90|20.54|46.77|
|2018-06-01|52.00|84.90|20.59|46.89|
|2018-06-02|52.00|84.90|20.54|46.79|
|2018-06-03|52.00|84.90|20.49|46.64|
|2018-06-04|52.00|84.90|20.56|46.81|
|2018-06-05|52.00|84.90|20.61|46.99|
|2018-06-06|52.00|84.90|20.62|46.98|
|2018-06-07|52.00|84.90|20.59|46.88|
|2018-06-08|52.00|84.90|20.59|46.88|
|2018-06-09|52.00|84.90|20.56|46.85|
|2018-06-10|52.00|84.90|20.54|46.79|
|2018-06-11|52.00|84.90|20.66|47.02|
|2018-06-12|52.00|84.90|20.68|47.08|
|2018-06-13|52.00|84.90|20.70|47.13|
|2018-06-14|52.00|84.90|20.71|47.18|
|2018-06-15|52.00|84.90|20.69|47.13|
|2018-06-16|52.00|84.90|20.67|47.07|
|2018-06-17|52.00|84.90|20.64|46.99|
|2018-06-18|52.00|84.90|20.68|47.11|
|2018-06-19|52.00|84.90|20.71|47.20|
|2018-06-20|52.00|84.90|20.71|47.20|
|2018-06-21|52.00|84.90|20.71|47.21|
|2018-06-22|52.00|84.90|20.64|47.24|
|2018-06-23|52.00|84.90|20.62|47.17|
|2018-06-24|52.00|84.90|20.60|47.16|
|2018-06-25|52.00|84.90|20.64|47.29|
|2018-06-26|52.00|84.90|20.67|47.34|
|2018-06-27|52.00|84.90|20.68|47.35|
|2018-06-28|52.00|84.90|20.67|47.43|
|2018-06-29|52.00|84.90|20.70|47.42|
|2018-06-30|52.00|84.90|20.68|47.38|
|2018-07-01|52.00|84.90|20.66|47.35|
|2018-07-02|52.00|84.90|20.71|47.46|
|2018-07-03|52.00|84.90|20.75|47.55|
|2018-07-04|52.00|84.90|20.76|47.59|
|2018-07-05|52.00|85.90|20.64|47.25|
|2018-07-06|52.00|85.90|20.74|47.55|
|2018-07-07|52.00|85.90|20.71|47.47|
|2018-07-08|52.00|85.90|20.69|47.38|
|2018-07-09|52.00|85.90|20.75|47.57|
|2018-07-10|52.00|85.90|20.78|47.61|
|2018-07-11|52.00|85.90|20.84|47.71|
|2018-07-12|52.00|85.90|20.90|47.70|
|2018-07-13|52.00|85.90|20.92|47.76|
|2018-07-14|52.00|85.90|20.84|47.69|
|2018-07-15|52.00|85.90|20.80|47.62|
|2018-07-16|52.00|85.90|20.85|47.75|
|2018-07-17|52.00|86.66|20.88|47.77|
|2018-07-18|52.00|86.66|20.88|47.79|
|2018-07-19|52.00|86.66|20.92|47.82|
|2018-07-20|52.00|86.66|20.95|47.86|
|2018-07-21|52.00|87.16|20.94|47.84|
|2018-07-22|52.00|87.16|20.90|47.74|
|2018-07-23|52.00|87.16|20.95|47.89|
|2018-07-24|52.00|87.16|20.99|47.95|
|2018-07-25|52.00|89.92|21.93|50.37|
|2018-07-26|52.00|89.92|21.96|50.40|
|2018-07-27|52.00|89.92|21.98|50.45|
|2018-07-28|52.00|90.02|22.00|50.45|
|2018-07-29|52.00|90.02|21.97|50.38|
|2018-07-30|52.00|90.02|22.03|50.52|
|2018-07-31|52.00|90.02|22.04|50.58|
|2018-08-01|52.00|90.02|22.11|50.72|
|2018-08-02|52.00|92.36|22.21|50.84|
|2018-08-03|52.00|92.36|22.68|52.08|
|2018-08-04|52.00|88.17|21.50|49.22|
|2018-08-05|52.00|88.17|21.49|49.18|
|2018-08-06|52.00|88.17|21.52|49.24|
|2018-08-07|52.00|88.17|21.54|49.30|
|2018-08-08|52.00|88.17|21.55|49.32|
|2018-08-09|52.00|88.17|21.62|49.36|
|2018-08-10|52.00|88.17|21.65|49.41|
|2018-08-11|52.00|88.17|21.64|49.37|
|2018-08-12|52.00|88.30|21.63|49.32|
|2018-08-13|52.00|88.30|21.67|49.47|
|2018-08-14|52.00|88.30|21.76|49.56|
|2018-08-15|52.00|88.30|21.74|49.51|
|2018-08-16|52.00|88.30|21.75|49.59|
|2018-08-17|52.00|88.30|21.77|49.65|
|2018-08-18|52.00|88.30|21.75|49.57|
|2018-08-19|52.00|88.30|21.73|49.51|
|2018-08-20|52.00|88.30|21.79|49.66|
|2018-08-21|52.00|88.30|21.80|49.74|
|2018-08-22|52.00|88.30|21.85|49.85|
|2018-08-23|52.00|88.30|21.91|50.02|
|2018-08-24|52.00|88.30|21.89|49.96|
|2018-08-25|52.00|88.80|21.87|49.93|
|2018-08-26|52.00|88.80|21.84|49.87|
|2018-08-27|52.00|88.80|21.88|50.00|
|2018-08-28|52.00|88.80|21.91|50.06|
|2018-08-29|52.00|88.80|21.95|50.10|
|2018-08-30|52.00|88.80|21.95|50.10|
|2018-08-31|52.00|88.80|21.99|50.16|
|2018-09-01|52.00|88.80|22.02|50.21|
|2018-09-02|52.00|88.80|21.99|50.10|
|2018-09-03|52.00|88.80|22.04|50.24|
|2018-09-04|52.00|88.80|22.08|50.33|
|2018-09-05|52.00|88.80|22.09|50.38|
|2018-09-06|52.00|88.80|22.07|50.33|
|2018-09-07|52.00|88.80|22.06|50.33|
|2018-09-08|52.00|88.80|22.02|50.26|
|2018-09-09|52.00|88.80|21.98|50.18|
|2018-09-10|52.00|88.80|22.05|50.34|
|2018-09-11|52.00|88.80|22.07|50.37|
|2018-09-12|52.00|88.80|22.07|50.39|
|2018-09-13|52.00|88.80|22.11|50.40|
|2018-09-14|52.00|92.80|22.74|51.13|
|2018-09-15|52.00|92.80|22.72|51.10|
|2018-09-16|52.00|92.80|22.68|51.02|
|2018-09-17|52.00|92.80|22.73|51.14|
|2018-09-18|52.00|92.80|22.77|51.17|
|2018-09-19|52.00|92.80|22.78|51.20|
|2018-09-20|52.00|92.80|22.86|51.28|
|2018-09-21|52.00|92.80|22.92|51.34|
|2018-09-22|52.00|92.80|22.99|51.44|
|2018-09-23|52.00|92.80|23.02|51.42|
|2018-09-24|52.00|92.80|23.15|51.64|
|2018-09-25|52.00|92.80|23.40|51.94|
|2018-09-26|52.00|92.80|23.45|52.01|
|2018-09-27|52.00|92.80|23.75|52.36|
|2018-09-28|52.00|92.80|23.79|52.43|
|2018-09-29|52.00|92.80|23.82|52.43|
|2018-09-30|52.00|92.80|23.83|52.41|
|2018-10-01|52.00|92.80|23.95|52.71|
|2018-10-02|52.00|92.80|24.10|52.89|
|2018-10-03|52.00|92.80|24.14|52.96|
|2018-10-04|52.00|92.80|24.20|52.99|
|2018-10-05|52.00|92.80|24.35|53.23|
|2018-10-06|52.00|92.80|24.49|53.35|
|2018-10-07|52.00|92.80|24.50|53.34|
|2018-10-08|52.00|92.80|24.60|53.56|
|2018-10-09|52.00|92.80|24.72|53.67|
|2018-10-10|52.00|92.80|24.79|53.80|
|2018-10-11|52.00|93.80|24.71|53.56|
|2018-10-12|52.00|93.80|24.82|53.93|
|2018-10-13|52.00|93.80|24.78|53.76|
|2018-10-14|52.00|93.80|24.77|53.71|
|2018-10-15|52.00|93.80|24.84|53.88|
|2018-10-16|52.00|93.80|24.88|53.95|
|2018-10-17|52.00|93.80|24.92|53.99|
|2018-10-18|52.00|93.80|24.94|54.03|
|2018-10-19|52.00|93.80|24.97|54.06|
|2018-10-20|52.00|93.80|24.96|54.02|
|2018-10-21|52.00|93.80|25.00|54.04|
|2018-10-22|52.00|93.80|25.08|54.17|
|2018-10-23|52.00|93.80|25.10|54.25|
|2018-10-24|52.00|93.80|25.13|54.29|
|2018-10-25|52.00|93.80|25.13|54.31|
|2018-10-26|52.00|93.80|25.12|54.34|
|2018-10-27|52.00|93.80|25.10|54.30|
|2018-10-28|52.00|93.80|25.08|54.22|
|2018-10-29|52.00|93.80|25.13|54.35|
|2018-10-30|52.00|93.80|25.14|54.37|
|2018-10-31|52.00|89.80|22.51|51.38|
|2018-11-01|52.00|89.80|22.52|51.44|
|2018-11-02|52.00|89.80|22.56|51.49|
|2018-11-03|52.00|89.80|22.55|51.45|
|2018-11-04|52.00|89.80|22.51|51.34|
|2018-11-05|52.00|89.80|22.63|51.70|
|2018-11-06|52.00|89.80|22.63|51.70|
|2018-11-07|52.00|89.80|22.62|51.73|
|2018-11-08|52.00|89.80|22.62|51.73|
|2018-11-09|52.00|89.80|22.62|51.77|
|2018-11-10|52.00|89.80|22.61|51.77|
|2018-11-11|52.00|89.80|22.57|51.67|
|2018-11-12|52.00|89.80|22.62|51.78|
|2018-11-13|52.00|89.80|22.66|51.85|
|2018-11-14|52.00|89.80|22.65|51.84|
|2018-11-15|52.00|89.80|22.67|51.88|
|2018-11-16|52.00|89.80|22.69|51.96|
|2018-11-17|52.00|89.80|22.69|51.90|
|2018-11-18|52.00|89.80|22.67|51.85|
|2018-11-19|52.00|89.80|22.72|51.99|
|2018-11-20|52.00|89.80|22.75|52.02|
|2018-11-21|52.00|89.80|22.77|52.02|
|2018-11-22|52.00|89.80|22.77|52.04|
|2018-11-23|52.00|89.80|22.77|52.05|
|2018-11-24|52.00|89.80|22.75|51.99|
|2018-11-25|52.00|89.80|22.71|51.91|
|2018-11-26|52.00|89.80|22.77|52.06|
|2018-11-27|52.00|89.80|22.79|52.10|
|2018-11-28|52.00|89.80|22.83|52.18|
|2018-11-29|52.00|90.80|22.80|52.16|
|2018-11-30|52.00|90.80|22.82|52.20|
|2018-12-01|52.00|90.80|22.86|52.27|
|2018-12-02|52.00|90.80|22.81|52.10|
|2018-12-03|52.00|91.80|22.77|51.99|
|2018-12-04|52.00|91.80|22.94|52.43|
|2018-12-05|52.00|91.80|22.99|52.54|
|2018-12-06|52.00|91.80|23.10|52.82|
|2018-12-07|52.00|91.80|23.02|52.51|
|2018-12-08|52.00|91.80|23.00|52.51|
|2018-12-09|52.00|91.80|22.98|52.42|
|2018-12-10|52.00|91.80|23.04|52.66|
|2018-12-11|52.00|91.80|23.07|52.71|
|2018-12-12|52.00|91.80|23.06|52.71|
|2018-12-13|52.00|91.80|23.06|52.72|
|2018-12-14|52.00|91.80|23.07|52.69|
|2018-12-15|52.00|91.80|23.05|52.62|
|2018-12-16|52.00|91.80|23.03|52.56|
|2018-12-17|52.00|91.80|23.08|52.67|
|2018-12-18|52.00|91.80|23.12|52.71|
|2018-12-19|52.00|91.80|23.13|52.74|
|2018-12-20|52.00|91.80|23.11|52.69|
|2018-12-21|52.00|91.80|23.13|52.75|
|2018-12-22|52.00|91.80|23.12|52.75|
|2018-12-23|52.00|91.80|23.07|52.61|
|2018-12-24|52.00|91.80|23.08|52.65|
|2018-12-25|52.00|91.80|23.08|52.65|
|2018-12-26|52.00|91.80|23.09|52.68|
|2018-12-27|52.00|91.80|23.13|52.71|
|2018-12-28|52.00|91.80|23.14|52.74|
|2018-12-29|52.00|91.80|23.12|52.71|
|2018-12-30|52.00|91.80|23.10|52.68|
|2018-12-31|52.00|91.80|23.11|52.75|
|2019-01-01|52.00|91.80|23.17|52.95|
|2019-01-02|52.00|91.80|23.20|52.96|
|2019-01-03|52.00|91.80|23.23|53.03|
|2019-01-04|52.00|91.80|23.22|52.98|
|2019-01-05|52.00|91.80|23.21|52.95|
|2019-01-06|52.00|91.80|23.15|52.79|
|2019-01-07|52.00|91.80|23.21|52.94|
|2019-01-08|52.00|91.80|23.24|53.03|
|2019-01-09|52.00|91.80|23.21|53.02|
|2019-01-10|52.00|113.80|29.33|74.00|
|2019-01-11|52.00|113.80|29.34|73.99|
|2019-01-12|52.00|113.80|29.32|73.93|
|2019-01-13|52.00|113.80|29.29|73.86|
|2019-01-14|52.00|113.80|29.37|74.09|
|2019-01-15|52.00|113.80|29.39|74.13|
|2019-01-16|52.00|113.80|29.36|74.11|
|2019-01-17|52.00|113.80|29.37|74.19|
|2019-01-18|52.00|113.90|29.37|74.20|
|2019-01-19|52.00|113.90|29.34|74.14|
|2019-01-20|52.00|113.90|29.31|74.07|
|2019-01-21|52.00|113.90|29.37|74.20|
|2019-01-22|52.00|113.90|29.42|74.35|
|2019-01-23|52.00|113.90|29.44|74.41|
|2019-01-24|52.00|113.90|29.43|74.37|
|2019-01-25|52.00|114.38|29.38|74.38|
|2019-01-26|52.00|114.38|29.35|74.38|
|2019-01-27|52.00|114.38|29.33|74.30|
|2019-01-28|52.00|114.38|29.39|74.46|
|2019-01-29|52.00|115.38|29.37|74.35|
|2019-01-30|52.00|115.38|29.65|75.01|
|2019-01-31|52.00|115.38|29.79|74.98|
|2019-02-01|52.00|115.38|29.79|75.05|
|2019-02-02|52.00|115.38|29.77|75.00|
|2019-02-03|52.00|115.38|29.70|74.81|
|2019-02-04|52.00|115.38|29.62|74.98|
|2019-02-05|52.00|115.38|29.68|75.11|
|2019-02-06|52.00|115.38|29.65|75.08|
|2019-02-07|52.00|115.38|29.76|75.15|
|2019-02-08|52.00|115.38|29.72|75.06|
|2019-02-09|52.00|115.38|29.69|75.01|
|2019-02-10|52.00|115.09|29.68|74.94|
|2019-02-11|52.00|110.45|28.83|72.89|
|2019-02-12|52.00|110.45|28.85|72.90|
|2019-02-13|52.00|110.45|28.81|72.92|
|2019-02-14|52.00|110.45|28.78|72.92|
|2019-02-15|52.00|110.45|28.80|72.93|
|2019-02-16|52.00|106.59|27.75|70.47|
|2019-02-17|52.00|105.08|27.58|70.15|
|2019-02-18|52.00|105.08|27.67|70.37|
|2019-02-19|52.00|107.08|27.62|70.34|
|2019-02-20|52.00|107.08|27.60|70.35|
|2019-02-21|52.00|107.08|27.60|70.34|
|2019-02-22|52.00|107.08|27.62|70.40|
|2019-02-23|52.00|107.08|27.58|70.31|
|2019-02-24|52.00|107.08|27.55|70.24|
|2019-02-25|52.00|107.08|27.61|70.41|
|2019-02-26|52.00|107.08|27.59|70.49|
|2019-02-27|52.00|107.08|27.65|70.58|
|2019-02-28|52.00|107.08|27.78|70.73|
|2019-03-01|52.00|107.08|27.87|71.08|
|2019-03-02|52.00|107.08|27.83|70.94|
|2019-03-03|52.00|107.08|27.79|70.81|
|2019-03-04|52.00|107.08|27.87|71.12|
|2019-03-05|52.00|108.08|27.78|70.91|
|2019-03-06|52.00|108.08|27.92|71.32|
|2019-03-07|52.00|108.08|27.93|71.34|
|2019-03-08|52.00|108.08|27.96|71.39|
|2019-03-09|52.00|108.08|27.93|71.33|
|2019-03-10|52.00|108.08|27.91|71.31|
|2019-03-11|52.00|108.08|27.96|71.44|
|2019-03-12|52.00|108.08|27.99|71.49|
|2019-03-13|52.00|108.08|27.99|71.49|
|2019-03-14|52.00|108.08|28.00|71.49|
|2019-03-15|52.00|108.08|28.00|71.51|
|2019-03-16|52.00|108.08|27.97|71.44|
|2019-03-17|52.00|108.08|27.94|71.36|
|2019-03-18|52.00|108.08|27.99|71.50|
|2019-03-19|52.00|108.08|28.01|71.53|
|2019-03-20|52.00|108.08|28.03|71.59|
|2019-03-21|52.00|108.08|28.01|71.55|
|2019-03-22|52.00|108.08|28.02|71.58|
|2019-03-23|52.00|108.08|28.01|71.57|
|2019-03-24|52.00|108.08|27.98|71.50|
|2019-03-25|52.00|108.08|28.04|71.66|
|2019-03-26|52.00|108.08|28.09|71.72|
|2019-03-27|52.00|108.08|28.07|71.68|
|2019-03-28|52.00|108.08|27.93|71.68|
|2019-03-29|52.00|108.08|27.93|71.74|
|2019-03-30|52.00|108.08|27.75|71.72|
|2019-03-31|52.00|108.08|27.71|71.65|
|2019-04-01|52.00|108.08|27.80|71.87|
|2019-04-02|52.00|108.08|27.85|71.89|
|2019-04-03|52.00|108.08|27.88|71.98|
|2019-04-04|52.00|108.08|27.84|71.91|
|2019-04-05|52.00|108.08|27.85|71.94|
|2019-04-06|52.00|108.08|27.80|71.82|
|2019-04-07|52.00|108.08|27.77|71.75|
|2019-04-08|52.00|108.08|27.82|71.88|
|2019-04-09|52.00|108.08|27.83|71.90|
|2019-04-10|52.00|108.08|27.85|71.94|
|2019-04-11|52.00|108.08|27.85|71.93|
|2019-04-12|52.00|108.08|27.84|71.94|
|2019-04-13|52.00|108.08|27.81|71.94|
|2019-04-14|52.00|108.08|27.78|72.16|
|2019-04-15|52.00|108.08|27.79|72.08|
|2019-04-16|52.00|108.08|27.82|72.14|
|2019-04-17|52.00|108.08|27.83|72.15|
|2019-04-18|52.00|108.08|27.84|72.16|
|2019-04-19|52.00|108.08|27.81|72.11|
|2019-04-20|52.00|108.08|27.78|72.03|
|2019-04-21|52.00|108.08|27.78|72.03|
|2019-04-22|52.00|108.08|27.78|72.02|
|2019-04-23|52.00|108.08|27.82|72.14|
|2019-04-24|52.00|108.08|27.85|72.19|
|2019-04-25|52.00|108.08|27.86|72.19|
|2019-04-26|52.00|108.08|27.86|72.19|
|2019-04-27|52.00|108.08|27.83|72.10|
|2019-04-28|52.00|108.08|27.81|72.08|
|2019-04-29|52.00|108.08|27.84|72.14|
|2019-04-30|52.00|108.08|27.86|72.19|
|2019-05-01|52.00|108.08|27.86|72.23|
|2019-05-02|52.00|108.08|27.87|72.21|
|2019-05-03|52.00|108.08|27.88|72.27|
|2019-05-04|52.00|108.08|27.85|72.19|
|2019-05-05|52.00|108.08|27.84|72.20|
|2019-05-06|52.00|108.08|27.87|72.24|
|2019-05-07|52.00|109.08|27.81|72.06|
|2019-05-08|52.00|109.08|27.89|72.30|
|2019-05-09|52.00|109.08|27.90|72.34|
|2019-05-10|52.00|109.08|27.91|72.35|
|2019-05-11|52.00|109.08|27.80|72.06|
|2019-05-12|52.00|109.08|27.82|72.12|
|2019-05-13|52.00|109.08|27.82|72.12|
|2019-05-14|52.00|109.08|27.82|72.12|
|2019-05-15|52.00|109.08|27.81|72.12|
|2019-05-16|52.00|109.08|27.76|72.12|
|2019-05-17|52.00|109.08|27.71|72.12|
|2019-05-18|52.00|109.08|27.66|72.12|
|2019-05-19|52.00|109.08|27.61|72.18|
|2019-05-20|52.00|109.08|27.61|72.19|
|2019-05-21|52.00|109.08|27.63|72.31|
|2019-05-22|52.00|109.08|27.68|72.49|
|2019-05-23|52.00|109.08|27.84|73.24|
|2019-05-24|52.00|109.08|27.82|73.26|
|2019-05-25|52.00|109.08|27.80|73.28|
|2019-05-26|52.00|109.08|27.78|73.28|
|2019-05-27|52.00|109.08|27.78|73.28|
|2019-05-28|52.00|109.08|27.77|73.28|
|2019-05-29|52.00|109.08|27.77|73.28|
|2019-05-30|52.00|109.08|27.76|73.28|
|2019-05-31|52.00|109.08|27.76|73.28|
|2019-06-01|52.00|109.08|27.76|73.28|
|2019-06-02|52.00|109.08|27.76|73.28|
|2019-06-03|52.00|109.08|27.76|73.28|
|2019-06-04|52.00|109.08|27.71|73.28|
|2019-06-05|52.00|109.08|27.71|73.28|
|2019-06-06|52.00|109.08|27.72|73.28|
|2019-06-07|52.00|109.08|27.72|73.28|
|2019-06-08|52.00|109.08|27.71|73.28|
|2019-06-09|52.00|109.08|27.68|73.28|
|2019-06-10|52.00|109.08|27.68|73.28|
|2019-06-11|52.00|109.08|27.68|73.28|
|2019-06-12|52.00|109.08|27.68|73.28|
|2019-06-13|52.00|109.08|27.67|73.28|
|2019-06-14|52.00|109.08|27.67|73.28|
|2019-06-15|52.00|109.08|27.67|73.28|
|2019-06-16|52.00|109.08|27.67|73.28|
|2019-06-17|52.00|109.08|27.67|73.28|
|2019-06-18|52.00|109.08|27.67|73.28|
|2019-06-19|52.00|109.08|27.67|73.28|
|2019-06-20|52.00|109.08|27.68|73.28|
|2019-06-21|52.00|109.08|27.61|73.28|
|2019-06-22|52.00|109.08|27.58|73.30|
|2019-06-23|52.00|109.08|27.58|73.30|
|2019-06-24|52.00|109.08|27.55|73.31|
|2019-06-25|52.00|109.08|27.56|73.31|
|2019-06-26|52.00|109.08|27.56|73.31|
|2019-06-27|52.00|109.08|27.56|73.31|
|2019-06-28|52.00|109.08|27.57|73.31|
|2019-06-29|52.00|109.08|27.57|73.31|
|2019-06-30|52.00|109.08|27.57|73.31|
|2019-07-01|52.00|109.08|27.57|73.31|
|2019-07-02|52.00|109.08|27.57|73.31|
|2019-07-03|52.00|109.08|27.57|73.31|
|2019-07-04|52.00|109.08|27.57|73.31|
|2019-07-05|52.00|109.08|27.57|73.31|
|2019-07-06|52.00|109.08|27.57|73.31|
|2019-07-07|52.00|109.08|27.57|73.31|
|2019-07-08|52.00|109.08|27.57|73.31|
|2019-07-09|52.00|109.08|27.57|73.31|
|2019-07-10|52.00|109.08|27.57|73.31|
|2019-07-11|52.00|109.08|27.57|73.31|
|2019-07-12|52.00|109.08|27.57|73.31|
|2019-07-13|52.00|109.08|27.57|73.31|
|2019-07-14|52.00|109.08|27.57|73.31|
|2019-07-15|52.00|109.08|27.57|73.31|
|2019-07-16|52.00|109.08|27.58|73.32|
|2019-07-17|52.00|109.08|27.58|73.32|
|2019-07-18|52.00|109.08|27.58|73.32|
|2019-07-19|52.00|109.08|27.54|73.32|
|2019-07-20|52.00|109.08|27.54|73.32|
|2019-07-21|52.00|109.08|27.54|73.32|
|2019-07-22|52.00|109.08|27.54|73.32|
|2019-07-23|52.00|109.08|27.54|73.32|
|2019-07-24|52.00|109.08|27.54|73.32|
|2019-07-25|52.00|109.08|27.54|73.32|
|2019-07-26|52.00|109.08|27.54|73.32|
|2019-07-27|52.00|109.08|27.56|73.32|
|2019-07-28|52.00|109.08|27.56|73.32|
|2019-07-29|52.00|109.08|27.56|73.32|
|2019-07-30|52.00|109.08|27.56|73.32|
|2019-07-31|52.00|109.08|27.56|73.32|
|2019-08-01|52.00|109.08|27.56|73.32|
|2019-08-02|52.00|109.08|27.56|73.32|
|2019-08-03|52.00|109.08|27.56|73.32|
|2019-08-04|52.00|109.08|27.56|73.32|
|2019-08-05|52.00|109.08|27.56|73.32|
|2019-08-06|52.00|109.08|27.56|73.32|
|2019-08-07|52.00|109.08|27.56|73.32|
|2019-08-08|52.00|109.08|27.56|73.32|
|2019-08-09|52.00|109.08|27.56|73.32|
|2019-08-10|52.00|109.08|27.56|73.32|
|2019-08-11|52.00|109.08|27.56|73.32|
|2019-08-12|52.00|109.08|27.56|73.32|
|2019-08-13|52.00|109.08|27.56|73.32|
|2019-08-14|52.00|109.08|27.56|73.32|
|2019-08-15|52.00|109.08|27.56|73.32|
|2019-08-16|52.00|109.08|27.56|73.32|
|2019-08-17|52.00|109.08|27.56|73.32|
|2019-08-18|52.00|109.08|27.56|73.32|
|2019-08-19|52.00|109.08|27.56|73.32|
|2019-08-20|52.00|109.08|27.56|73.32|
|2019-08-21|52.00|109.08|27.56|73.32|
|2019-08-22|52.00|109.08|27.56|73.32|
|2019-08-23|52.00|109.08|27.56|73.32|
|2019-08-24|52.00|109.08|27.56|73.32|
|2019-08-25|52.00|109.08|27.56|73.32|
|2019-08-26|52.00|109.08|27.56|73.32|
|2019-08-27|52.00|109.08|27.56|73.32|
|2019-08-28|52.00|109.08|27.56|73.32|
|2019-08-29|52.00|109.08|27.56|73.32|
|2019-08-30|52.00|109.08|27.56|73.32|
|2019-08-31|52.00|109.08|27.56|73.32|
|2019-09-01|52.00|109.08|27.56|73.32|
|2019-09-02|52.00|109.08|27.56|73.32|
|2019-09-03|52.00|109.08|27.56|73.32|
|2019-09-04|52.00|109.08|27.56|73.32|
|2019-09-05|52.00|109.08|27.56|73.32|
|2019-09-06|52.00|109.08|27.56|73.32|
|2019-09-07|52.00|109.08|27.56|73.32|
|2019-09-08|52.00|109.08|27.56|73.32|
|2019-09-09|52.00|109.08|27.56|73.32|
|2019-09-10|52.00|109.08|27.56|73.32|
|2019-09-11|52.00|109.08|27.56|73.32|
|2019-09-12|52.00|109.08|27.56|73.32|
|2019-09-13|52.00|109.08|27.56|73.32|
|2019-09-14|52.00|109.08|27.56|73.32|
|2019-09-15|52.00|109.08|27.56|73.32|
|2019-09-16|52.00|109.08|27.56|73.32|
|2019-09-17|52.00|109.08|27.56|73.32|
|2019-09-18|52.00|109.08|27.56|73.32|
|2019-09-19|52.00|109.08|27.56|73.32|
|2019-09-20|52.00|109.08|27.56|73.32|
|2019-09-21|52.00|109.08|27.56|73.32|
|2019-09-22|52.00|109.08|27.56|73.32|
|2019-09-23|52.00|109.08|27.56|73.32|
|2019-09-24|52.00|109.08|27.56|73.32|
|2019-09-25|52.00|109.08|27.56|73.32|
|2019-09-26|52.00|109.08|27.56|73.32|
|2019-09-27|52.00|109.08|27.56|73.32|
|2019-09-28|52.00|109.08|27.56|73.32|
|2019-09-29|52.00|109.08|27.56|73.32|
|2019-09-30|52.00|109.08|27.56|73.32|
|2019-10-01|52.00|109.08|27.56|73.32|
|2019-10-02|52.00|109.08|27.56|73.32|
