<html>
 <head>
   <script type="text/javascript" src="https://www.google.com/jsapi"></script>
   <script type="text/javascript">
     google.load("visualization", "1", {packages:["corechart"]});
     google.setOnLoadCallback(drawChart);
     function drawChart() {
       var data = google.visualization.arrayToDataTable([
['Date','Total Allocated(GB)','After Thin Provisioning(GB)','After Compression(GB)'],
['2015-11-21',   0,  0,  0],
['2015-11-22',   0,  0,  0],
['2015-11-23',   0,  0,  0],
['2015-11-24',   0,  0,  0],
['2015-11-25',   0,  0,  0],
['2015-11-26',   0,  0,  0],
['2015-11-27',   0,  0,  0],
['2015-11-28',   0,  0,  0],
['2015-11-29',   0,  0,  0],
['2015-11-30',   0,  0,  0],
['2015-12-01',   0,  0,  0],
['2015-12-02',   0,  0,  0],
['2015-12-03',   0,  0,  0],
['2015-12-04',   0,  0,  0],
['2015-12-05',   0,  0,  0],
['2015-12-06',   0,  0,  0],
['2015-12-07',   0,  0,  0],
['2015-12-08',   0,  0,  0],
['2015-12-09',   0,  0,  0],
['2015-12-10',   0,  0,  0],
['2015-12-11',   0,  0,  0],
['2015-12-12',   0,  0,  0],
['2015-12-13',   0,  0,  0],
['2015-12-14',   0,  0,  0],
['2015-12-15',   0,  0,  0],
['2015-12-16',   0,  0,  0],
['2015-12-17',   0,  0,  0],
['2015-12-18',   0,  0,  0],
['2015-12-19',   0,  0,  0],
['2015-12-20',   0,  0,  0],
['2015-12-21',   0,  0,  0],
['2015-12-22',   0,  0,  0],
['2015-12-23',   0,  0,  0],
['2015-12-24',   0,  0,  0],
['2015-12-25',   0,  0,  0],
['2015-12-26',   0,  0,  0],
['2015-12-27',   0,  0,  0],
['2015-12-28',   0,  0,  0],
['2015-12-29',   0,  0,  0],
['2015-12-30',   0,  0,  0],
['2015-12-31',   0,  0,  0],
['2016-01-01',   0,  0,  0],
['2016-01-02',   0,  0,  0],
['2016-01-03',   0,  0,  0],
['2016-01-04',   0,  0,  0],
['2016-01-05',   0,  0,  0],
['2016-01-06',   0,  0,  0],
['2016-01-07',   0,  0,  0],
['2016-01-08',   0,  0,  0],
['2016-01-09',   0,  0,  0],
['2016-01-10',   0,  0,  0],
['2016-01-11',   0,  0,  0],
['2016-01-12',   0,  0,  0],
['2016-01-13',   0,  0,  0],
['2016-01-14',   0,  0,  0],
['2016-01-15',   0,  0,  0],
['2016-01-16',   0,  0,  0],
['2016-01-17',   0,  0,  0],
['2016-01-18',   0,  0,  0],
['2016-01-19',   0,  0,  0],
['2016-01-20',   0,  0,  0],
['2016-01-21',   0,  0,  0],
['2016-01-22',   0,  0,  0],
['2016-01-23',   0,  0,  0],
['2016-01-24',   0,  0,  0],
['2016-01-25',   0,  0,  0],
['2016-01-26',   0,  0,  0],
['2016-01-27',   0,  0,  0],
['2016-01-28',   0,  0,  0],
['2016-01-29',   0,  0,  0],
['2016-01-30',   0,  0,  0],
['2016-01-31',   0,  0,  0],
['2016-02-01',   0,  0,  0],
['2016-02-02',   0,  0,  0],
['2016-02-03',   0,  0,  0],
['2016-02-04',   0,  0,  0],
['2016-02-05',   0,  0,  0],
['2016-02-06',   0,  0,  0],
['2016-02-07',   0,  0,  0],
['2016-02-08',   0,  0,  0],
['2016-02-09',   0,  0,  0],
['2016-02-10',   0,  0,  0],
['2016-02-11',   0,  0,  0],
['2016-02-12',   0,  0,  0],
['2016-02-13',   0,  0,  0],
['2016-02-14',   0,  0,  0],
['2016-02-15',   0,  0,  0],
['2016-02-16',   0,  0,  0],
['2016-02-17',   0,  0,  0],
['2016-02-18',   0,  0,  0],
['2016-02-19',   0,  0,  0],
['2016-02-20',   0,  0,  0],
['2016-02-21',   0,  0,  0],
['2016-02-22',   0,  0,  0],
['2016-02-23',   0,  0,  0],
['2016-02-24',   0,  0,  0],
['2016-02-25',   0,  0,  0],
['2016-02-26',   0,  0,  0],
['2016-02-27',   0,  0,  0],
['2016-02-28',   0,  0,  0],
['2016-02-29',   0,  0,  0],
['2016-03-01',   0,  0,  0],
['2016-03-02',   0,  0,  0],
['2016-03-03',   0,  0,  0],
['2016-03-04',   0,  0,  0],
['2016-03-05',   0,  0,  0],
['2016-03-06',   0,  0,  0],
['2016-03-07',   0,  0,  0],
['2016-03-08',   0,  0,  0],
['2016-03-09',   0,  0,  0],
['2016-03-10',   0,  0,  0],
['2016-03-11',   0,  0,  0],
['2016-03-12',   0,  0,  0],
['2016-03-13',   0,  0,  0],
['2016-03-14',   0,  0,  0],
['2016-03-15',   0,  0,  0],
['2016-03-16',   0,  0,  0],
['2016-03-17',   0,  0,  0],
['2016-03-18',   0,  0,  0],
['2016-03-19',   0,  0,  0],
['2016-03-20',   0,  0,  0],
['2016-03-21',   0,  0,  0],
['2016-03-22',   0,  0,  0],
['2016-03-23',   0,  0,  0],
['2016-03-24',   0,  0,  0],
['2016-03-25',   0,  0,  0],
['2016-03-26',   0,  0,  0],
['2016-03-27',   0,  0,  0],
['2016-03-28',   0,  0,  0],
['2016-03-29',   0,  0,  0],
['2016-03-30',   0,  0,  0],
['2016-03-31',   0,  0,  0],
['2016-04-01',   0,  0,  0],
['2016-04-02',   0,  0,  0],
['2016-04-03',   0,  0,  0],
['2016-04-04',   0,  0,  0],
['2016-04-05',   0,  0,  0],
['2016-04-06',   0,  0,  0],
['2016-04-07',   0,  0,  0],
['2016-04-08',   0,  0,  0],
['2016-04-09',   0,  0,  0],
['2016-04-10',   0,  0,  0],
['2016-04-11',   0,  0,  0],
['2016-04-12',   0,  0,  0],
['2016-04-13',   0,  0,  0],
['2016-04-14',   0,  0,  0],
['2016-04-15',   0,  0,  0],
['2016-04-16',   0,  0,  0],
['2016-04-17',   0,  0,  0],
['2016-04-18',   0,  0,  0],
['2016-04-19',   0,  0,  0],
['2016-04-20',   0,  0,  0],
['2016-04-21',   0,  0,  0],
['2016-04-22',   0,  0,  0],
['2016-04-23',   0,  0,  0],
['2016-04-24',   0,  0,  0],
['2016-04-25',   0,  0,  0],
['2016-04-26',   0,  0,  0],
['2016-04-27',   0,  0,  0],
['2016-04-28',   0,  0,  0],
['2016-04-29',   0,  0,  0],
['2016-04-30',   0,  0,  0],
['2016-05-01',   0,  0,  0],
['2016-05-02',   0,  0,  0],
['2016-05-03',   0,  0,  0],
['2016-05-04',   0,  0,  0],
['2016-05-05',   0,  0,  0],
['2016-05-06',   0,  0,  0],
['2016-05-07',   0,  0,  0],
['2016-05-08',   0,  0,  0],
['2016-05-09',   0,  0,  0],
['2016-05-10',   0,  0,  0],
['2016-05-11',   0,  0,  0],
['2016-05-12',   0,  0,  0],
['2016-05-13',   0,  0,  0],
['2016-05-14',   0,  0,  0],
['2016-05-15',   0,  0,  0],
['2016-05-16',   0,  0,  0],
['2016-05-17',   0,  0,  0],
['2016-05-18',   0,  0,  0],
['2016-05-19',   0,  0,  0],
['2016-05-20',   0,  0,  0],
['2016-05-21',   0,  0,  0],
['2016-05-22',   0,  0,  0],
['2016-05-23',   0,  0,  0],
['2016-05-24',   0,  0,  0],
['2016-05-25',   0,  0,  0],
['2016-05-26',   0,  0,  0],
['2016-05-27',   0,  0,  0],
['2016-05-28',   0,  0,  0],
['2016-05-29',   0,  0,  0],
['2016-05-30',   0,  0,  0],
['2016-05-31',   0,  0,  0],
['2016-06-01',   0,  0,  0],
['2016-06-02',   0,  0,  0],
['2016-06-03',   0,  0,  0],
['2016-06-04',   0,  0,  0],
['2016-06-05',   0,  0,  0],
['2016-06-06',   0,  0,  0],
['2016-06-07',   0,  0,  0],
['2016-06-08',   0,  0,  0],
['2016-06-09',   0,  0,  0],
['2016-06-10',   0,  0,  0],
['2016-06-11',   0,  0,  0],
['2016-06-12',   0,  0,  0],
['2016-06-13',   0,  0,  0],
['2016-06-14',   0,  0,  0],
['2016-06-15',   0,  0,  0],
['2016-06-16',   0,  0,  0],
['2016-06-17',   0,  0,  0],
['2016-06-18',   0,  0,  0],
['2016-06-19',   0,  0,  0],
['2016-06-20',   0,  0,  0],
['2016-06-21',   0,  0,  0],
['2016-06-22',   0,  0,  0],
['2016-06-23',   0,  0,  0],
['2016-06-24',   0,  0,  0],
['2016-06-25',   0,  0,  0],
['2016-06-26',   0,  0,  0],
['2016-06-27',   0,  0,  0],
['2016-06-28',   0,  0,  0],
['2016-06-29',   0,  0,  0],
['2016-06-30',   0,  0,  0],
['2016-07-01',   0,  0,  0],
['2016-07-02',   0,  0,  0],
['2016-07-03',   0,  0,  0],
['2016-07-04',   0,  0,  0],
['2016-07-05',   0,  0,  0],
['2016-07-06',   0,  0,  0],
['2016-07-07',   0,  0,  0],
['2016-07-08',   0,  0,  0],
['2016-07-09',   0,  0,  0],
['2016-07-10',   0,  0,  0],
['2016-07-11',   0,  0,  0],
['2016-07-12',   0,  0,  0],
['2016-07-13',   0,  0,  0],
['2016-07-14',   0,  0,  0],
['2016-07-15',   0,  0,  0],
['2016-07-16',   0,  0,  0],
['2016-07-17',   0,  0,  0],
['2016-07-18',   0,  0,  0],
['2016-07-19',   0,  0,  0],
['2016-07-20',   0,  0,  0],
['2016-07-21',   0,  0,  0],
['2016-07-22',   0,  0,  0],
['2016-07-23',   0,  0,  0],
['2016-07-24',   0,  0,  0],
['2016-07-25',   0,  0,  0],
['2016-07-26',   0,  0,  0],
['2016-07-27',   0,  0,  0],
['2016-07-28',   0,  0,  0],
['2016-07-29',   0,  0,  0],
['2016-07-30',   0,  0,  0],
['2016-07-31',   0,  0,  0],
['2016-08-01',   0,  0,  0],
['2016-08-02',   0,  0,  0],
['2016-08-03',   0,  0,  0],
['2016-08-04',   0,  0,  0],
['2016-08-05',   0,  0,  0],
['2016-08-06',   0,  0,  0],
['2016-08-07',   0,  0,  0],
['2016-08-08',   0,  0,  0],
['2016-08-09',   0,  0,  0],
['2016-08-10',   0,  0,  0],
['2016-08-11',   0,  0,  0],
['2016-08-12',   0,  0,  0],
['2016-08-13',   0,  0,  0],
['2016-08-14',   0,  0,  0],
['2016-08-15',   0,  0,  0],
['2016-08-16',   0,  0,  0],
['2016-08-17',   0,  0,  0],
['2016-08-18',   0,  0,  0],
['2016-08-19',   0,  0,  0],
['2016-08-20',   0,  0,  0],
['2016-08-21',   0,  0,  0],
['2016-08-22',   0,  0,  0],
['2016-08-23',   0,  0,  0],
['2016-08-24',   0,  0,  0],
['2016-08-25',   0,  0,  0],
['2016-08-26',   0,  0,  0],
['2016-08-27',   0,  0,  0],
['2016-08-28',   0,  0,  0],
['2016-08-29',   0,  0,  0],
['2016-08-30',   0,  0,  0],
['2016-08-31',   0,  0,  0],
['2016-09-01',   0,  0,  0],
['2016-09-02',   0,  0,  0],
['2016-09-03',   0,  0,  0],
['2016-09-04',   0,  0,  0],
['2016-09-05',   0,  0,  0],
['2016-09-06',   0,  0,  0],
['2016-09-07',   0,  0,  0],
['2016-09-08',   0,  0,  0],
['2016-09-09',   0,  0,  0],
['2016-09-10',   0,  0,  0],
['2016-09-11',   0,  0,  0],
['2016-09-12',   0,  0,  0],
['2016-09-13',   0,  0,  0],
['2016-09-14',   0,  0,  0],
['2016-09-15',   0,  0,  0],
['2016-09-16',   0,  0,  0],
['2016-09-17',   0,  0,  0],
['2016-09-18',   0,  0,  0],
['2016-09-19',   0,  0,  0],
['2016-09-20',   0,  0,  0],
['2016-09-21',   0,  0,  0],
['2016-09-22',   0,  0,  0],
['2016-09-23',   0,  0,  0],
['2016-09-24',   0,  0,  0],
['2016-09-25',   0,  0,  0],
['2016-09-26',   0,  0,  0],
['2016-09-27',   0,  0,  0],
['2016-09-28',   0,  0,  0],
['2016-09-29',   0,  0,  0],
['2016-09-30',   0,  0,  0],
['2016-10-01',   0,  0,  0],
['2016-10-02',   0,  0,  0],
['2016-10-03',   0,  0,  0],
['2016-10-04',   0,  0,  0],
['2016-10-05',   0,  0,  0],
['2016-10-06',   0,  0,  0],
['2016-10-07',   0,  0,  0],
['2016-10-08',   0,  0,  0],
['2016-10-09',   0,  0,  0],
['2016-10-10',   0,  0,  0],
['2016-10-11',   0,  0,  0],
['2016-10-12',   0,  0,  0],
['2016-10-13',   0,  0,  0],
['2016-10-14',   0,  0,  0],
['2016-10-15',   674.3336,  343.711144,  203.836035],
['2016-10-16',   674.3336,  343.711144,  203.840075],
['2016-10-17',   674.3336,  343.711411,  203.913585],
['2016-10-18',   674.3336,  343.734193,  189.005657],
['2016-10-19',   674.3336,  343.747969,  178.560238],
['2016-10-20',   674.3336,  343.75233,  170.207628],
['2016-10-21',   674.3336,  343.753937,  167.242788],
['2016-10-22',   674.3336,  343.754181,  164.370518],
['2016-10-23',   674.3336,  343.806772,  158.599818],
['2016-10-24',   674.3336,  344.042793,  152.721483],
['2016-10-25',   674.3336,  344.043644,  149.602364],
['2016-10-26',   674.3336,  344.044522,  142.336173],
['2016-10-27',   674.3336,  344.044602,  141.717503],
['2016-10-28',   674.3336,  344.044674,  141.717503],
['2016-10-29',   674.3336,  344.044819,  141.717503],
['2016-10-30',   674.3336,  344.045071,  141.717503],
['2016-10-31',   674.3336,  344.045266,  141.717513],
['2016-11-01',   674.3336,  344.045449,  141.717523],
['2016-11-02',   674.3336,  344.045632,  141.717523],
['2016-11-03',   674.3336,  344.045823,  141.717523],
['2016-11-04',   674.3336,  344.046032,  141.717523],
['2016-11-05',   674.3336,  344.046067,  141.717523],
['2016-11-06',   674.3336,  344.046067,  141.717523],
['2016-11-07',   674.3336,  344.047638,  142.404503],
['2016-11-08',   674.3336,  344.073297,  140.169519],
['2016-11-09',   674.3336,  344.083436,  139.610957],
['2016-11-10',   674.3336,  344.087171,  139.613063],
['2016-11-11',   674.3336,  344.087546,  139.065563],
['2016-11-12',   674.3336,  344.087942,  139.065593],
['2016-11-13',   674.3336,  344.088423,  139.091653],
['2016-11-14',   674.3336,  344.088774,  139.133033],
['2016-11-15',   674.3336,  344.089175,  139.182911],
['2016-11-16',   674.3336,  344.089454,  139.238961],
['2016-11-17',   674.3336,  344.089633,  139.238961],
['2016-11-18',   674.3336,  344.089896,  138.615861],
['2016-11-19',   674.3336,  344.09019,  138.615861],
['2016-11-20',   674.3336,  344.090564,  138.616534],
['2016-11-21',   674.3336,  344.091206,  138.356893],
['2016-11-22',   674.3336,  344.09142,  138.356893],
['2016-11-23',   674.3336,  344.097113,  138.429989],
['2016-11-24',   674.3336,  344.097323,  138.430381],
['2016-11-25',   674.3336,  344.098013,  138.774711],
['2016-11-26',   674.3336,  344.101493,  139.637991],
['2016-11-27',   674.3336,  344.102172,  139.649095],
['2016-11-28',   674.3336,  344.102698,  139.649095],
['2016-11-29',   674.3336,  344.104539,  140.598195],
['2016-11-30',   674.3336,  344.104574,  140.599105],
['2016-12-01',   674.3336,  344.104612,  140.599105],
['2016-12-02',   674.3336,  344.104642,  140.599105],
['2016-12-03',   674.3336,  344.104684,  140.599255],
['2016-12-04',   674.3336,  344.104719,  140.599255],
['2016-12-05',   674.3336,  344.104753,  140.599925],
['2016-12-06',   674.3336,  344.104787,  140.599925],
['2016-12-07',   674.3336,  344.104825,  140.599925],
['2016-12-08',   674.3336,  344.10486,  139.938245],
['2016-12-09',   674.3336,  344.104902,  139.938245],
['2016-12-10',   674.3336,  344.104932,  139.938245],
['2016-12-11',   674.3336,  344.104955,  139.938245],
['2016-12-12',   472.0352,  337.48213,  177.91362],
['2016-12-13',   472.0352,  337.48213,  177.96330],
['2016-12-14',   472.0352,  337.48213,  178.00805],
['2016-12-15',   472.0352,  337.48213,  178.33741],
['2016-12-16',   472.0352,  337.48215,  178.34661],
['2016-12-17',   472.0352,  337.48225,  178.02665],
['2016-12-18',   472.0352,  337.48225,  178.02815],
['2016-12-19',   472.0352,  337.48225,  178.03960],
['2016-12-20',   472.0352,  337.48225,  178.07558],
['2016-12-21',   472.0352,  337.48225,  178.11444],
['2016-12-22',   472.0352,  337.48225,  179.18669],
['2016-12-23',   472.0352,  337.48225,  179.20858],
['2016-12-24',   472.0352,  337.48225,  179.22386],
['2016-12-25',   472.0352,  337.48225,  179.23762],
['2016-12-26',   472.0352,  337.48225,  179.24823],
['2016-12-27',   472.0352,  337.48225,  179.25997],
['2016-12-28',   472.0352,  337.48225,  179.27232],
['2016-12-29',   472.0352,  337.48225,  179.29560],
['2016-12-30',   472.0352,  337.48225,  179.30646],
['2016-12-31',   472.0352,  337.48225,  179.31005],
['2017-01-01',   472.0352,  337.48225,  179.31185],
['2017-01-02',   472.0352,  337.48225,  179.31255],
['2017-01-03',   472.0352,  337.48225,  179.31255],
['2017-01-04',   472.0352,  337.48225,  179.31255],
['2017-01-05',   472.0352,  337.48225,  179.31605],
['2017-01-06',   472.0352,  337.48225,  179.31615],
['2017-01-07',   472.0352,  337.48225,  179.31615],
['2017-01-08',   472.0352,  337.48225,  179.31915],
['2017-01-09',   472.0352,  337.48225,  179.31915],
['2017-01-10',   472.0352,  337.48225,  179.31915],
['2017-01-11',   472.0352,  337.48225,  179.31915],
['2017-01-12',   472.0352,  337.48225,  179.32045],
['2017-01-13',   472.0352,  337.48225,  179.32045],
['2017-01-14',   472.0352,  337.48225,  179.32085],
['2017-01-15',   472.0352,  337.48225,  179.32235],
['2017-01-16',   472.0352,  337.48225,  179.32315],
['2017-01-17',   472.0352,  337.48225,  179.32315],
['2017-01-18',   472.0352,  337.48225,  179.32315],
['2017-01-19',   472.0352,  337.48225,  179.32315],
['2017-01-20',   472.0352,  337.48225,  179.32365],
['2017-01-21',   472.0352,  337.48225,  179.32375],
['2017-01-22',   472.0352,  337.48225,  179.32495],
['2017-01-23',   472.0352,  337.48225,  179.32545],
['2017-01-24',   472.0352,  337.48225,  179.32575],
['2017-01-25',   472.0352,  337.48225,  179.32575],
['2017-01-26',   472.0352,  337.48225,  179.32575],
['2017-01-27',   472.0352,  337.48225,  179.32675],
['2017-01-28',   472.0352,  337.48225,  179.32675],
['2017-01-29',   472.0352,  337.48225,  179.32695],
['2017-01-30',   472.0352,  337.48225,  179.32785],
['2017-01-31',   472.0352,  337.48225,  178.78558],
['2017-02-01',   472.0352,  337.49653,  178.49883],
['2017-02-02',   472.0352,  337.49792,  178.21435],
['2017-02-03',   472.0352,  337.49792,  178.21435],
['2017-02-04',   472.0352,  337.49792,  178.21435],
['2017-02-05',   472.0352,  337.49792,  178.21435],
['2017-02-06',   472.0352,  337.49802,  178.21435],
['2017-02-07',   472.0352,  337.49802,  178.21435],
['2017-02-08',   472.0352,  337.49802,  178.25835],
['2017-02-09',   472.0352,  337.49802,  178.32024],
['2017-02-10',   472.0352,  337.49802,  178.32815],
['2017-02-11',   472.0352,  337.49802,  178.32815],
['2017-02-12',   472.0352,  337.49802,  178.32965],
['2017-02-13',   472.0352,  337.49802,  178.32965],
['2017-02-14',   472.0352,  337.49802,  178.35236],
['2017-02-15',   472.0352,  337.49802,  178.38065],
['2017-02-16',   472.0352,  337.49802,  178.40631],
['2017-02-17',   472.0352,  337.49802,  178.40970],
['2017-02-18',   472.0352,  337.49802,  178.43500],
['2017-02-19',   472.0352,  337.49802,  178.46099],
['2017-02-20',   472.0352,  337.49802,  178.49831],
['2017-02-21',   472.0352,  337.49802,  178.53561],
['2017-02-22',   472.0352,  337.49802,  178.56176],
['2017-02-23',   472.0352,  337.49802,  178.57550],
['2017-02-24',   472.0352,  337.49802,  178.57560],
['2017-02-25',   472.0352,  337.49812,  178.57560],
['2017-02-26',   472.0352,  337.49812,  178.57570],
['2017-02-27',   472.0352,  337.49982,  178.57700],
['2017-02-28',   472.0352,  337.49982,  178.57700],
['2017-03-01',   472.0352,  337.49982,  178.57700],
['2017-03-02',   472.0352,  337.49982,  178.57700],
['2017-03-03',   472.0352,  337.49982,  178.57700],
['2017-03-04',   472.0352,  337.49982,  178.57700],
['2017-03-05',   472.0352,  337.49982,  178.57734],
['2017-03-06',   472.0352,  337.50022,  178.57734],
['2017-03-07',   472.0352,  337.50022,  178.57734],
['2017-03-08',   472.0352,  337.50022,  178.57734],
['2017-03-09',   472.0352,  337.50022,  178.57734],
['2017-03-10',   472.0352,  337.50052,  178.57734],
['2017-03-11',   472.0352,  337.50052,  178.57734],
['2017-03-12',   472.0352,  337.50052,  178.57764],
['2017-03-13',   472.0352,  337.50102,  178.57764],
['2017-03-14',   472.0352,  337.50102,  178.57764],
['2017-03-15',   472.0352,  337.50102,  178.57764],
['2017-03-16',   472.0352,  337.50102,  178.57764],
['2017-03-17',   472.0352,  337.50112,  178.57764],
['2017-03-18',   472.0352,  337.50112,  178.57764],
['2017-03-19',   472.0352,  337.50112,  178.57789],
['2017-03-20',   472.0352,  337.50112,  178.57849],
['2017-03-21',   472.0352,  337.50112,  178.57849],
['2017-03-22',   472.0352,  337.50112,  178.57849],
['2017-03-23',   472.0352,  337.50112,  178.57849],
['2017-03-24',   472.0352,  337.50112,  178.57849],
['2017-03-25',   472.0352,  337.50112,  178.57849],
['2017-03-26',   472.0352,  337.50112,  178.57880],
['2017-03-27',   472.0352,  337.50112,  178.57880],
['2017-03-28',   472.0352,  337.50112,  178.57880],
['2017-03-29',   472.0352,  337.50112,  178.57880],
['2017-03-30',   472.0352,  337.50112,  178.57880],
['2017-03-31',   472.0352,  337.50112,  178.57880],
['2017-04-01',   472.0352,  337.50112,  178.57880],
['2017-04-02',   472.0352,  337.50112,  178.57880],
['2017-04-03',   472.0352,  337.50112,  178.57880],
['2017-04-04',   472.0352,  337.50112,  178.57910],
['2017-04-05',   472.0352,  337.50112,  178.57910],
['2017-04-06',   472.0352,  337.50112,  178.57910],
['2017-04-07',   472.0352,  337.50113,  178.57910],
['2017-04-08',   472.0352,  337.50113,  178.57910],
['2017-04-09',   472.0352,  337.50113,  178.57920],
['2017-04-10',   472.0352,  337.50113,  178.57920],
['2017-04-11',   472.0352,  337.50113,  178.57920],
['2017-04-12',   472.0352,  337.50113,  178.57920],
['2017-04-13',   472.0352,  337.50113,  178.58429],
['2017-04-14',   472.0352,  337.50135,  178.58515],
['2017-04-15',   472.0352,  337.50135,  178.58515],
['2017-04-16',   472.0352,  337.50135,  178.58515],
['2017-04-17',   472.0352,  337.50135,  178.58515],
['2017-04-18',   472.0352,  337.50135,  178.58515],
['2017-04-19',   472.0352,  337.50135,  178.58515],
['2017-04-20',   472.0352,  337.50135,  178.58515],
['2017-04-21',   472.0352,  337.50135,  178.58515],
['2017-04-22',   472.0352,  337.50135,  178.58515],
['2017-04-23',   472.0352,  337.50135,  178.58515],
['2017-04-24',   472.0352,  337.50135,  178.58515],
['2017-04-25',   472.0352,  337.50135,  178.58515],
['2017-04-26',   472.0352,  337.50135,  178.58515],
['2017-04-27',   472.0352,  337.50135,  178.58515],
['2017-04-28',   472.0352,  337.50135,  178.58515],
['2017-04-29',   472.0352,  337.50135,  178.58515],
['2017-04-30',   472.0352,  337.50135,  178.58515],
['2017-05-01',   472.0352,  337.50135,  178.58515],
['2017-05-02',   472.0352,  337.50135,  178.58515],
['2017-05-03',   472.0352,  337.50135,  178.58515],
['2017-05-04',   472.0352,  337.50135,  178.58515],
['2017-05-05',   472.0352,  337.50135,  178.58515],
['2017-05-06',   0,  0,  0],
['2017-05-07',   0,  0,  0],
['2017-05-08',   0,  0,  0],
['2017-05-09',   0,  0,  0],
['2017-05-10',   0,  0,  0],
['2017-05-11',   0,  0,  0],
['2017-05-12',   0,  0,  0],
['2017-05-13',   0,  0,  0],
['2017-05-14',   0,  0,  0],
['2017-05-15',   0,  0,  0],
['2017-05-16',   0,  0,  0],
['2017-05-17',   0,  0,  0],
['2017-05-18',   0,  0,  0],
['2017-05-19',   0,  0,  0],
['2017-05-20',   0,  0,  0],
['2017-05-21',   0,  0,  0],
['2017-05-22',   0,  0,  0],
['2017-05-23',   0,  0,  0],
['2017-05-24',   0,  0,  0],
['2017-05-25',   0,  0,  0],
['2017-05-26',   0,  0,  0],
['2017-05-27',   0,  0,  0],
['2017-05-28',   0,  0,  0],
['2017-05-29',   0,  0,  0],
['2017-05-30',   0,  0,  0],
['2017-05-31',   0,  0,  0],
['2017-06-01',   0,  0,  0],
['2017-06-02',   0,  0,  0],
['2017-06-03',   0,  0,  0],
['2017-06-04',   0,  0,  0],
['2017-06-05',   0,  0,  0],
['2017-06-06',   0,  0,  0],
['2017-06-07',   0,  0,  0],
['2017-06-08',   0,  0,  0],
['2017-06-09',   0,  0,  0],
['2017-06-10',   0,  0,  0],
['2017-06-11',   0,  0,  0],
['2017-06-12',   0,  0,  0],
['2017-06-13',   0,  0,  0],
['2017-06-14',   0,  0,  0],
['2017-06-15',   0,  0,  0],
['2017-06-16',   0,  0,  0],
['2017-06-17',   0,  0,  0],
['2017-06-18',   0,  0,  0],
['2017-06-19',   0,  0,  0],
['2017-06-20',   0,  0,  0],
['2017-06-21',   0,  0,  0],
['2017-06-22',   0,  0,  0],
['2017-06-23',   0,  0,  0],
['2017-06-24',   0,  0,  0],
['2017-06-25',   0,  0,  0],
['2017-06-26',   0,  0,  0],
['2017-06-27',   0,  0,  0],
['2017-06-28',   0,  0,  0],
['2017-06-29',   0,  0,  0],
['2017-06-30',   0,  0,  0],
['2017-07-01',   0,  0,  0],
['2017-07-02',   0,  0,  0],
['2017-07-03',   0,  0,  0],
['2017-07-04',   0,  0,  0],
['2017-07-05',   0,  0,  0],
['2017-07-06',   0,  0,  0],
['2017-07-07',   0,  0,  0],
['2017-07-08',   0,  0,  0],
['2017-07-09',   0,  0,  0],
['2017-07-10',   0,  0,  0],
['2017-07-11',   0,  0,  0],
['2017-07-12',   0,  0,  0],
['2017-07-13',   0,  0,  0],
['2017-07-14',   0,  0,  0],
['2017-07-15',   0,  0,  0],
['2017-07-16',   0,  0,  0],
['2017-07-17',   0,  0,  0],
['2017-07-18',   0,  0,  0],
['2017-07-19',   0,  0,  0],
['2017-07-20',   0,  0,  0],
['2017-07-21',   0,  0,  0],
['2017-07-22',   0,  0,  0],
['2017-07-23',   0,  0,  0],
['2017-07-24',   0,  0,  0],
['2017-07-25',   0,  0,  0],
['2017-07-26',   0,  0,  0],
['2017-07-27',   0,  0,  0],
['2017-07-28',   0,  0,  0],
['2017-07-29',   0,  0,  0],
['2017-07-30',   0,  0,  0],
['2017-07-31',   0,  0,  0],
['2017-08-01',   0,  0,  0],
['2017-08-02',   0,  0,  0],
['2017-08-03',   0,  0,  0],
['2017-08-04',   0,  0,  0],
['2017-08-05',   0,  0,  0],
['2017-08-06',   0,  0,  0],
['2017-08-07',   0,  0,  0],
['2017-08-08',   0,  0,  0],
['2017-08-09',   0,  0,  0],
['2017-08-10',   0,  0,  0],
['2017-08-11',   0,  0,  0],
['2017-08-12',   0,  0,  0],
['2017-08-13',   0,  0,  0],
['2017-08-14',   0,  0,  0],
['2017-08-15',   0,  0,  0],
['2017-08-16',   0,  0,  0],
['2017-08-17',   0,  0,  0],
['2017-08-18',   0,  0,  0],
['2017-08-19',   0,  0,  0],
['2017-08-20',   0,  0,  0],
['2017-08-21',   0,  0,  0],
['2017-08-22',   0,  0,  0],
['2017-08-23',   0,  0,  0],
['2017-08-24',   0,  0,  0],
['2017-08-25',   0,  0,  0],
['2017-08-26',   0,  0,  0],
['2017-08-27',   0,  0,  0],
['2017-08-28',   0,  0,  0],
['2017-08-29',   0,  0,  0],
['2017-08-30',   0,  0,  0],
['2017-08-31',   0,  0,  0],
['2017-09-01',   0,  0,  0],
['2017-09-02',   0,  0,  0],
['2017-09-03',   0,  0,  0],
['2017-09-04',   0,  0,  0],
['2017-09-05',   0,  0,  0],
['2017-09-06',   0,  0,  0],
['2017-09-07',   0,  0,  0],
['2017-09-08',   0,  0,  0],
['2017-09-09',   0,  0,  0],
['2017-09-10',   0,  0,  0],
['2017-09-11',   0,  0,  0],
['2017-09-12',   0,  0,  0],
['2017-09-13',   0,  0,  0],
['2017-09-14',   0,  0,  0],
['2017-09-15',   0,  0,  0],
['2017-09-16',   0,  0,  0],
['2017-09-17',   0,  0,  0],
['2017-09-18',   0,  0,  0],
['2017-09-19',   0,  0,  0],
['2017-09-20',   0,  0,  0],
['2017-09-21',   0,  0,  0],
['2017-09-22',   0,  0,  0],
['2017-09-23',   0,  0,  0],
['2017-09-24',   0,  0,  0],
['2017-09-25',   0,  0,  0],
['2017-09-26',   0,  0,  0],
['2017-09-27',   0,  0,  0],
['2017-09-28',   0,  0,  0],
['2017-09-29',   0,  0,  0],
['2017-09-30',   0,  0,  0],
['2017-10-01',   0,  0,  0],
['2017-10-02',   0,  0,  0],
['2017-10-03',   0,  0,  0],
['2017-10-04',   0,  0,  0],
['2017-10-05',   0,  0,  0],
['2017-10-06',   0,  0,  0],
['2017-10-07',   0,  0,  0],
['2017-10-08',   0,  0,  0],
['2017-10-09',   0,  0,  0],
['2017-10-10',   0,  0,  0],
['2017-10-11',   0,  0,  0],
['2017-10-12',   0,  0,  0],
['2017-10-13',   0,  0,  0],
['2017-10-14',   0,  0,  0],
['2017-10-15',   0,  0,  0],
['2017-10-16',   0,  0,  0],
['2017-10-17',   0,  0,  0],
['2017-10-18',   0,  0,  0],
['2017-10-19',   0,  0,  0],
['2017-10-20',   0,  0,  0],
['2017-10-21',   134.868,  10.1193,  3.97366],
['2017-10-22',   134.868,  10.1225,  3.97501],
['2017-10-23',   134.868,  10.123,  3.99078],
['2017-10-24',   134.868,  26.8304,  14.4837],
['2017-10-25',   134.868,  26.8307,  14.4997],
['2017-10-26',   134.868,  26.8309,  14.5196],
['2017-10-27',   134.868,  26.8359,  14.5323],
['2017-10-28',   269.736,  41.9900,  22.88117],
['2017-10-29',   269.736,  41.9902,  22.88117],
['2017-10-30',   269.736,  41.9903,  22.88117],
['2017-10-31',   269.736,  42.0119,  23.00467],
['2017-11-01',   269.736,  42.0121,  23.00467],
['2017-11-02',   269.736,  42.0122,  23.00467],
['2017-11-03',   269.736,  42.0371,  23.31052],
['2017-11-04',   269.736,  42.0373,  23.31052],
['2017-11-05',   269.736,  42.0375,  23.31052],
['2017-11-06',   269.736,  42.0377,  23.31052],
['2017-11-07',   269.736,  42.0558,  23.31052],
['2017-11-08',   269.736,  42.0560,  23.31052],
['2017-11-09',   269.736,  42.0561,  23.31052],
['2017-11-10',   269.736,  43.7357,  23.93963],
['2017-11-11',   269.736,  43.7375,  23.93963],
['2017-11-12',   269.736,  43.7381,  23.93963],
['2017-11-13',   269.736,  43.7386,  23.93963],
['2017-11-14',   269.736,  43.9195,  24.14103],
['2017-11-15',   269.736,  43.9201,  24.14103],
['2017-11-16',   269.736,  43.9207,  24.14103],
['2017-11-17',   269.736,  49.0450,  25.6025],
['2017-11-18',   269.736,  49.0455,  25.6025],
['2017-11-19',   269.736,  49.0461,  25.6025],
['2017-11-20',   269.736,  49.0466,  25.6025],
['2017-11-21',   269.736,  49.0474,  25.6025],
['2017-11-22',   269.736,  49.0478,  25.6025],
['2017-11-23',   269.736,  49.0485,  25.6025],
['2017-11-24',   269.736,  49.0640,  25.6730],
['2017-11-25',   269.736,  49.0647,  25.6730],
['2017-11-26',   269.736,  49.0653,  25.6730],
['2017-11-27',   269.736,  49.0659,  25.6730],
['2017-11-28',   269.736,  49.0807,  25.6730],
['2017-11-29',   269.736,  49.0818,  25.6730],
['2017-11-30',   269.736,  49.0820,  25.6730],
['2017-12-01',   269.736,  49.0886,  25.7010],
['2017-12-02',   269.736,  49.2008,  25.7010],
['2017-12-03',   269.736,  49.2014,  25.7010],
['2017-12-04',   269.736,  49.2020,  25.7010],
['2017-12-05',   269.736,  49.2027,  25.8202],
['2017-12-06',   269.736,  49.2033,  25.8202],
['2017-12-07',   269.736,  49.2039,  25.8202],
['2017-12-08',   269.736,  49.2204,  25.8657],
['2017-12-09',   269.736,  49.2206,  25.8657],
['2017-12-10',   269.736,  49.2207,  25.8657],
['2017-12-11',   269.736,  49.2208,  25.8657],
['2017-12-12',   269.736,  49.221,  25.8657],
['2017-12-13',   269.736,  49.2212,  25.8657],
['2017-12-14',   269.736,  49.2213,  25.8657],
['2017-12-15',   269.736,  49.2275,  25.8657],
['2017-12-16',   269.736,  49.2277,  25.8657],
['2017-12-17',   269.736,  49.2278,  25.8657],
['2017-12-18',   269.736,  49.2282,  25.8657],
['2017-12-19',   269.736,  49.2365,  25.8677],
['2017-12-20',   269.736,  49.2366,  25.8677],
['2017-12-21',   269.736,  49.2375,  25.8677],
['2017-12-22',   269.736,  49.2661,  25.8677],
['2017-12-23',   269.736,  49.2675,  25.8677],
['2017-12-24',   269.736,  49.2683,  25.8677],
['2017-12-25',   269.736,  49.2684,  25.8677],
['2017-12-26',   269.736,  49.2692,  25.8677],
['2017-12-27',   269.736,  49.2693,  25.8677],
['2017-12-28',   269.736,  49.2699,  25.8677],
['2017-12-29',   269.736,  49.2719,  25.8677],
['2017-12-30',   269.736,  49.272,  25.8677],
['2017-12-31',   269.736,  49.2722,  25.8677],
['2018-01-01',   269.736,  49.2723,  25.8677],
['2018-01-02',   269.736,  49.2724,  25.8677],
['2018-01-03',   269.736,  49.2734,  25.8677],
['2018-01-04',   269.736,  49.274,  25.8677],
['2018-01-05',   269.736,  49.2859,  25.8677],
['2018-01-06',   269.736,  49.2866,  25.8677],
['2018-01-07',   269.736,  49.2874,  25.8677],
['2018-01-08',   269.736,  49.2875,  25.8677],
['2018-01-09',   269.736,  49.2939,  25.8677],
['2018-01-10',   269.736,  49.4436,  25.8677],
['2018-01-11',   269.736,  49.4525,  25.8677],
['2018-01-12',   269.736,  49.4643,  25.8677],
['2018-01-13',   269.736,  49.4645,  25.8677],
['2018-01-14',   269.736,  49.4645,  25.8677],
['2018-01-15',   269.736,  49.4647,  25.8677],
['2018-01-16',   269.736,  49.4832,  25.8677],
['2018-01-17',   269.736,  49.4846,  25.8677],
['2018-01-18',   269.736,  49.4858,  25.8677],
['2018-01-19',   269.736,  51.3463,  27.0921],
['2018-01-20',   269.736,  51.3463,  27.0921],
['2018-01-21',   269.736,  51.3465,  27.0921],
['2018-01-22',   269.736,  51.3465,  27.0921],
['2018-01-23',   269.736,  51.3467,  27.0921],
['2018-01-24',   269.736,  51.3469,  27.0921],
['2018-01-25',   269.736,  51.3472,  27.0921],
['2018-01-26',   269.736,  51.3645,  27.1176],
['2018-01-27',   269.736,  51.3647,  27.1176],
['2018-01-28',   269.736,  51.3649,  27.1176],
['2018-01-29',   269.736,  51.3650,  27.1176],
['2018-01-30',   269.736,  51.3653,  27.1176],
['2018-01-31',   269.736,  51.3655,  27.1176],
['2018-02-01',   269.736,  65.0828,  31.8892],
['2018-02-02',   269.736,  66.3819,  27.3499],
['2018-02-03',   269.736,  66.3821,  27.3499],
['2018-02-04',   269.736,  66.3822,  27.3499],
['2018-02-05',   269.736,  66.3823,  27.3499],
['2018-02-06',   269.736,  66.3825,  27.3499],
['2018-02-07',   269.736,  66.3828,  27.3499],
['2018-02-08',   269.736,  66.3829,  27.3499],
['2018-02-09',   269.736,  66.3831,  27.3499],
['2018-02-10',   269.736,  66.3832,  27.3499],
['2018-02-11',   269.736,  66.3833,  27.3499],
['2018-02-12',   269.736,  66.3835,  27.3499],
['2018-02-13',   269.736,  66.3836,  27.3499],
['2018-02-14',   269.736,  66.3838,  27.3499],
['2018-02-15',   269.736,  66.3839,  27.3499],
['2018-02-16',   269.736,  66.3901,  27.3499],
['2018-02-17',   269.736,  66.3902,  27.3499],
['2018-02-18',   269.736,  66.3904,  27.3499],
['2018-02-19',   269.736,  66.3905,  27.3499],
['2018-02-20',   269.736,  66.3907,  27.3499],
['2018-02-21',   269.736,  66.4155,  27.3499],
['2018-02-22',   269.736,  66.4157,  27.3499],
['2018-02-23',   269.736,  66.4158,  27.3499],
['2018-02-24',   269.736,  66.4159,  27.3499],
['2018-02-25',   269.736,  66.4160,  27.3499],
['2018-02-26',   269.736,  66.4162,  27.3499],
['2018-02-27',   269.736,  66.4163,  27.3499],
['2018-02-28',   269.736,  66.4164,  27.3499],
['2018-03-01',   269.736,  66.4165,  27.3499],
['2018-03-02',   269.736,  66.4168,  27.3499],
['2018-03-03',   269.736,  66.4169,  27.3499],
['2018-03-04',   269.736,  66.4170,  27.3499],
['2018-03-05',   269.736,  66.4172,  27.3499],
['2018-03-06',   269.736,  66.4173,  27.3499],
['2018-03-07',   269.736,  66.4174,  27.3499],
['2018-03-08',   269.736,  66.4176,  27.3499],
['2018-03-09',   269.736,  66.4177,  27.3499],
['2018-03-10',   269.736,  66.4178,  27.3499],
['2018-03-11',   269.736,  66.4180,  27.3499],
['2018-03-12',   269.736,  66.4181,  27.3499],
['2018-03-13',   269.736,  66.4182,  27.3499],
['2018-03-14',   269.736,  66.4183,  27.3499],
['2018-03-15',   269.736,  66.4185,  27.3499],
['2018-03-16',   269.736,  66.4186,  27.3499],
['2018-03-17',   269.736,  66.4188,  27.3499],
['2018-03-18',   269.736,  66.4189,  27.3499],
['2018-03-19',   269.736,  66.4190,  27.3499],
['2018-03-20',   269.736,  66.4191,  27.3499],
['2018-03-21',   269.736,  66.4192,  27.3499],
['2018-03-22',   269.736,  66.4193,  27.3499],
['2018-03-23',   269.736,  66.4195,  27.3499],
['2018-03-24',   269.736,  66.4197,  27.3499],
['2018-03-25',   269.736,  66.4198,  27.3499],
['2018-03-26',   269.736,  66.4199,  27.3499],
['2018-03-27',   269.736,  66.4200,  27.3499],
['2018-03-28',   269.736,  66.4202,  27.3499],
['2018-03-29',   269.736,  66.4203,  27.3499],
['2018-03-30',   269.736,  66.4204,  27.3499],
['2018-03-31',   269.736,  66.4205,  27.3499],
['2018-04-01',   269.736,  66.4207,  27.3499],
['2018-04-02',   269.736,  66.4208,  27.3499],
['2018-04-03',   269.736,  66.4209,  27.3499],
['2018-04-04',   269.736,  66.4211,  27.3499],
['2018-04-05',   269.736,  66.4212,  27.3499],
['2018-04-06',   269.736,  66.4213,  27.3499],
['2018-04-07',   269.736,  66.4215,  27.3499],
['2018-04-08',   269.736,  66.4216,  27.3499],
['2018-04-09',   269.736,  66.4217,  27.3499],
['2018-04-10',   269.736,  66.4218,  27.3499],
['2018-04-11',   269.736,  66.4219,  27.3499],
['2018-04-12',   269.736,  66.4221,  27.3499],
['2018-04-13',   269.736,  66.4222,  27.3499],
['2018-04-14',   269.736,  66.4224,  27.3499],
['2018-04-15',   269.736,  66.4225,  27.3499],
['2018-04-16',   269.736,  66.4227,  27.3499],
['2018-04-17',   269.736,  66.4228,  27.3499],
['2018-04-18',   269.736,  66.4229,  27.3499],
['2018-04-19',   269.736,  66.4230,  27.3499],
['2018-04-20',   269.736,  66.4232,  27.3499],
['2018-04-21',   269.736,  66.4233,  27.3499],
['2018-04-22',   269.736,  66.4234,  27.3499],
['2018-04-23',   269.736,  66.4236,  27.3499],
['2018-04-24',   269.736,  66.4237,  27.3499],
['2018-04-25',   269.736,  66.4238,  27.3499],
['2018-04-26',   269.736,  66.4240,  27.3499],
['2018-04-27',   269.736,  66.4241,  27.3499],
['2018-04-28',   269.736,  66.4242,  27.3499],
['2018-04-29',   269.736,  66.4244,  27.3499],
['2018-04-30',   269.736,  66.4245,  27.3499],
['2018-05-01',   269.736,  66.4247,  27.3499],
['2018-05-02',   269.736,  66.4248,  27.3499],
['2018-05-03',   269.736,  66.4249,  27.3499],
['2018-05-04',   269.736,  66.4250,  27.3499],
['2018-05-05',   269.736,  66.4251,  27.3499],
['2018-05-06',   269.736,  66.4252,  27.3499],
['2018-05-07',   269.736,  66.4254,  27.3499],
['2018-05-08',   269.736,  66.4255,  27.3499],
['2018-05-09',   269.736,  66.4257,  27.3499],
['2018-05-10',   269.736,  66.4258,  27.3499],
['2018-05-11',   269.736,  66.4259,  27.3499],
['2018-05-12',   269.736,  66.4260,  27.3499],
['2018-05-13',   269.736,  66.4262,  27.3499],
['2018-05-14',   269.736,  66.4263,  27.3499],
['2018-05-15',   269.736,  66.4264,  27.3499],
['2018-05-16',   269.736,  66.4265,  27.3499],
['2018-05-17',   269.736,  66.4267,  27.3499],
['2018-05-18',   269.736,  66.4268,  27.3499],
['2018-05-19',   269.736,  66.4270,  27.3499],
['2018-05-20',   269.736,  66.4271,  27.3499],
['2018-05-21',   269.736,  66.4272,  27.3499],
['2018-05-22',   269.736,  66.4274,  27.3499],
['2018-05-23',   269.736,  66.4275,  27.3499],
['2018-05-24',   269.736,  66.4277,  27.3499],
['2018-05-25',   269.736,  66.4278,  27.3499],
['2018-05-26',   269.736,  66.4280,  27.3499],
['2018-05-27',   269.736,  66.4281,  27.3499],
['2018-05-28',   269.736,  66.4282,  27.3499],
['2018-05-29',   269.736,  66.4283,  27.3499],
['2018-05-30',   269.736,  66.4284,  27.3499],
['2018-05-31',   269.736,  66.4285,  27.3499],
['2018-06-01',   269.736,  66.4287,  27.3499],
['2018-06-02',   269.736,  66.4288,  27.3499],
['2018-06-03',   269.736,  66.4290,  27.3499],
['2018-06-04',   269.736,  66.4291,  27.3499],
['2018-06-05',   269.736,  66.4292,  27.3499],
['2018-06-06',   269.736,  66.4294,  27.3499],
['2018-06-07',   269.736,  66.4295,  27.3499],
['2018-06-08',   269.736,  66.4297,  27.3499],
['2018-06-09',   269.736,  66.4298,  27.3499],
['2018-06-10',   269.736,  66.4299,  27.3499],
['2018-06-11',   269.736,  66.4300,  27.3499],
['2018-06-12',   269.736,  66.4302,  27.3499],
['2018-06-13',   269.736,  66.4303,  27.3499],
['2018-06-14',   269.736,  66.4305,  27.3499],
['2018-06-15',   269.736,  66.4306,  27.3499],
['2018-06-16',   269.736,  66.4307,  27.3499],
['2018-06-17',   269.736,  66.4308,  27.3499],
['2018-06-18',   269.736,  66.4309,  27.3499],
['2018-06-19',   269.736,  66.4311,  27.3499],
['2018-06-20',   269.736,  66.4312,  27.3499],
['2018-06-21',   269.736,  66.4313,  27.3499],
['2018-06-22',   269.736,  66.4314,  27.3499],
['2018-06-23',   269.736,  66.4316,  27.3499],
['2018-06-24',   269.736,  66.4318,  27.3499],
['2018-06-25',   269.736,  66.4319,  27.3499],
['2018-06-26',   269.736,  66.4320,  27.3499],
['2018-06-27',   269.736,  66.4323,  27.3499],
['2018-06-28',   269.736,  66.4324,  27.3499],
['2018-06-29',   269.736,  66.4325,  27.3499],
['2018-06-30',   269.736,  66.4327,  27.3499],
['2018-07-01',   269.736,  66.4328,  27.3499],
['2018-07-02',   269.736,  66.4330,  27.3499],
['2018-07-03',   269.736,  66.4331,  27.3499],
['2018-07-04',   269.736,  66.4332,  27.3499],
['2018-07-05',   269.736,  66.4333,  27.3499],
['2018-07-06',   269.736,  66.4334,  27.3499],
['2018-07-07',   269.736,  66.4337,  27.3499],
['2018-07-08',   269.736,  66.4338,  27.3499],
['2018-07-09',   269.736,  66.4339,  27.3499],
['2018-07-10',   269.736,  66.4340,  27.3499],
['2018-07-11',   269.736,  66.4342,  27.3499],
['2018-07-12',   269.736,  66.4343,  27.3499],
['2018-07-13',   269.736,  66.4345,  27.3499],
['2018-07-14',   269.736,  66.4347,  27.3499],
['2018-07-15',   269.736,  66.4348,  27.3499],
['2018-07-16',   269.736,  66.4349,  27.3499],
['2018-07-17',   269.736,  66.4349,  27.3499],
['2018-07-18',   269.736,  66.4350,  27.3499],
['2018-07-19',   269.736,  66.4350,  27.3499],
['2018-07-20',   269.736,  66.4351,  27.3499],
['2018-07-21',   269.736,  66.4351,  27.3499],
['2018-07-22',   269.736,  66.4353,  27.3499],
['2018-07-23',   269.736,  66.4353,  27.3499],
['2018-07-24',   269.736,  66.4356,  27.3499],
['2018-07-25',   269.736,  66.4356,  27.3499],
['2018-07-26',   269.736,  66.4359,  27.3499],
['2018-07-27',   269.736,  66.4359,  27.3499],
['2018-07-28',   269.736,  66.4361,  27.3499],
['2018-07-29',   269.736,  66.4361,  27.3499],
['2018-07-30',   269.736,  66.4364,  27.3499],
['2018-07-31',   269.736,  66.4366,  27.3499],
['2018-08-01',   269.736,  66.4366,  27.3499],
['2018-08-02',   269.736,  66.4369,  27.3499],
['2018-08-03',   269.736,  66.4369,  27.3499],
['2018-08-04',   269.736,  66.4371,  27.3499],
['2018-08-05',   269.736,  66.4371,  27.3499],
['2018-08-06',   269.736,  66.4374,  27.3499],
['2018-08-07',   269.736,  66.4374,  27.3499],
['2018-08-08',   269.736,  66.4376,  27.3499],
['2018-08-09',   269.736,  66.4377,  27.3499],
['2018-08-10',   269.736,  66.4379,  27.3499],
['2018-08-11',   269.736,  66.4379,  27.3499],
['2018-08-12',   269.736,  66.4381,  27.3499],
['2018-08-13',   269.736,  66.4381,  27.3499],
['2018-08-14',   269.736,  66.4384,  27.3499],
['2018-08-15',   269.736,  66.4384,  27.3499],
['2018-08-16',   269.736,  66.4387,  27.3499],
['2018-08-17',   269.736,  66.4388,  27.3499],
['2018-08-18',   269.736,  66.4389,  27.3499],
['2018-08-19',   269.736,  66.4392,  27.3499],
['2018-08-20',   269.736,  66.4392,  27.3499],
['2018-08-21',   269.736,  66.4394,  27.3499],
['2018-08-22',   269.736,  66.4394,  27.3499],
['2018-08-23',   269.736,  66.4398,  27.3499],
['2018-08-24',   269.736,  66.4398,  27.3499],
['2018-08-25',   269.736,  66.4401,  27.3499],
['2018-08-26',   269.736,  66.4401,  27.3499],
['2018-08-27',   269.736,  66.4402,  27.3499],
['2018-08-28',   269.736,  66.4402,  27.3499],
['2018-08-29',   269.736,  66.4405,  27.3499],
['2018-08-30',   269.736,  66.4405,  27.3499],
['2018-08-31',   269.736,  66.4407,  27.3499],
['2018-09-01',   269.736,  66.4407,  27.3499],
['2018-09-02',   269.736,  66.4409,  27.3499],
['2018-09-03',   269.736,  66.4409,  27.3499],
['2018-09-04',   269.736,  66.4412,  27.3499],
['2018-09-05',   269.736,  66.4415,  27.3499],
['2018-09-06',   269.736,  66.4415,  27.3499],
['2018-09-07',   269.736,  66.4419,  27.3499],
['2018-09-08',   269.736,  66.4419,  27.3499],
['2018-09-09',   269.736,  66.4422,  27.3499],
['2018-09-10',   269.736,  66.4422,  27.3499],
['2018-09-11',   269.736,  66.4427,  27.3499],
['2018-09-12',   269.736,  66.4427,  27.3499],
['2018-09-13',   269.736,  66.4431,  27.3499],
['2018-09-14',   269.736,  66.4431,  27.3499],
['2018-09-15',   269.736,  66.4435,  27.3499],
['2018-09-16',   269.736,  66.4435,  27.3499],
['2018-09-17',   269.736,  66.4439,  27.3499],
['2018-09-18',   269.736,  66.4439,  27.3499],
['2018-09-19',   269.736,  66.4440,  27.3499],
['2018-09-20',   269.736,  66.4440,  27.3499],
['2018-09-21',   269.736,  66.4442,  27.3499],
['2018-09-22',   269.736,  66.4442,  27.3499],
['2018-09-23',   269.736,  66.4443,  27.3499],
['2018-09-24',   269.736,  66.4446,  27.3499],
['2018-09-25',   269.736,  66.4446,  27.3499],
['2018-09-26',   269.736,  66.4449,  27.3499],
['2018-09-27',   269.736,  66.4449,  27.3499],
['2018-09-28',   269.736,  66.4452,  27.3499],
['2018-09-29',   269.736,  66.4452,  27.3499],
['2018-09-30',   269.736,  66.4455,  27.3499],
['2018-10-01',   269.736,  66.4455,  27.3499],
['2018-10-02',   269.736,  66.4458,  27.3499],
['2018-10-03',   269.736,  66.4499,  27.3499],
['2018-10-04',   269.736,  66.4501,  27.3499],
['2018-10-05',   269.736,  66.4501,  27.3499],
['2018-10-06',   269.736,  66.4503,  27.3499],
['2018-10-07',   269.736,  66.4503,  27.3499],
['2018-10-08',   269.736,  66.4505,  27.3499],
['2018-10-09',   269.736,  66.4505,  27.3499],
['2018-10-10',   269.736,  66.4507,  27.3499],
['2018-10-11',   269.736,  66.7012,  27.3499],
['2018-10-12',   269.736,  66.7012,  27.3499],
['2018-10-13',   269.736,  66.7012,  27.3499],
['2018-10-14',   269.736,  66.7012,  27.3499],
['2018-10-15',   269.736,  66.7012,  27.3499],
['2018-10-16',   269.736,  66.7012,  27.3499],
['2018-10-17',   269.736,  66.7012,  27.3499],
['2018-10-18',   269.736,  66.7012,  27.3499],
['2018-10-19',   269.736,  66.7012,  27.3499],
['2018-10-20',   269.736,  66.7012,  27.3499],
['2018-10-21',   269.736,  66.7012,  27.3499],
['2018-10-22',   269.736,  66.7012,  27.3499],
['2018-10-23',   269.736,  66.7013,  27.3499],
['2018-10-24',   269.736,  66.7013,  27.3499],
['2018-10-25',   269.736,  66.7013,  27.3499],
['2018-10-26',   269.736,  66.7013,  27.3499],
['2018-10-27',   269.736,  66.7013,  27.3499],
['2018-10-28',   269.736,  66.7013,  27.3499],
['2018-10-29',   269.736,  66.7013,  27.3499],
['2018-10-30',   269.736,  66.7013,  27.3499],
['2018-10-31',   269.736,  66.7013,  27.3499],
['2018-11-01',   269.736,  66.7013,  27.3499],
['2018-11-02',   269.736,  66.7013,  27.3499],
['2018-11-03',   269.736,  66.7013,  27.3499],
['2018-11-04',   269.736,  66.7013,  27.3499],
['2018-11-05',   269.736,  66.7013,  27.3499],
['2018-11-06',   269.736,  66.7013,  27.3499],
['2018-11-07',   269.736,  66.7013,  27.3499],
['2018-11-08',   269.736,  66.7013,  27.3499],
['2018-11-09',   269.736,  66.7013,  27.3499],
['2018-11-10',   269.736,  66.7013,  27.3499],
['2018-11-11',   269.736,  66.7013,  27.3499],
['2018-11-12',   269.736,  66.7013,  27.3499],
['2018-11-13',   269.736,  66.7013,  27.3499],
['2018-11-14',   269.736,  66.7013,  27.3499],
['2018-11-15',   269.736,  66.7013,  27.3499],
['2018-11-16',   269.736,  66.7013,  27.3499],
['2018-11-17',   269.736,  66.7013,  27.3499],
['2018-11-18',   269.736,  66.7013,  27.3499],
['2018-11-19',   269.736,  66.7013,  27.3499],
['2018-11-20',   269.736,  66.7013,  27.3499],
['2018-11-21',   269.736,  66.7013,  27.3499],
['2018-11-22',   269.736,  66.7013,  27.3499],
['2018-11-23',   269.736,  66.7014,  27.3499],
['2018-11-24',   269.736,  66.7014,  27.3499],
['2018-11-25',   269.736,  66.7014,  27.3499],
['2018-11-26',   269.736,  66.7014,  27.3499],
['2018-11-27',   269.736,  66.7014,  27.3499],
['2018-11-28',   269.736,  66.7014,  27.3499],
['2018-11-29',   269.736,  66.7014,  27.3499],
['2018-11-30',   269.736,  66.7014,  27.3499],
['2018-12-01',   269.736,  66.7014,  27.3499],
['2018-12-02',   269.736,  66.7014,  27.3499],
['2018-12-03',   269.736,  66.7014,  27.3499],
['2018-12-04',   269.736,  66.7014,  27.3499],
['2018-12-05',   269.736,  66.7014,  27.3499],
['2018-12-06',   269.736,  66.7014,  27.3499],
['2018-12-07',   269.736,  66.7014,  27.3499],
['2018-12-08',   269.736,  66.7014,  27.3499],
['2018-12-09',   269.736,  66.7014,  27.3499],
['2018-12-10',   269.736,  66.7014,  27.3499],
['2018-12-11',   269.736,  66.7014,  27.3499],
['2018-12-12',   269.736,  66.7092,  27.3499],
['2018-12-13',   269.736,  66.7092,  27.3499],
['2018-12-14',   269.736,  66.7092,  27.3499],
['2018-12-15',   269.736,  66.7117,  27.3499],
['2018-12-16',   269.736,  66.7118,  27.3499],
['2018-12-17',   269.736,  66.7118,  27.3499],
['2018-12-18',   269.736,  66.7118,  27.3499],
['2018-12-19',   269.736,  66.7118,  27.3499],
['2018-12-20',   269.736,  66.7118,  27.3499],
['2018-12-21',   269.736,  66.7118,  27.3499],
['2018-12-22',   269.736,  66.7118,  27.3499],
['2018-12-23',   269.736,  66.7118,  27.3499],
['2018-12-24',   269.736,  66.7118,  27.3499],
['2018-12-25',   269.736,  66.7118,  27.3499],
['2018-12-26',   269.736,  66.7118,  27.3499],
['2018-12-27',   269.736,  66.7118,  27.3499],
['2018-12-28',   269.736,  66.7118,  27.3499],
['2018-12-29',   269.736,  66.7118,  27.3499],
['2018-12-30',   269.736,  66.7118,  27.3499],
['2018-12-31',   269.736,  66.7118,  27.3499],
['2019-01-01',   269.736,  66.7118,  27.3499],
['2019-01-02',   269.736,  66.7118,  27.3499],
['2019-01-03',   269.736,  66.7118,  27.3499],
['2019-01-04',   269.736,  66.7118,  27.3499],
['2019-01-05',   269.736,  66.7118,  27.3499],
['2019-01-06',   269.736,  66.7118,  27.3499],
['2019-01-07',   269.736,  66.7118,  27.3499],
['2019-01-08',   269.736,  66.7118,  27.3499],
['2019-01-09',   269.736,  66.7118,  27.3499],
['2019-01-10',   269.736,  66.7118,  27.3499],
['2019-01-11',   269.736,  66.7118,  27.3499],
['2019-01-12',   269.736,  66.7118,  27.3499],
['2019-01-13',   269.736,  66.7118,  27.3499],
['2019-01-14',   269.736,  66.7118,  27.3499],
['2019-01-15',   269.736,  66.7118,  27.3499],
['2019-01-16',   269.736,  66.7118,  27.3499],
['2019-01-17',   269.736,  66.7118,  27.3499],
['2019-01-18',   269.736,  66.7118,  27.3499],
['2019-01-19',   269.736,  66.7118,  27.3499],
['2019-01-20',   269.736,  66.7118,  27.3499],
['2019-01-21',   269.736,  66.7118,  27.3499],
['2019-01-22',   269.736,  66.7118,  27.3499],
['2019-01-23',   269.736,  66.7118,  27.3499],
['2019-01-24',   269.736,  66.7118,  27.3499],
['2019-01-25',   269.736,  66.7118,  27.3499],
['2019-01-26',   269.736,  66.7130,  27.3499],
['2019-01-27',   269.736,  66.7130,  27.3499],
['2019-01-28',   269.736,  66.7130,  27.3499],
['2019-01-29',   269.736,  66.7130,  27.3499],
['2019-01-30',   269.736,  66.7130,  27.3499],
['2019-01-31',   269.736,  66.7130,  27.3499],
['2019-02-01',   269.736,  66.7130,  27.3499],
['2019-02-02',   269.736,  66.7130,  27.3499],
['2019-02-03',   269.736,  66.7130,  27.3499],
['2019-02-04',   269.736,  66.7130,  27.3499],
['2019-02-05',   269.736,  66.7130,  27.3499],
['2019-02-06',   269.736,  66.7130,  27.3499],
['2019-02-07',   269.736,  66.7130,  27.3499],
['2019-02-08',   269.736,  66.7130,  27.3499],
['2019-02-09',   269.736,  66.7130,  27.3499],
['2019-02-10',   269.736,  66.7130,  27.3499],
['2019-02-11',   269.736,  66.7130,  27.3499],
['2019-02-12',   269.736,  66.7130,  27.3499],
['2019-02-13',   269.736,  67.2036,  27.3499],
['2019-02-14',   269.736,  67.2043,  27.3499],
['2019-02-15',   269.736,  67.2047,  27.3499],
['2019-02-16',   269.736,  67.2051,  27.3499],
['2019-02-17',   269.736,  67.2054,  27.3499],
['2019-02-18',   269.736,  67.2057,  27.3499],
['2019-02-19',   269.736,  67.2062,  27.3499],
['2019-02-20',   269.736,  67.2064,  27.3499],
['2019-02-21',   269.736,  67.2066,  27.3499],
['2019-02-22',   269.736,  67.2071,  27.3499],
['2019-02-23',   269.736,  67.2074,  27.3499],
['2019-02-24',   269.736,  67.2075,  27.3499],
['2019-02-25',   269.736,  67.2078,  27.3499],
['2019-02-26',   269.736,  67.2082,  27.3499],
['2019-02-27',   269.736,  67.2087,  27.3499],
['2019-02-28',   269.736,  67.2088,  27.3499],
['2019-03-01',   269.736,  67.2092,  27.3499],
['2019-03-02',   269.736,  67.2092,  27.3499],
['2019-03-03',   269.736,  67.2093,  27.3499],
['2019-03-04',   269.736,  67.2096,  27.3499],
['2019-03-05',   269.736,  67.2096,  27.3499],
['2019-03-06',   269.736,  67.2096,  27.3499],
['2019-03-07',   269.736,  67.2096,  27.3499],
['2019-03-08',   269.736,  67.2096,  27.3499],
['2019-03-09',   269.736,  67.2096,  27.3499],
['2019-03-10',   269.736,  67.2096,  27.3499],
['2019-03-11',   269.736,  67.2096,  27.3499],
['2019-03-12',   269.736,  67.2096,  27.3499],
['2019-03-13',   269.736,  67.2096,  27.3499],
['2019-03-14',   269.736,  67.2096,  27.3499],
['2019-03-15',   269.736,  67.2096,  27.3499],
['2019-03-16',   269.736,  67.2096,  27.3499],
['2019-03-17',   269.736,  67.2096,  27.3499],
['2019-03-18',   269.736,  67.2096,  27.3499],
['2019-03-19',   269.736,  67.2096,  27.3499],
['2019-03-20',   269.736,  67.2096,  27.3499],
['2019-03-21',   269.736,  67.2096,  27.3499],
['2019-03-22',   269.736,  67.2096,  27.3499],
['2019-03-23',   269.736,  67.2096,  27.3499],
['2019-03-24',   269.736,  67.2096,  27.3499],
['2019-03-25',   269.736,  67.2096,  27.3499],
['2019-03-26',   269.736,  67.2096,  27.3499],
['2019-03-27',   269.736,  67.2096,  27.3499],
['2019-03-28',   269.736,  67.2096,  27.3499],
['2019-03-29',   269.736,  67.2096,  27.3499],
['2019-03-30',   269.736,  67.2096,  27.3499],
['2019-03-31',   269.736,  67.2096,  27.3499],
['2019-04-01',   269.736,  67.2096,  27.3499],
['2019-04-02',   269.736,  67.2096,  27.3499],
['2019-04-03',   269.736,  67.2096,  27.3499],
['2019-04-04',   269.736,  67.2096,  27.3499],
['2019-04-05',   269.736,  67.2096,  27.3499],
['2019-04-06',   269.736,  67.2096,  27.3499],
['2019-04-07',   269.736,  67.2096,  27.3499],
['2019-04-08',   269.736,  67.2096,  27.3499],
['2019-04-09',   269.736,  67.2096,  27.3499],
['2019-04-10',   269.736,  67.2096,  27.3499],
['2019-04-11',   269.736,  67.2096,  27.3499],
['2019-04-12',   269.736,  67.2096,  27.3499],
['2019-04-13',   269.736,  67.2096,  27.3499],
['2019-04-14',   269.736,  67.2096,  27.3499],
['2019-04-15',   269.736,  67.2096,  27.3499],
['2019-04-16',   269.736,  67.2096,  27.3499],
['2019-04-17',   269.736,  67.2096,  27.3499],
['2019-04-18',   269.736,  67.2096,  27.3499],
['2019-04-19',   269.736,  67.2096,  27.3499],
['2019-04-20',   269.736,  67.2096,  27.3499],
['2019-04-21',   269.736,  67.2096,  27.3499],
['2019-04-22',   269.736,  67.2096,  27.3499],
['2019-04-23',   269.736,  67.2096,  27.3499],
['2019-04-24',   269.736,  67.2096,  27.3499],
['2019-04-25',   269.736,  67.2096,  27.3499],
['2019-04-26',   269.736,  67.2096,  27.3499],
['2019-04-27',   269.736,  67.2096,  27.3499],
['2019-04-28',   269.736,  67.2096,  27.3499],
['2019-04-29',   269.736,  67.2096,  27.3499],
['2019-04-30',   269.736,  67.2096,  27.3499],
['2019-05-01',   269.736,  67.2096,  27.3499],
['2019-05-02',   269.736,  67.2096,  27.3499],
['2019-05-03',   269.736,  67.2096,  27.3499],
['2019-05-04',   269.736,  67.2096,  27.3499],
['2019-05-05',   269.736,  67.2096,  27.3499],
['2019-05-06',   269.736,  67.2096,  27.3499],
['2019-05-07',   269.736,  67.2096,  27.3499],
['2019-05-08',   269.736,  67.2096,  27.3499],
['2019-05-09',   269.736,  67.2096,  27.3499],
['2019-05-10',   269.736,  67.2096,  27.3499],
['2019-05-11',   269.736,  67.2096,  27.3499],
['2019-05-12',   269.736,  67.2096,  27.3499],
['2019-05-13',   269.736,  67.2096,  27.3499],
['2019-05-14',   269.736,  67.2096,  27.3499],
['2019-05-15',   269.736,  67.2096,  27.3499],
['2019-05-16',   269.736,  67.2096,  27.3499],
['2019-05-17',   269.736,  67.2096,  27.3499],
['2019-05-18',   269.736,  67.2096,  27.3499],
['2019-05-19',   269.736,  67.2096,  27.3499],
['2019-05-20',   269.736,  67.2096,  27.3499],
['2019-05-21',   269.736,  67.2096,  27.3499],
['2019-05-22',   269.736,  67.2096,  27.3499],
['2019-05-23',   269.736,  67.2096,  27.3499],
['2019-05-24',   269.736,  67.2096,  27.3499],
['2019-05-25',   269.736,  67.2096,  27.3499],
['2019-05-26',   269.736,  67.2096,  27.3499],
['2019-05-27',   269.736,  67.2096,  27.3499],
['2019-05-28',   269.736,  67.2096,  27.3499],
['2019-05-29',   269.736,  67.2096,  27.3499],
['2019-05-30',   269.736,  67.2096,  27.3499],
['2019-05-31',   269.736,  67.2096,  27.3499],
['2019-06-01',   269.736,  67.2096,  27.3499],
['2019-06-02',   269.736,  67.2096,  27.3499],
['2019-06-03',   269.736,  67.2096,  27.3499],
['2019-06-04',   269.736,  67.2096,  27.3499],
['2019-06-05',   269.736,  67.2096,  27.3499],
['2019-06-06',   269.736,  67.2096,  27.3499],
['2019-06-07',   269.736,  67.2096,  27.3499],
['2019-06-08',   269.736,  67.2096,  27.3499],
['2019-06-09',   269.736,  67.2096,  27.3499],
['2019-06-10',   269.736,  67.2096,  27.3499],
['2019-06-11',   269.736,  67.2096,  27.3499],
['2019-06-12',   269.736,  67.2096,  27.3499],
['2019-06-13',   269.736,  67.2096,  27.3499],
['2019-06-14',   269.736,  67.2096,  27.3499],
['2019-06-15',   269.736,  67.2096,  27.3499],
['2019-06-16',   269.736,  67.2096,  27.3499],
['2019-06-17',   269.736,  67.2096,  27.3499],
['2019-06-18',   269.736,  67.2096,  27.3499],
['2019-06-19',   269.736,  67.2096,  27.3499],
['2019-06-20',   269.736,  67.2096,  27.3499],
['2019-06-21',   269.736,  67.2096,  27.3499],
['2019-06-22',   269.736,  67.2096,  27.3499],
['2019-06-23',   269.736,  67.2096,  27.3499],
['2019-06-24',   269.736,  67.2096,  27.3499],
['2019-06-25',   269.736,  67.2096,  27.3499],
['2019-06-26',   269.736,  67.2096,  27.3499],
['2019-06-27',   269.736,  67.2096,  27.3499],
['2019-06-28',   269.736,  67.2096,  27.3499],
['2019-06-29',   269.736,  67.2096,  27.3499],
['2019-06-30',   269.736,  67.2096,  27.3499],
['2019-07-01',   269.736,  67.2096,  27.3499],
['2019-07-02',   269.736,  67.2096,  27.3499],
['2019-07-03',   269.736,  67.2096,  27.3499],
['2019-07-04',   269.736,  67.2096,  27.3499],
['2019-07-05',   269.736,  67.2096,  27.3499],
['2019-07-06',   269.736,  67.2096,  27.3499],
['2019-07-07',   269.736,  67.2096,  27.3499],
['2019-07-08',   269.736,  67.2096,  27.3499],
['2019-07-09',   269.736,  67.2096,  27.3499],
['2019-07-10',   269.736,  67.2096,  27.3499],
['2019-07-11',   269.736,  67.2096,  27.3499],
['2019-07-12',   269.736,  67.2096,  27.3499],
['2019-07-13',   269.736,  67.2096,  27.3499],
['2019-07-14',   269.736,  67.2096,  27.3499],
['2019-07-15',   269.736,  67.2096,  27.3499],
['2019-07-16',   269.736,  67.2096,  27.3499],
['2019-07-17',   269.736,  67.2096,  27.3499],
['2019-07-18',   269.736,  67.2096,  27.3499],
['2019-07-19',   269.736,  67.2096,  27.3499],
['2019-07-20',   269.736,  67.2096,  27.3499],
['2019-07-21',   269.736,  67.2096,  27.3499],
['2019-07-22',   269.736,  67.2096,  27.3499],
['2019-07-23',   269.736,  67.2096,  27.3499],
['2019-07-24',   269.736,  67.2096,  27.3499],
['2019-07-25',   269.736,  67.2096,  27.3499],
['2019-07-26',   269.736,  67.2096,  27.3499],
['2019-07-27',   269.736,  67.2096,  27.3499],
['2019-07-28',   269.736,  67.2096,  27.3499],
['2019-07-29',   269.736,  67.2096,  27.3499],
['2019-07-30',   269.736,  67.2096,  27.3499],
['2019-07-31',   269.736,  67.2096,  27.3499],
['2019-08-01',   269.736,  67.2096,  27.3499],
['2019-08-02',   269.736,  67.2096,  27.3499],
['2019-08-03',   269.736,  67.2096,  27.3499],
['2019-08-04',   269.736,  67.2096,  27.3499],
['2019-08-05',   269.736,  67.2096,  27.3499],
['2019-08-06',   269.736,  67.2096,  27.3499],
['2019-08-07',   269.736,  67.2096,  27.3499],
['2019-08-08',   269.736,  67.2096,  27.3499],
['2019-08-09',   269.736,  67.2096,  27.3499],
['2019-08-10',   269.736,  67.2096,  27.3499],
['2019-08-11',   269.736,  67.2096,  27.3499],
['2019-08-12',   269.736,  67.2096,  27.3499],
['2019-08-13',   269.736,  67.2096,  27.3499],
['2019-08-14',   269.736,  67.2096,  27.3499],
['2019-08-15',   269.736,  67.2096,  27.3499],
['2019-08-16',   269.736,  67.2096,  27.3499],
['2019-08-17',   269.736,  67.2096,  27.3499],
['2019-08-18',   269.736,  67.2096,  27.3499],
['2019-08-19',   269.736,  67.2096,  27.3499],
['2019-08-20',   269.736,  67.2096,  27.3499],
['2019-08-21',   269.736,  67.2096,  27.3499],
['2019-08-22',   269.736,  67.2096,  27.3499],
['2019-08-23',   269.736,  67.2096,  27.3499],
['2019-08-24',   269.736,  67.2096,  27.3499],
['2019-08-25',   269.736,  67.2096,  27.3499],
['2019-08-26',   269.736,  67.2096,  27.3499],
['2019-08-27',   269.736,  67.2096,  27.3499],
['2019-08-28',   269.736,  67.2096,  27.3499],
['2019-08-29',   269.736,  67.2096,  27.3499],
['2019-08-30',   269.736,  67.2096,  27.3499],
['2019-08-31',   269.736,  67.2096,  27.3499],
['2019-09-01',   269.736,  67.2096,  27.3499],
['2019-09-02',   269.736,  67.2096,  27.3499],
['2019-09-03',   269.736,  67.2096,  27.3499],
['2019-09-04',   269.736,  67.2096,  27.3499],
['2019-09-05',   269.736,  67.2096,  27.3499],
['2019-09-06',   269.736,  67.2096,  27.3499],
['2019-09-07',   269.736,  67.2096,  27.3499],
['2019-09-08',   269.736,  67.2096,  27.3499],
['2019-09-09',   269.736,  67.2096,  27.3499],
['2019-09-10',   269.736,  67.2096,  27.3499],
['2019-09-11',   269.736,  67.2096,  27.3499],
['2019-09-12',   269.736,  67.2096,  27.3499],
['2019-09-13',   269.736,  67.2096,  27.3499],
['2019-09-14',   269.736,  67.2096,  27.3499],
['2019-09-15',   269.736,  67.2096,  27.3499],
['2019-09-16',   269.736,  67.2096,  27.3499],
['2019-09-17',   269.736,  67.2096,  27.3499],
['2019-09-18',   269.736,  67.2096,  27.3499],
['2019-09-19',   269.736,  67.2096,  27.3499],
['2019-09-20',   269.736,  67.2096,  27.3499],
['2019-09-21',   269.736,  67.2096,  27.3499],
['2019-09-22',   269.736,  67.2096,  27.3499],
['2019-09-23',   269.736,  67.2096,  27.3499],
['2019-09-24',   269.736,  67.2096,  27.3499],
['2019-09-25',   269.736,  67.2096,  27.3499],
['2019-09-26',   269.736,  67.2096,  27.3499],
['2019-09-27',   269.736,  67.2096,  27.3499],
['2019-09-28',   269.736,  67.2096,  27.3499],
['2019-09-29',   269.736,  67.2096,  27.3499],
['2019-09-30',   269.736,  67.2096,  27.3499],
['2019-10-01',   269.736,  67.2096,  27.3499],
['2019-10-02',   269.736,  67.2096,  27.3499]
        ]);
        var options = {
          title: 'Storage report from LDC V9000-1 - pocafasv03 ',
          chartArea:{left:50,top:50},vAxis:{title:'Gigabytes'},hAxis:{title:'DateTime'}
        };

        var chart = new google.visualization.LineChart(document.getElementById('chart_div'));
        chart.draw(data, options);
      }
    </script>
  </head>
  <body>
    <div id="chart_div" style="width: 1500px; height: 900px;"></div>
  </body>
</html>
