|2017-08-29|41.88|1.00|0.00|
|2017-08-30|41.88|0.00|0.00|
|2017-08-31|41.88|0.01|0.00|
|2017-09-01|41.88|1.01|0.02|
|2017-09-02|41.88|1.01|0.02|
|2017-09-03|41.88|1.01|0.02|
|2017-09-04|41.88|1.01|0.02|
|2017-09-05|41.88|1.01|0.02|
|2017-09-06|41.88|1.01|0.02|
|2017-09-07|41.88|1.01|0.02|
|2017-09-08|41.88|20.00|0.59|
|2017-09-09|41.88|20.00|2.28|
|2017-09-10|41.88|20.00|4.60|
|2017-09-11|41.88|20.00|4.74|
|2017-09-12|41.88|39.73|4.83|
|2017-09-13|41.87|40.00|4.76|
|2017-09-14|41.88|40.27|4.80|
|2017-09-15|41.88|49.64|5.02|
|2017-09-16|41.88|50.74|7.12|
|2017-09-17|41.88|50.74|7.19|
|2017-09-18|41.88|50.74|7.24|
|2017-09-19|41.88|50.74|7.23|
|2017-09-20|41.88|50.74|7.30|
|2017-09-21|41.87|50.74|7.35|
|2017-09-22|41.87|50.74|7.21|
|2017-09-23|41.87|50.74|7.23|
|2017-09-24|41.88|50.74|7.21|
|2017-09-25|41.88|50.74|7.23|
|2017-09-26|41.88|50.74|7.24|
|2017-09-27|41.87|50.74|7.23|
|2017-09-28|41.88|50.74|7.27|
|2017-09-29|41.88|50.74|7.26|
|2017-09-30|41.88|50.74|7.28|
|2017-10-01|41.88|50.74|7.25|
|2017-10-02|41.88|50.74|7.27|
|2017-10-03|41.88|30.74|7.33|
|2017-10-04|41.88|30.93|7.24|
|2017-10-05|41.87|30.93|7.21|
|2017-10-06|41.87|30.93|7.24|
|2017-10-07|41.87|30.93|7.24|
|2017-10-08|41.87|30.93|7.25|
|2017-10-09|41.87|30.93|7.22|
|2017-10-10|41.87|38.93|7.25|
|2017-10-11|41.87|38.93|7.27|
|2017-10-12|41.88|39.34|7.26|
|2017-10-13|41.87|39.61|7.32|
|2017-10-14|41.87|39.61|7.29|
|2017-10-15|41.87|39.61|7.29|
|2017-10-16|41.87|40.17|7.46|
|2017-10-17|41.87|40.17|8.13|
|2017-10-18|41.87|51.11|9.33|
|2017-10-19|41.87|51.90|11.17|
|2017-10-20|41.87|56.57|11.60|
|2017-10-21|41.87|57.08|11.58|
|2017-10-22|41.87|57.08|11.62|
|2017-10-23|41.87|57.08|11.65|
|2017-10-24|41.87|64.08|12.02|
|2017-10-25|41.87|67.12|12.53|
|2017-10-26|41.87|71.63|12.89|
|2017-10-27|41.87|71.63|13.05|
|2017-10-28|41.87|71.63|13.21|
|2017-10-29|41.88|71.63|13.22|
|2017-10-30|41.87|71.63|13.23|
|2017-10-31|41.87|71.63|13.31|
|2017-11-01|41.87|71.63|13.33|
|2017-11-02|41.87|82.86|13.71|
|2017-11-03|41.88|83.36|14.15|
|2017-11-04|41.88|83.36|14.37|
|2017-11-05|41.88|83.36|14.39|
|2017-11-06|41.87|91.61|14.39|
|2017-11-07|41.87|92.18|14.85|
|2017-11-08|41.87|92.96|15.19|
|2017-11-09|41.87|92.96|15.25|
|2017-11-10|41.87|93.20|15.19|
|2017-11-11|41.87|94.80|15.20|
|2017-11-12|41.87|94.80|15.27|
|2017-11-13|41.87|95.17|15.30|
|2017-11-14|41.87|95.74|15.45|
|2017-11-15|41.87|95.74|15.49|
|2017-11-16|41.87|116.75|15.87|
|2017-11-17|41.87|116.75|17.26|
|2017-11-18|41.87|115.55|18.37|
|2017-11-19|41.87|115.55|18.87|
|2017-11-20|41.87|115.55|18.91|
|2017-11-21|41.87|116.72|18.85|
|2017-11-22|41.87|116.72|18.91|
|2017-11-23|41.87|117.76|19.29|
|2017-11-24|41.87|117.76|19.32|
|2017-11-25|41.87|117.76|19.38|
|2017-11-26|41.87|117.76|19.48|
|2017-11-27|41.87|117.76|19.50|
|2017-11-28|41.87|117.76|19.55|
|2017-11-29|41.87|122.84|20.89|
|2017-11-30|41.87|122.84|21.98|
|2017-12-01|41.87|123.01|21.90|
|2017-12-02|41.87|123.01|21.96|
|2017-12-04|41.87|123.01|21.88|
|2017-12-05|41.87|123.01|21.92|
|2017-12-06|41.87|123.01|22.01|
|2017-12-07|41.87|123.01|22.00|
|2017-12-08|41.87|123.01|21.99|
|2017-12-09|41.87|144.01|21.98|
|2017-12-10|41.87|144.01|22.25|
|2017-12-11|41.87|159.27|22.49|
|2017-12-12|41.87|159.27|22.64|
|2017-12-13|41.87|159.27|22.74|
|2017-12-14|41.87|189.93|22.83|
|2017-12-15|41.87|201.02|22.79|
|2017-12-16|41.87|141.54|22.87|
|2017-12-17|41.87|141.54|22.71|
|2017-12-18|41.87|141.54|22.73|
|2017-12-19|41.87|141.54|22.81|
|2017-12-20|41.87|141.54|22.88|
|2017-12-21|41.87|141.54|22.83|
|2017-12-22|41.87|141.54|22.83|
|2017-12-23|41.87|141.54|22.85|
|2017-12-24|41.87|141.54|22.86|
|2017-12-25|41.87|141.54|22.76|
|2017-12-26|41.87|141.54|22.84|
|2017-12-27|41.87|141.54|22.87|
|2017-12-28|41.87|141.54|22.87|
|2017-12-29|41.87|141.54|22.89|
|2017-12-30|41.87|141.54|22.90|
|2017-12-31|41.87|141.54|22.78|
|2018-01-01|41.87|141.54|22.83|
|2018-01-02|41.87|141.54|22.91|
|2018-01-03|41.87|141.54|23.05|
|2018-01-04|41.87|142.04|22.95|
|2018-01-05|41.87|142.31|23.09|
|2018-01-06|41.87|142.31|23.02|
|2018-01-07|41.87|142.31|23.04|
|2018-01-08|41.87|142.31|23.05|
|2018-01-09|41.87|142.31|23.11|
|2018-01-10|41.87|142.31|23.19|
|2018-01-11|41.87|142.31|23.19|
|2018-01-12|41.87|142.31|23.19|
|2018-01-13|41.87|142.31|23.19|
|2018-01-14|41.87|142.31|23.13|
|2018-01-15|41.87|142.31|23.13|
|2018-01-16|41.88|142.31|23.22|
|2018-01-17|41.87|142.31|23.27|
|2018-01-18|41.87|142.04|23.34|
|2018-01-19|41.87|142.04|23.27|
|2018-01-20|41.87|142.04|23.30|
|2018-01-21|41.87|142.04|23.29|
|2018-01-22|41.87|142.04|23.34|
|2018-01-23|41.87|142.04|23.50|
|2018-01-24|41.88|142.04|23.54|
|2018-01-25|41.87|142.04|23.49|
|2018-01-26|41.87|142.04|23.51|
|2018-01-26|41.87|142.04|23.54|
|2018-01-27|41.87|142.04|23.46|
|2018-01-28|41.87|142.04|23.47|
|2018-01-29|41.87|142.04|23.51|
|2018-01-30|41.88|161.61|23.59|
|2018-01-31|41.87|161.61|23.70|
|2018-02-01|41.87|161.61|23.59|
|2018-02-02|41.87|162.87|23.59|
|2018-02-03|41.87|162.87|23.49|
|2018-02-04|41.87|162.87|23.49|
|2018-02-05|41.87|162.87|23.53|
|2018-02-06|41.87|173.37|23.52|
|2018-02-07|41.87|173.37|23.67|
|2018-02-08|41.87|164.90|23.72|
|2018-02-09|41.87|153.80|23.61|
|2018-02-10|41.87|153.80|23.67|
|2018-02-11|41.87|153.80|23.66|
|2018-02-12|41.87|153.80|23.65|
|2018-02-13|41.87|154.05|23.76|
|2018-02-14|41.87|154.05|23.72|
|2018-02-15|41.87|154.05|23.80|
|2018-02-16|41.87|154.05|23.76|
|2018-02-17|41.87|154.05|23.78|
|2018-02-18|41.87|154.05|23.70|
|2018-02-19|41.87|154.05|23.84|
|2018-02-20|41.87|154.05|23.92|
|2018-02-21|41.88|154.05|23.98|
|2018-02-22|41.87|154.05|23.85|
|2018-02-23|41.87|154.05|23.87|
|2018-02-24|41.87|154.05|23.88|
|2018-02-25|41.87|154.05|23.85|
|2018-02-26|41.87|154.05|23.82|
|2018-02-27|41.88|154.05|23.93|
|2018-02-28|41.87|154.35|23.96|
|2018-03-01|41.88|154.35|23.96|
|2018-03-02|41.88|154.35|23.96|
|2018-03-03|41.87|154.35|23.95|
|2018-03-04|41.87|154.35|23.93|
|2018-03-05|41.88|154.35|23.96|
|2018-03-06|41.87|154.35|24.05|
|2018-03-07|41.87|154.35|24.06|
|2018-03-08|41.87|154.35|24.11|
|2018-03-09|41.87|154.35|24.11|
|2018-03-10|41.87|154.35|23.99|
|2018-03-11|41.87|154.35|23.98|
|2018-03-12|41.87|154.35|23.98|
|2018-03-13|41.87|154.35|24.13|
|2018-03-14|41.87|154.35|24.17|
|2018-03-15|41.87|154.62|24.20|
|2018-03-16|41.87|154.62|24.25|
|2018-03-17|41.87|154.62|24.21|
|2018-03-18|41.87|154.62|24.21|
|2018-03-19|41.87|154.62|24.33|
|2018-03-20|41.87|154.62|24.45|
|2018-03-21|41.87|154.62|24.62|
|2018-03-22|41.87|154.62|24.66|
|2018-03-23|41.88|154.62|24.62|
|2018-03-24|41.87|154.62|24.69|
|2018-03-25|41.87|154.62|24.68|
|2018-03-26|41.87|154.62|24.66|
|2018-03-27|41.87|154.62|24.71|
|2018-03-28|41.87|154.62|24.75|
|2018-03-29|41.87|154.62|24.80|
|2018-03-30|41.87|154.62|24.72|
|2018-03-31|41.87|154.62|24.72|
|2018-04-01|41.87|154.62|24.74|
|2018-04-02|41.87|154.86|24.73|
|2018-04-03|41.87|154.86|24.86|
|2018-04-04|41.87|154.86|24.92|
|2018-04-05|41.87|154.86|24.78|
|2018-04-06|41.87|154.86|24.81|
|2018-04-07|41.87|154.86|24.72|
|2018-04-08|41.87|154.86|24.64|
|2018-04-09|41.87|154.86|24.65|
|2018-04-10|41.87|154.59|24.73|
|2018-04-11|41.87|154.59|24.79|
|2018-04-12|41.88|154.59|24.82|
|2018-04-13|41.88|154.59|24.81|
|2018-04-14|41.88|154.59|24.77|
|2018-04-15|41.88|154.59|24.74|
|2018-04-16|41.87|154.59|24.73|
|2018-04-17|41.88|154.59|24.81|
|2018-04-18|41.87|154.59|24.73|
|2018-04-19|41.88|154.59|24.64|
|2018-04-20|41.87|154.62|24.57|
|2018-04-21|41.87|165.72|24.60|
|2018-04-22|41.87|165.72|24.58|
|2018-04-23|41.87|165.72|24.56|
|2018-04-24|41.87|174.19|24.49|
|2018-04-25|41.87|164.89|24.50|
|2018-04-26|41.87|164.89|24.41|
|2018-04-27|41.87|164.89|24.36|
|2018-04-28|41.87|164.89|24.39|
|2018-04-29|41.87|164.89|24.32|
|2018-04-30|41.88|164.89|24.32|
|2018-05-01|41.87|164.89|24.45|
|2018-05-02|41.87|164.89|24.39|
|2018-05-03|41.87|164.89|24.45|
|2018-05-04|41.87|164.32|24.52|
|2018-05-05|41.87|164.32|24.43|
|2018-05-06|41.87|164.32|24.45|
|2018-05-07|41.87|164.32|24.42|
|2018-05-08|41.87|164.32|24.55|
|2018-05-09|41.87|164.32|24.48|
|2018-05-10|41.87|164.15|24.70|
|2018-05-11|41.88|164.15|24.75|
|2018-05-12|41.87|164.15|24.96|
|2018-05-13|41.88|164.15|25.12|
|2018-05-14|41.87|164.15|25.26|
|2018-05-15|41.87|164.15|25.44|
|2018-05-16|41.87|164.65|25.55|
|2018-05-17|41.87|164.65|25.61|
|2018-05-18|41.87|164.65|25.42|
|2018-05-19|41.87|164.65|25.49|
|2018-05-20|41.87|164.65|25.45|
|2018-05-21|41.87|164.65|25.49|
|2018-05-22|41.88|164.65|25.56|
|2018-05-23|41.87|164.65|25.58|
|2018-05-24|41.87|164.65|25.68|
|2018-05-25|41.87|164.65|25.66|
|2018-05-26|41.87|164.65|25.69|
|2018-05-27|41.87|164.65|25.67|
|2018-05-28|41.87|164.65|25.60|
|2018-05-29|41.87|164.65|25.73|
|2018-05-30|41.87|164.65|25.78|
|2018-05-31|41.87|143.65|25.76|
|2018-06-01|41.87|143.65|24.68|
|2018-06-02|41.87|143.65|24.61|
|2018-06-03|41.87|143.65|24.57|
|2018-06-04|41.87|143.65|24.57|
|2018-06-05|41.87|143.65|24.76|
|2018-06-06||144.12||
|2018-06-07|41.87|144.12|24.80|
|2018-06-08|41.87|144.12|24.80|
|2018-06-09|41.87|144.12|24.83|
|2018-06-10|41.87|144.12|24.72|
|2018-06-11|41.87|144.12|24.73|
|2018-06-12|41.88|144.12|24.83|
|2018-06-13|41.88|144.12|24.93|
|2018-06-14|41.88|144.12|24.88|
|2018-06-15|41.87|144.12|24.82|
|2018-06-16|41.87|144.12|24.89|
|2018-06-17|41.87|144.12|24.90|
|2018-06-18|41.87|144.12|24.87|
|2018-06-19|41.87|144.12|24.96|
|2018-06-20|41.87|144.12|24.92|
|2018-06-21|41.87|144.12|24.96|
|2018-06-22|41.87|144.12|24.97|
|2018-06-23|41.87|144.12|25.01|
|2018-06-24|41.87|144.12|25.02|
|2018-06-25|41.87|144.12|25.02|
|2018-06-26|41.87|144.12|25.00|
|2018-06-27|41.87|144.32|25.07|
|2018-06-28|41.87|144.32|25.10|
|2018-06-29|41.87|144.32|25.05|
|2018-06-30|41.87|144.32|25.00|
|2018-07-01|41.87|144.32|25.02|
|2018-07-02|41.87|144.32|25.01|
|2018-07-03|41.87|144.32|25.12|
|2018-07-04|41.87|144.32|24.97|
|2018-07-05|41.87|144.82|25.07|
|2018-07-06|41.87|144.82|25.08|
|2018-07-07|41.87|144.82|25.14|
|2018-07-08|41.87|144.82|25.14|
|2018-07-09|41.87|144.82|25.11|
|2018-07-10|41.87|144.82|25.10|
|2018-07-11|41.87|144.82|25.14|
|2018-07-12|41.87|144.82|25.09|
|2018-07-13|41.87|144.82|25.14|
|2018-07-14|41.87|144.82|25.16|
|2018-07-15|41.87|144.82|25.19|
|2018-07-16|41.88|144.82|25.07|
|2018-07-17|41.87|145.59|25.19|
|2018-07-18|41.87|146.08|25.26|
|2018-07-19|41.87|146.08|25.25|
|2018-07-20|41.87|146.08|25.15|
|2018-07-21|41.87|146.08|25.22|
|2018-07-22|41.87|146.08|25.11|
|2018-07-23|41.87|146.08|25.13|
|2018-07-24|41.87|146.08|25.16|
|2018-07-25|41.87|156.57|25.26|
|2018-07-26|41.87|156.57|25.34|
|2018-07-27|41.87|156.57|25.31|
|2018-07-28|41.87|156.57|25.39|
|2018-07-29|41.87|156.57|25.35|
|2018-07-30|41.87|156.57|25.35|
|2018-07-31|41.87|156.57|25.40|
|2018-08-01|41.87|156.57|25.45|
|2018-08-02|41.87|156.57|25.47|
|2018-08-03|41.87|156.57|25.46|
|2018-08-04|41.87|146.08|25.47|
|2018-08-05|41.87|146.08|24.95|
|2018-08-06|41.88|146.08|24.92|
|2018-08-07|41.88|146.08|24.95|
|2018-08-08|41.87|146.08|24.99|
|2018-08-09|41.88|146.08|24.97|
|2018-08-10|41.87|146.08|24.98|
|2018-08-11|41.87|146.28|25.02|
|2018-08-12|41.87|146.28|24.95|
|2018-08-13|41.87|146.28|24.94|
|2018-08-14|41.87|146.28|25.04|
|2018-08-15|41.88|146.28|25.10|
|2018-08-16|41.87|146.38|25.09|
|2018-08-17|41.87|146.38|25.07|
|2018-08-18|41.87|146.38|25.06|
|2018-08-19|41.87|146.38|25.06|
|2018-08-20|41.87|146.38|25.07|
|2018-08-21|41.87|146.38|24.86|
|2018-08-22|41.88|146.38|24.93|
|2018-08-23|41.87|146.38|24.93|
|2018-08-24|41.87|146.38|24.94|
|2018-08-25|41.87|146.38|24.94|
|2018-08-26|41.87|146.38|24.97|
|2018-08-27|41.87|146.38|24.88|
|2018-08-28|41.87|146.38|24.97|
|2018-08-29|41.87|146.38|24.98|
|2018-08-30|41.87|146.38|25.03|
|2018-08-31|41.87|146.38|24.94|
|2018-09-01|41.87|146.38|25.06|
|2018-09-02|41.87|146.38|25.09|
|2018-09-03|41.87|146.38|25.03|
|2018-09-04|41.88|146.38|24.96|
|2018-09-05|41.87|146.38|25.05|
|2018-09-06|41.87|146.38|25.12|
|2018-09-07|41.87|146.38|25.13|
|2018-09-08|41.88|146.38|25.10|
|2018-09-09|41.87|146.38|25.10|
|2018-09-10|41.87|146.47|25.10|
|2018-09-11|41.87|146.47|25.19|
|2018-09-12|41.87|146.47|25.22|
|2018-09-13|41.87|146.47|25.19|
|2018-09-14|41.87|146.67|25.20|
|2018-09-15|41.87|146.67|25.24|
|2018-09-16|41.87|146.67|25.22|
|2018-09-17|41.87|146.67|25.22|
|2018-09-18|41.87|146.67|25.15|
|2018-09-19|41.87|146.67|25.23|
|2018-09-20|41.87|146.67|25.28|
|2018-09-21|41.87|146.67|25.28|
|2018-09-22|41.87|146.67|25.29|
|2018-09-23|41.87|146.67|25.31|
|2018-09-24|41.87|146.67|25.16|
|2018-09-25|41.87|146.67|25.28|
|2018-09-26|41.87|146.67|25.36|
|2018-09-27|41.87|146.67|25.39|
|2018-09-28|41.87|168.04|25.48|
|2018-09-29|41.87|168.04|25.52|
|2018-09-30|41.87|168.04|25.54|
|2018-10-01|41.87|168.04|25.59|
|2018-10-02|41.87|168.13|25.59|
|2018-10-03|41.87|168.13|25.67|
|2018-10-04|41.88|168.13|25.71|
|2018-10-05|41.87|168.13|25.60|
|2018-10-06|41.87|168.13|25.61|
|2018-10-07|41.87|168.13|25.61|
|2018-10-08|41.87|168.13|25.62|
|2018-10-09|41.88|168.13|25.67|
|2018-10-10|41.87|168.13|25.79|
|2018-10-11|41.87|168.13|25.78|
|2018-10-12|41.88|168.63|25.75|
|2018-10-13|41.88|168.63|25.76|
|2018-10-14|41.88|168.63|25.79|
|2018-10-15|41.87|168.63|25.84|
|2018-10-16|41.87|168.73|25.98|
|2018-10-17|41.87|168.73|26.05|
|2018-10-18|41.87|168.73|26.02|
|2018-10-19|41.88|168.73|25.99|
|2018-10-20|41.87|168.73|25.99|
|2018-10-21|41.88|168.73|25.95|
|2018-10-22|41.88|168.73|25.91|
|2018-10-23|41.87|168.73|26.03|
|2018-10-24|41.87|149.27|26.02|
|2018-10-25|41.87|149.27|23.01|
|2018-10-26|41.87|149.27|23.05|
|2018-10-27|41.87|149.27|23.08|
|2018-10-28|41.88|149.27|23.08|
|2018-10-29|41.87|149.27|23.07|
|2018-10-30|41.87|149.27|23.14|
|2018-10-31|41.87|149.27|23.28|
|2018-11-01|40.38|149.27|25.77|
|2018-11-02|41.87|149.27|23.05|
|2018-11-03|41.87|149.27|23.09|
|2018-11-04|41.88|149.27|23.11|
|2018-11-05|41.88|149.27|23.11|
|2018-11-06|41.87|149.47|23.19|
|2018-11-07|41.88|149.47|23.26|
|2018-11-08|41.87|149.47|23.20|
|2018-11-09|41.87|149.47|23.22|
|2018-11-10|41.88|149.47|23.26|
|2018-11-11|41.88|149.47|23.26|
|2018-11-12|41.87|149.57|23.16|
|2018-11-13|41.87|149.57|23.30|
|2018-11-14|41.88|149.57|23.36|
|2018-11-15|41.87|149.77|23.41|
|2018-11-16|41.88|150.31|23.31|
|2018-11-17|41.88|150.31|23.34|
|2018-11-18|41.88|150.31|23.35|
|2018-11-19|41.88|150.31|23.34|
|2018-11-20|41.88|150.58|23.48|
|2018-11-21|41.88|152.14|23.41|
|2018-11-22|41.88|152.04|23.46|
|2018-11-23|41.88|152.04|23.32|
|2018-11-24|41.88|152.04|23.36|
|2018-11-25|41.88|152.04|23.38|
|2018-11-26|41.88|152.04|23.43|
|2018-11-27|41.87|152.04|23.55|
|2018-11-28|41.88|152.14|23.47|
|2018-11-29|41.87|152.14|23.58|
|2018-11-30|41.87|152.14|23.59|
|2018-12-01|41.87|152.14|23.51|
|2018-12-02|41.87|152.14|23.51|
|2018-12-03|41.87|152.14|23.54|
|2018-12-04|41.88|152.64|23.57|
|2018-12-05|41.88|153.94|23.64|
|2018-12-06|41.88|153.94|23.69|
|2018-12-07|41.88|154.91|23.70|
|2018-12-08|41.87|154.91|23.71|
|2018-12-09|41.87|154.91|23.67|
|2018-12-10|41.87|155.75|23.68|
|2018-12-11|68.68|155.75|24.66|
|2018-12-12|68.67|155.75|24.64|
|2018-12-13|68.68|156.02|24.63|
|2018-12-14|68.68|156.29|24.61|
|2018-12-15|68.68|156.29|24.61|
|2018-12-16|68.68|156.29|24.58|
|2018-12-17|68.68|156.29|24.57|
|2018-12-18|68.68|144.80|24.56|
|2018-12-19|68.67|144.53|24.54|
|2018-12-20|68.67|144.73|24.58|
|2018-12-21|68.67|145.43|24.87|
|2018-12-22|68.68|146.09|24.95|
|2018-12-23|68.68|146.09|25.30|
|2018-12-24|68.68|146.09|25.32|
|2018-12-25|68.67|146.09|25.39|
|2018-12-26|68.67|146.09|25.39|
|2018-12-27|68.67|146.09|25.39|
|2018-12-28|68.67|146.09|25.41|
|2018-12-29|68.67|146.09|25.48|
|2018-12-30|68.67|146.09|25.50|
|2018-12-31|68.68|146.09|25.47|
|2019-01-01|68.68|146.09|25.60|
|2019-01-02|68.68|146.09|25.68|
|2019-01-03|68.68|146.09|26.01|
|2019-01-04|68.67|146.09|26.44|
|2019-01-05|68.68|146.09|26.85|
|2019-01-06|68.67|146.09|27.28|
|2019-01-07|68.67|146.09|27.76|
|2019-01-08|68.68|146.09|28.24|
|2019-01-09|68.67|146.66|28.36|
|2019-01-10|68.68|146.66|28.56|
|2019-01-11|68.67|148.23|29.79|
|2019-01-12|68.68|148.99|31.05|
|2019-01-13|68.68|159.98|31.09|
|2019-01-14|68.67|159.98|31.11|
|2019-01-15|68.67|160.32|31.24|
|2019-01-16|68.67|172.83|31.49|
|2019-01-17|68.67|222.32|31.68|
|2019-01-18|68.68|239.17|31.86|
|2019-01-19|68.68|248.57|32.02|
|2019-01-20|68.68|253.47|32.26|
|2019-01-21|68.68|260.93|32.46|
|2019-01-22|68.68|264.38|32.69|
|2019-01-23|68.68|268.44|32.92|
|2019-01-24|68.67|268.71|32.96|
|2019-01-25|68.68|274.54|32.41|
|2019-01-26|68.68|277.74|32.44|
|2019-01-27|68.68|281.33|33.06|
|2019-01-28|68.67|281.80|33.76|
|2019-01-29|68.68|290.62|34.05|
|2019-01-30|68.67|301.31|34.83|
|2019-01-31|68.68|310.68|36.16|
|2019-02-01|68.67|314.49|36.62|
|2019-02-02|68.68|314.49|37.08|
|2019-02-03|68.68|317.69|37.10|
|2019-02-04|68.67|317.69|37.38|
|2019-02-05|68.68|336.60|37.55|
|2019-02-06|68.67|336.97|37.60|
|2019-02-07|68.68|339.07|37.70|
|2019-02-08|68.67|345.13|37.82|
|2019-02-09|68.68|347.24|38.03|
|2019-02-10|68.67|347.47|38.40|
|2019-02-11|68.67|347.47|38.42|
|2019-02-12|68.68|352.45|38.46|
|2019-02-13|68.67|254.13|38.56|
|2019-02-14|68.68|244.83|38.00|
|2019-02-15|68.68|244.83|38.11|
|2019-02-16|68.68|244.83|38.99|
|2019-02-17|68.68|244.83|39.23|
|2019-02-18|68.68|244.83|39.54|
|2019-02-19|68.68|244.83|39.97|
|2019-02-20|68.68|245.83|40.23|
|2019-02-21|68.68|245.83|40.38|
|2019-02-22|68.68|246.03|40.95|
|2019-02-23|68.67|247.99|41.18|
|2019-02-24|68.68|247.99|41.20|
|2019-02-25|68.68|247.99|41.19|
|2019-02-26|68.67|247.99|41.46|
|2019-02-27|68.67|247.99|41.60|
|2019-02-28|68.68|247.99|41.86|
|2019-03-01|68.68|287.99|41.93|
|2019-03-02|68.68|297.99|42.64|
|2019-03-03|68.67|297.99|42.62|
|2019-03-04|68.68|297.99|42.81|
|2019-03-05|68.68|301.28|43.01|
|2019-03-06|68.67|289.30|43.41|
|2019-03-07|68.67|292.30|43.75|
|2019-03-08|68.67|291.63|43.84|
|2019-03-09|68.68|291.63|47.17|
|2019-03-10|68.68|291.63|47.56|
|2019-03-11|68.67|291.63|50.85|
|2019-03-12|68.68|291.63|50.91|
|2019-03-13|68.68|299.63|51.06|
|2019-03-14|68.68|299.63|52.76|
|2019-03-15|68.68|221.37|53.02|
|2019-03-16|68.67|221.37|51.85|
|2019-03-17|68.68|221.37|51.46|
|2019-03-18|68.68|221.37|51.50|
|2019-03-19|68.68|221.37|51.63|
|2019-03-20|68.67|222.37|51.82|
|2019-03-21|68.67|240.43|52.63|
|2019-03-22|68.67|240.53|52.93|
|2019-03-23|68.68|239.77|53.22|
|2019-03-24|68.68|239.77|53.27|
|2019-03-25|68.68|222.57|53.30|
|2019-03-26|68.68|222.57|53.77|
|2019-03-27|68.68|217.92|53.77|
|2019-03-28|68.68|217.92|53.84|
|2019-03-29|68.68|217.92|54.27|
|2019-03-30|68.68|219.42|54.38|
|2019-03-31|68.67|219.42|54.39|
|2019-04-01|68.67|219.42|54.47|
|2019-04-02|68.67|219.42|55.10|
|2019-04-03|68.68|219.71|54.80|
|2019-04-04|68.67|219.71|54.76|
|2019-04-05|68.67|219.71|54.86|
|2019-04-06|68.67|219.71|55.15|
|2019-04-07|68.68|219.71|55.52|
|2019-04-08|68.68|219.71|55.67|
|2019-04-09|68.68|219.71|55.82|
|2019-04-10|68.67|219.71|56.61|
|2019-04-11|68.68|219.71|56.85|
|2019-04-12|68.67|211.45|56.81|
|2019-04-13|65.68|195.24|56.90|
|2019-04-14|65.68|195.56|56.61|
|2019-04-15|65.68|195.56|56.52|
|2019-04-16|68.67|195.56|56.80|
|2019-04-17|68.68|195.56|56.87|
|2019-04-18|68.67|195.56|56.84|
|2019-04-19|68.67|195.56|56.86|
|2019-04-20|68.68|195.56|56.90|
|2019-04-21|68.67|195.56|56.96|
|2019-04-22|68.67|195.56|57.01|
|2019-04-23|68.68|195.56|57.06|
|2019-04-24|68.67|162.91|57.11|
|2019-04-25|68.68|160.15|54.59|
|2019-04-26|68.67|156.23|54.02|
|2019-04-27|68.68|156.23|53.51|
|2019-04-28|68.67|156.23|53.51|
|2019-04-29|68.67|156.23|53.55|
|2019-04-30|68.67|156.23|53.58|
|2019-05-01|68.68|156.23|53.59|
|2019-05-02|68.68|156.23|53.58|
|2019-05-03|68.67|156.23|53.56|
|2019-05-04|68.68|156.23|53.59|
|2019-05-05|68.68|156.23|53.61|
|2019-05-06|68.68|156.23|53.62|
|2019-05-07|68.68|156.23|52.98|
|2019-05-08|68.67|156.23|53.51|
|2019-05-09|68.68|156.23|53.52|
|2019-05-10|68.67|156.23|53.49|
|2019-05-11|68.68|156.23|53.52|
|2019-05-12|68.68|156.23|53.52|
|2019-05-13|68.68|156.23|53.36|
|2019-05-14|68.68|156.23|53.43|
|2019-05-15|68.67|156.23|53.43|
|2019-05-16|68.68|156.23|53.46|
|2019-05-17|67.31|156.23|53.51|
|2019-05-18|67.55|146.06|53.26|
|2019-05-19|67.82|74.13|51.44|
|2019-05-20|68.09|74.13|45.19|
|2019-05-21|68.09|74.13|45.20|
|2019-05-22|68.09|74.13|45.21|
|2019-05-23|68.09|74.13|45.21|
|2019-05-24|68.09|74.13|45.21|
|2019-05-25|68.09|72.79|45.22|
|2019-05-26|68.09|72.79|45.10|
|2019-05-27|68.42|72.79|17.35|
|2019-05-28|68.59|72.79|17.40|
|2019-05-29|68.65|72.79|17.43|
|2019-05-30|68.65|72.79|17.44|
|2019-05-31|68.66|72.79|17.47|
|2019-06-01|68.67|72.79|17.49|
|2019-06-02|68.68|72.79|17.49|
|2019-06-03|68.68|0.00|0.00|
|2019-06-04||0.00||
|2019-06-05||0.00||
|2019-06-06||0.00||
|2019-06-07||0.00||
|2019-06-08||0.00||
|2019-06-09||0.00||
|2019-06-10||0.00||
|2019-06-11||0.00||
|2019-06-12||0.00||
|2019-06-13||0.00||
|2019-06-14||0.00||
|2019-06-15||0.00||
|2019-06-16||0.00||
|2019-06-17||0.00||
|2019-06-18||0.00||
|2019-06-19||0.00||
|2019-06-20||0.00||
|2019-06-21||0.00||
|2019-06-22||0.00||
|2019-06-23||0.00||
|2019-06-24||0.00||
|2019-06-25||0.00||
|2019-06-26||0.00||
|2019-06-27||0.00||
|2019-06-28||0.00||
|2019-06-29||0.00||
|2019-06-30||0.00||
|2019-07-01||0.00||
|2019-07-02||0.00||
|2019-07-03||0.00||
|2019-07-04||0.00||
|2019-07-05||0.00||
|2019-07-06||0.00||
|2019-07-07||0.00||
|2019-07-08||0.00||
|2019-07-09||0.00||
|2019-07-10||0.00||
|2019-07-11||0.00||
|2019-07-12||0.00||
|2019-07-13||0.00||
|2019-07-14||0.00||
|2019-07-15||0.00||
|2019-07-16||0.00||
|2019-07-17||0.00||
|2019-07-18||0.00||
|2019-07-19||0.00||
|2019-07-20||0.00||
|2019-07-21||0.00||
|2019-07-22||0.00||
|2019-07-23||0.00||
|2019-07-24||0.00||
|2019-07-25||0.00||
|2019-07-26||0.00||
|2019-07-27||0.00||
|2019-07-28||0.00||
|2019-07-29||0.00||
|2019-07-30||0.00||
|2019-07-31||0.00||
|2019-08-01||0.00||
|2019-08-02||0.00||
|2019-08-03||0.00||
|2019-08-04||0.00||
|2019-08-05||0.00||
|2019-08-06||0.00||
|2019-08-07||0.00||
|2019-08-08||0.00||
|2019-08-09||0.00||
|2019-08-10||0.00||
|2019-08-11||0.00||
|2019-08-12||0.00||
|2019-08-13||0.00||
|2019-08-14||0.00||
|2019-08-15||0.00||
|2019-08-16||0.00||
|2019-08-17||0.00||
|2019-08-18||0.00||
|2019-08-19||0.00||
|2019-08-20||0.00||
|2019-08-21||0.00||
|2019-08-22||0.00||
|2019-08-23||0.00||
|2019-08-24||0.00||
|2019-08-25||0.00||
|2019-08-26||0.00||
|2019-08-27||0.00||
|2019-08-28||0.00||
|2019-08-29||0.00||
|2019-08-30||0.00||
|2019-08-31||0.00||
|2019-09-01||0.00||
|2019-09-02||0.00||
|2019-09-03||0.00||
|2019-09-04||0.00||
|2019-09-05||0.00||
|2019-09-06||0.00||
|2019-09-07||0.00||
|2019-09-08||0.00||
|2019-09-09||0.00||
|2019-09-10||0.00||
|2019-09-11||0.00||
|2019-09-12||0.00||
|2019-09-13||0.00||
|2019-09-14||0.00||
|2019-09-15||0.00||
|2019-09-16||0.00||
|2019-09-17||0.00||
|2019-09-18||0.00||
|2019-09-19||0.00||
|2019-09-20||0.00||
|2019-09-21||0.00||
|2019-09-22||0.00||
|2019-09-23||0.00||
|2019-09-24||0.00||
|2019-09-25||0.00||
|2019-09-26||0.00||
|2019-09-27||0.00||
|2019-09-28||0.00||
|2019-09-29||0.00||
|2019-09-30||0.00||
|2019-10-01||0.00||
|2019-10-02||0.00||
