|2017-09-01|8.38|0.00|0.00|
|2017-09-02|8.38|0.00|0.00|
|2017-09-03|8.38|0.00|0.00|
|2017-09-04|8.38|0.00|0.00|
|2017-09-05|8.38|0.00|0.00|
|2017-09-06|8.38|0.00|0.00|
|2017-09-07|8.38|0.00|0.00|
|2017-09-08|8.38|0.00|0.00|
|2017-09-09|8.37|0.00|1.54|
|2017-09-10|8.37|0.00|3.75|
|2017-09-11|8.37|0.00|4.80|
|2017-09-12|8.37|0.00|4.94|
|2017-09-13|8.37|0.00|5.03|
|2017-09-14|8.37|0.00|4.86|
|2017-09-15|8.37|0.00|4.98|
|2017-09-16|8.37|0.00|5.03|
|2017-09-17|8.37|0.00|4.95|
|2017-09-18|8.37|0.00|5.88|
|2017-09-19|8.37|0.00|7.44|
|2017-09-20|8.37|0.00|7.57|
|2017-09-21|8.37|0.00|7.59|
|2017-09-22|8.37|0.00|7.63|
|2017-09-23|8.37|0.00|7.63|
|2017-09-24|8.37|0.00|7.56|
|2017-09-25|8.37|0.00|7.59|
|2017-09-26|8.37|31.37|7.73|
|2017-09-27|8.37|31.37|7.74|
|2017-09-28|8.37|0.00|7.87|
|2017-09-29|8.37|0.00|7.70|
|2017-09-30|8.37|0.00|7.70|
|2017-10-01|8.37|0.00|7.52|
|2017-10-02|8.37|0.00|7.53|
|2017-10-03|8.37|0.00|7.55|
|2017-10-04|8.37|0.00|7.48|
|2017-10-05|8.37|0.00|7.52|
|2017-10-06|8.37|0.00|7.51|
|2017-10-07|8.37|0.00|7.49|
|2017-10-08|8.37|0.00|7.44|
|2017-10-09|8.37|0.00|7.43|
|2017-10-10|8.37|0.00|7.49|
|2017-10-11|8.37|0.00|7.51|
|2017-10-12|8.37|0.00|7.49|
|2017-10-13|8.37|0.00|7.52|
|2017-10-14|8.37|0.00|7.47|
|2017-10-15|8.37|0.00|7.40|
|2017-10-16|8.37|0.00|7.45|
|2017-10-17|8.37|0.00|7.51|
|2017-10-18|8.37|0.00|7.54|
|2017-10-19|8.37|0.00|7.50|
|2017-10-20|8.37|0.00|7.52|
|2017-10-21|8.37|0.00|7.49|
|2017-10-22|8.37|0.00|7.44|
|2017-10-23|8.37|0.00|7.46|
|2017-10-24|8.37|0.00|7.53|
|2017-10-25|8.37|0.00|7.51|
|2017-10-26|8.37|0.00|7.51|
|2017-10-27|8.37|0.00|7.51|
|2017-10-28|8.37|0.00|7.48|
|2017-10-29|8.37|0.00|7.44|
|2017-10-30|8.37|0.00|7.48|
|2017-10-31|8.37|0.00|7.52|
|2017-11-01|8.37|0.00|7.53|
|2017-11-02|8.37|0.00|7.51|
|2017-11-03|8.37|0.00|7.50|
|2017-11-04|8.37|0.00|7.50|
|2017-11-05|8.37|0.00|7.44|
|2017-11-06|8.37|0.00|7.48|
|2017-11-07|8.37|0.00|7.54|
|2017-11-08|8.37|0.00|7.52|
|2017-11-09|8.37|0.00|7.54|
|2017-11-10|8.37|0.00|7.54|
|2017-11-11|8.37|0.00|7.53|
|2017-11-12|8.37|0.00|7.47|
|2017-11-13|8.37|0.00|7.51|
|2017-11-14|8.37|0.00|7.56|
|2017-11-15|8.37|0.00|7.57|
|2017-11-16|8.37|0.00|7.55|
|2017-11-17|8.37|0.00|7.59|
|2017-11-18|8.37|0.00|7.53|
|2017-11-19|8.37|0.00|7.48|
|2017-11-20|8.37|0.00|7.53|
|2017-11-21|8.37|0.00|7.56|
|2017-11-22|8.37|0.00|7.58|
|2017-11-23|8.37|0.00|7.58|
|2017-11-24|8.37|0.00|7.60|
|2017-11-25|8.37|0.00|7.72|
|2017-11-26|8.37|0.00|7.57|
|2017-11-27|8.37|0.00|7.54|
|2017-11-28|8.37|0.00|7.66|
|2017-11-29|8.37|0.00|7.65|
|2017-11-30|8.37|0.00|7.66|
|2017-12-01|8.37|0.00|7.59|
|2017-12-02|8.37|0.00|7.59|
|2017-12-03|8.37|0.00|7.54|
|2017-12-04|8.37|0.00|7.56|
|2017-12-05|8.37|0.00|7.64|
|2017-12-06|8.37|0.00|7.62|
|2017-12-07|8.37|0.00|7.64|
|2017-12-08|15.07|0.00|7.84|
|2017-12-09|15.07|0.00|7.79|
|2017-12-10|15.07|0.00|7.76|
|2017-12-11|15.07|0.00|7.79|
|2017-12-12|15.07|0.00|7.83|
|2017-12-13|15.07|0.00|8.70|
|2017-12-14|15.07|0.00|8.41|
|2017-12-15|15.07|0.00|8.42|
|2017-12-16|15.07|0.00|8.42|
|2017-12-17|15.07|0.00|8.37|
|2017-12-18|15.07|0.00|8.33|
|2017-12-19|15.07|0.00|8.43|
|2017-12-20|15.07|0.00|8.49|
|2017-12-21|15.07|0.00|8.44|
|2017-12-22|15.07|0.00|8.44|
|2017-12-23|15.07|0.00|8.40|
|2017-12-24|15.07|0.00|8.32|
|2017-12-25|15.07|0.00|8.30|
|2017-12-26|15.07|0.00|8.31|
|2017-12-27|15.07|0.00|8.30|
|2017-12-28|15.07|0.00|8.33|
|2017-12-29|15.07|0.00|8.34|
|2017-12-30|15.07|0.00|8.33|
|2017-12-31|15.07|0.00|8.31|
|2018-01-01|15.07|0.00|8.34|
|2018-01-02|15.07|0.00|8.39|
|2018-01-03|15.07|0.00|8.35|
|2018-01-04|15.07|0.00|8.41|
|2018-01-05|15.07|0.00|8.39|
|2018-01-06|15.07|0.00|8.38|
|2018-01-07|15.07|0.00|8.24|
|2018-01-08|15.07|0.00|8.32|
|2018-01-09|15.07|0.00|8.39|
|2018-01-10|15.07|0.00|8.40|
|2018-01-11|15.07|0.00|8.42|
|2018-01-12|15.07|0.00|8.41|
|2018-01-13|15.07|0.00|8.43|
|2018-01-14|15.07|0.00|8.36|
|2018-01-15|15.07|0.00|8.35|
|2018-01-16|15.07|0.00|8.41|
|2018-01-17|15.07|0.00|8.48|
|2018-01-18|15.07|0.00|8.48|
|2018-01-19|15.07|0.00|8.47|
|2018-01-20|15.07|0.00|8.41|
|2018-01-21|15.07|0.00|8.36|
|2018-01-22|15.07|0.00|8.31|
|2018-01-23|15.07|0.00|8.60|
|2018-01-24|15.07|0.00|8.51|
|2018-01-25|15.07|0.00|8.46|
|2018-01-26|15.07|0.00|8.46|
|2018-01-26|15.07|0.00|8.49|
|2018-01-27|15.07|0.00|8.43|
|2018-01-28|15.07|0.00|8.36|
|2018-01-29|15.07|0.00|8.37|
|2018-01-30|15.07|0.00|8.44|
|2018-01-31|15.07|0.00|8.51|
|2018-02-01|15.07|0.00|8.57|
|2018-02-02|15.07|0.00|8.57|
|2018-02-03|15.07|0.00|8.47|
|2018-02-04|15.07|0.00|8.41|
|2018-02-05|15.07|0.00|8.45|
|2018-02-06|15.07|0.00|8.48|
|2018-02-07|15.07|0.00|8.51|
|2018-02-08|15.07|0.00|8.56|
|2018-02-09|15.07|0.00|8.54|
|2018-02-10|15.07|0.00|8.51|
|2018-02-11|15.07|0.00|8.43|
|2018-02-12|15.07|0.00|8.41|
|2018-02-13|15.07|0.00|8.49|
|2018-02-14|15.07|0.00|8.54|
|2018-02-15|15.07|0.00|8.53|
|2018-02-16|15.07|0.00|8.52|
|2018-02-17|15.07|0.00|8.50|
|2018-02-18|15.07|0.00|8.45|
|2018-02-19|15.07|0.00|8.43|
|2018-02-20|15.07|0.00|8.56|
|2018-02-21|15.07|0.00|8.65|
|2018-02-22|15.07|0.00|8.70|
|2018-02-23||0.00||
|2018-02-24||0.00||
|2018-02-25|15.07|0.00|8.45|
|2018-02-26|15.07|0.00|8.48|
|2018-02-27|15.07|0.00|8.51|
|2018-02-28|15.07|0.00|8.59|
|2018-03-01|15.07|0.00|8.60|
|2018-03-02|15.07|0.00|8.65|
|2018-03-03|15.07|0.00|8.53|
|2018-03-04|15.07|0.00|8.46|
|2018-03-05|15.07|0.00|8.54|
|2018-03-06|15.07|0.00|8.57|
|2018-03-07|15.07|0.00|8.60|
|2018-03-08|15.07|0.00|8.53|
|2018-03-09|15.07|0.00|8.53|
|2018-03-10|15.07|0.00|8.53|
|2018-03-11|15.07|0.00|8.44|
|2018-03-12|15.07|0.00|8.50|
|2018-03-13|15.07|0.00|8.54|
|2018-03-14|15.07|0.00|8.55|
|2018-03-15|15.07|0.00|8.56|
|2018-03-16|15.07|0.00|8.53|
|2018-03-17|15.07|0.00|8.54|
|2018-03-18|15.07|0.00|8.49|
|2018-03-19|15.07|0.00|8.56|
|2018-03-20|15.07|0.00|8.65|
|2018-03-21|15.07|0.00|8.64|
|2018-03-22|15.07|0.00|8.65|
|2018-03-23|15.07|0.00|8.63|
|2018-03-24|15.07|0.00|8.59|
|2018-03-25|15.07|0.00|8.51|
|2018-03-26|15.07|0.00|8.53|
|2018-03-27|15.07|0.00|8.61|
|2018-03-28|15.07|0.00|8.62|
|2018-03-29|15.07|0.00|8.64|
|2018-03-30|15.07|0.00|8.61|
|2018-03-31|15.07|0.00|8.56|
|2018-04-01|15.07|0.00|8.54|
|2018-04-02|15.07|0.00|8.53|
|2018-04-03|15.07|0.00|8.59|
|2018-04-04|15.07|0.00|8.61|
|2018-04-05|15.07|0.00|8.79|
|2018-04-06|15.07|0.00|8.80|
|2018-04-07|15.07|0.00|8.76|
|2018-04-08|15.07|0.00|8.64|
|2018-04-09|15.07|0.00|8.57|
|2018-04-10|15.07|0.00|8.66|
|2018-04-11|15.07|0.00|8.69|
|2018-04-12|15.07|0.00|8.66|
|2018-04-13|15.07|0.00|8.65|
|2018-04-14|15.07|0.00|8.63|
|2018-04-15|15.07|0.00|8.57|
|2018-04-16|15.07|0.00|8.55|
|2018-04-17|15.07|0.00|8.67|
|2018-04-18|15.07|0.00|8.65|
|2018-04-19|15.07|0.00|8.69|
|2018-04-20|15.07|0.00|8.71|
|2018-04-21|15.07|0.00|8.67|
|2018-04-22|15.07|0.00|8.59|
|2018-04-23|15.07|0.00|8.65|
|2018-04-24|15.07|0.00|8.63|
|2018-04-25|15.07|0.00|8.63|
|2018-04-26|15.07|0.00|8.67|
|2018-04-27|15.07|0.00|8.71|
|2018-04-28|15.07|0.00|8.63|
|2018-04-29|15.07|0.00|8.57|
|2018-04-30|15.07|0.00|8.59|
|2018-05-01|15.07|0.00|8.68|
|2018-05-02|15.07|0.00|8.69|
|2018-05-03|15.07|0.00|8.70|
|2018-05-04|15.07|0.00|8.71|
|2018-05-05|15.07|0.00|8.68|
|2018-05-06|15.07|0.00|8.60|
|2018-05-07|15.07|0.00|8.60|
|2018-05-08|15.07|0.00|8.65|
|2018-05-09|15.07|0.00|8.70|
|2018-05-10|15.07|0.00|8.68|
|2018-05-11|15.07|0.00|8.69|
|2018-05-12|15.07|0.00|8.66|
|2018-05-13|15.07|0.00|8.59|
|2018-05-14|15.07|0.00|8.60|
|2018-05-15|15.07|0.00|8.67|
|2018-05-16|15.07|0.00|8.70|
|2018-05-17|15.07|0.00|8.70|
|2018-05-18|15.07|21.50|8.61|
|2018-05-19|15.07|21.50|8.60|
|2018-05-20|15.07|21.50|8.59|
|2018-05-21|15.07|21.50|8.59|
|2018-05-22|15.07|21.50|8.56|
|2018-05-23|15.07|21.50|8.67|
|2018-05-24|15.07|21.50|8.71|
|2018-05-25|15.07|21.50|8.67|
|2018-05-26|15.07|21.50|8.62|
|2018-05-27|15.07|21.50|8.57|
|2018-05-28|15.07|21.50|8.58|
|2018-05-29|15.07|21.50|8.65|
|2018-05-30|15.07|21.50|8.67|
|2018-05-31|15.07|21.50|8.71|
|2018-06-01|15.07|21.50|8.73|
|2018-06-02|15.07|21.50|8.69|
|2018-06-03|15.07|21.50|8.61|
|2018-06-04|15.07|21.50|8.60|
|2018-06-05|15.07|21.50|8.72|
|2018-06-06|15.07|21.50|8.75|
|2018-06-07|15.07|21.50|8.73|
|2018-06-08|15.07|21.50|8.69|
|2018-06-09|15.07|21.50|8.67|
|2018-06-10|15.07|21.50|8.64|
|2018-06-11|15.07|21.50|8.64|
|2018-06-12|15.07|21.50|8.67|
|2018-06-13|15.07|21.50|8.73|
|2018-06-14|15.07|21.50|8.68|
|2018-06-15|15.07|21.50|8.72|
|2018-06-16|15.07|21.50|8.69|
|2018-06-17|15.07|21.50|8.61|
|2018-06-18|15.07|21.50|8.61|
|2018-06-19|15.07|21.50|8.74|
|2018-06-20|15.07|21.50|8.74|
|2018-06-21|15.07|21.50|8.78|
|2018-06-22|15.07|21.50|8.73|
|2018-06-23|15.07|21.50|8.71|
|2018-06-24|15.07|21.50|8.65|
|2018-06-25|15.07|21.50|8.68|
|2018-06-26|15.07|21.50|8.76|
|2018-06-27|15.07|21.50|8.78|
|2018-06-28|15.07|21.50|8.77|
|2018-06-29|15.07|21.50|8.80|
|2018-06-30|15.07|21.50|8.78|
|2018-07-01|15.07|21.50|8.71|
|2018-07-02|15.07|21.50|8.78|
|2018-07-03|15.07|21.50|8.80|
|2018-07-04|15.07|21.50|8.84|
|2018-07-05|15.07|21.50|8.80|
|2018-07-06|15.07|21.50|8.78|
|2018-07-07|15.07|21.50|8.76|
|2018-07-08|15.07|21.50|8.70|
|2018-07-09|15.07|21.50|8.73|
|2018-07-10|15.07|21.50|8.81|
|2018-07-11|15.07|21.50|8.79|
|2018-07-12|15.07|21.50|8.82|
|2018-07-13|15.07|21.50|8.82|
|2018-07-14|15.07|21.50|8.76|
|2018-07-15|15.07|21.50|8.71|
|2018-07-16|15.07|21.50|8.74|
|2018-07-17|15.07|21.50|8.82|
|2018-07-18|15.07|21.50|8.84|
|2018-07-19|15.07|21.50|8.75|
|2018-07-20|15.07|21.50|8.82|
|2018-07-21|15.07|21.50|8.79|
|2018-07-22|15.07|21.50|8.75|
|2018-07-23|15.07|21.50|8.76|
|2018-07-24|15.07|21.50|8.89|
|2018-07-25|15.07|21.50|8.91|
|2018-07-26|15.07|0.00|8.90|
|2018-07-27|15.07|0.00|8.91|
|2018-07-28|15.07|0.00|8.77|
|2018-07-29|15.07|0.00|8.76|
|2018-07-30|15.07|0.00|8.77|
|2018-07-31|15.07|0.00|8.83|
|2018-08-01|15.07|0.00|8.90|
|2018-08-02|15.07|0.00|8.92|
|2018-08-03|15.07|0.00|8.88|
|2018-08-04|15.07|0.00|8.85|
|2018-08-05|15.07|0.00|8.82|
|2018-08-06|15.07|0.00|8.83|
|2018-08-07|15.07|0.00|8.88|
|2018-08-08|15.07|0.00|8.93|
|2018-08-09|15.07|0.00|8.90|
|2018-08-10|15.07|0.00|8.93|
|2018-08-11|15.07|0.00|8.90|
|2018-08-12|15.07|0.00|8.78|
|2018-08-13|15.07|0.00|8.84|
|2018-08-14|15.07|0.00|8.87|
|2018-08-15|15.07|0.00|8.93|
|2018-08-16|15.07|0.00|8.92|
|2018-08-17|15.07|0.00|8.93|
|2018-08-18|15.07|0.00|8.93|
|2018-08-19|15.07|0.00|8.88|
|2018-08-20|15.07|0.00|8.83|
|2018-08-21|15.07|0.00|8.95|
|2018-08-22|15.07|0.00|8.96|
|2018-08-23|15.07|0.00|9.01|
|2018-08-24|15.07|0.00|8.98|
|2018-08-25|15.07|0.00|8.93|
|2018-08-26|15.07|0.00|8.89|
|2018-08-27|15.07|0.00|8.89|
|2018-08-28|15.07|0.00|8.96|
|2018-08-29|15.07|0.00|8.98|
|2018-08-30|15.07|0.00|9.00|
|2018-08-31|15.07|0.00|9.04|
|2018-09-01|15.07|0.00|9.00|
|2018-09-02|15.07|0.00|8.92|
|2018-09-03|15.07|0.00|8.90|
|2018-09-04|15.07|0.00|8.94|
|2018-09-05|15.07|0.00|9.02|
|2018-09-06|15.07|0.00|9.05|
|2018-09-07|15.07|0.00|9.03|
|2018-09-08|15.07|0.00|8.98|
|2018-09-09|15.07|0.00|8.93|
|2018-09-10|15.07|0.00|8.94|
|2018-09-11|15.07|0.00|9.02|
|2018-09-12|15.07|0.00|9.02|
|2018-09-13|15.07|0.00|8.98|
|2018-09-14|15.07|0.00|8.99|
|2018-09-15|15.07|0.00|8.97|
|2018-09-16|15.07|0.00|8.93|
|2018-09-17|15.07|0.00|8.96|
|2018-09-18|15.07|0.00|9.00|
|2018-09-19|15.07|0.00|9.03|
|2018-09-20|15.07|0.00|9.03|
|2018-09-21|15.07|0.00|9.03|
|2018-09-22|15.07|0.00|9.02|
|2018-09-23|15.07|0.00|8.94|
|2018-09-24|15.07|0.00|8.97|
|2018-09-25|15.07|0.00|9.05|
|2018-09-26|15.07|0.00|9.07|
|2018-09-27|15.07|0.00|9.06|
|2018-09-28|15.07|0.00|9.07|
|2018-09-29|15.07|0.00|9.07|
|2018-09-30|15.07|0.00|8.98|
|2018-10-01|15.07|0.00|9.02|
|2018-10-02|15.07|0.00|9.10|
|2018-10-03|15.07|0.00|9.12|
|2018-10-04|15.07|0.00|9.12|
|2018-10-05|15.07|0.00|9.11|
|2018-10-06|15.07|0.00|9.09|
|2018-10-07|15.07|0.00|9.02|
|2018-10-08|15.07|0.00|9.03|
|2018-10-09|15.07|0.00|9.09|
|2018-10-10|15.07|0.00|9.13|
|2018-10-11|15.07|22.90|9.10|
|2018-10-12|15.07|0.00|9.11|
|2018-10-13|15.07|0.00|9.08|
|2018-10-14|15.07|0.00|9.02|
|2018-10-15|15.07|0.00|9.05|
|2018-10-16|15.07|0.00|9.13|
|2018-10-17|15.07|0.00|9.13|
|2018-10-18|15.07|0.00|9.07|
|2018-10-19|15.07|0.00|9.12|
|2018-10-20|15.07|0.00|9.10|
|2018-10-21|15.07|0.00|9.03|
|2018-10-22|15.07|0.00|9.07|
|2018-10-23|15.07|0.00|9.14|
|2018-10-24|15.07|0.00|9.21|
|2018-10-25|15.07|0.00|9.18|
|2018-10-26|15.07|0.00|9.17|
|2018-10-27|15.07|0.00|9.21|
|2018-10-28|15.07|0.00|9.17|
|2018-10-29|15.07|0.00|9.12|
|2018-10-30|15.07|0.00|9.16|
|2018-10-31|15.07|0.00|9.18|
|2018-11-01|15.07|0.00|9.22|
|2018-11-02|15.07|0.00|9.22|
|2018-11-03|15.07|0.00|9.17|
|2018-11-04|15.07|0.00|9.07|
|2018-11-05|15.07|0.00|9.16|
|2018-11-06|15.07|0.00|9.22|
|2018-11-07|15.07|0.00|9.22|
|2018-11-08|15.07|0.00|9.24|
|2018-11-09|15.07|0.00|9.25|
|2018-11-10|15.07|0.00|9.25|
|2018-11-11|15.07|0.00|9.17|
|2018-11-12|15.07|0.00|9.20|
|2018-11-13|15.07|0.00|9.28|
|2018-11-14|15.07|0.00|9.27|
|2018-11-15|15.07|0.00|9.29|
|2018-11-16|15.07|0.00|9.31|
|2018-11-17|15.07|0.00|9.25|
|2018-11-18|15.07|0.00|9.20|
|2018-11-19|15.07|0.00|9.22|
|2018-11-20|15.07|0.00|9.29|
|2018-11-21|15.07|0.00|9.30|
|2018-11-22|15.07|0.00|9.34|
|2018-11-23|15.07|0.00|9.29|
|2018-11-24|15.07|0.00|9.26|
|2018-11-25|15.07|0.00|9.18|
|2018-11-26|15.07|0.00|9.25|
|2018-11-27|15.07|0.00|9.28|
|2018-11-28|15.07|0.00|9.27|
|2018-11-29|15.07|0.00|9.31|
|2018-11-30|15.07|0.00|9.31|
|2018-12-01|15.07|0.00|9.34|
|2018-12-02|15.07|0.00|9.24|
|2018-12-03|15.07|0.00|9.24|
|2018-12-04|15.07|0.00|9.34|
|2018-12-05|15.07|0.00|9.35|
|2018-12-06|15.07|0.00|9.38|
|2018-12-07|15.07|0.00|9.37|
|2018-12-08|15.07|0.00|9.21|
|2018-12-09|15.07|0.00|9.20|
|2018-12-10|15.07|0.00|9.20|
|2018-12-11|15.07|0.00|9.26|
|2018-12-12|15.07|0.00|9.27|
|2018-12-13|15.07|0.00|9.30|
|2018-12-14|15.07|0.00|9.28|
|2018-12-15|15.07|0.00|9.23|
|2018-12-16|15.07|0.00|9.18|
|2018-12-17|15.07|0.00|9.21|
|2018-12-18|15.07|0.00|9.25|
|2018-12-19|15.07|0.00|9.26|
|2018-12-20|15.07|0.00|9.27|
|2018-12-21|15.07|0.00|9.27|
|2018-12-22|15.07|0.00|9.31|
|2018-12-23|15.07|0.00|9.25|
|2018-12-24|15.07|0.00|9.22|
|2018-12-25|15.07|0.00|9.23|
|2018-12-26|15.07|0.00|9.20|
|2018-12-27|15.07|0.00|9.22|
|2018-12-28|15.07|0.00|9.19|
|2018-12-29|15.07|0.00|9.19|
|2018-12-30|15.07|0.00|9.16|
|2018-12-31|15.07|0.00|9.17|
|2019-01-01|15.07|0.00|9.23|
|2019-01-02|15.07|0.00|9.22|
|2019-01-03|15.07|0.00|9.25|
|2019-01-04|15.07|0.00|9.30|
|2019-01-05|15.07|0.00|9.28|
|2019-01-06|15.07|0.00|9.20|
|2019-01-07|15.07|0.00|9.20|
|2019-01-08|15.07|0.00|9.24|
|2019-01-09|15.07|0.00|9.29|
|2019-01-10|15.07|0.00|9.43|
|2019-01-11|15.07|0.00|10.72|
|2019-01-12|15.07|0.00|12.29|
|2019-01-13|15.07|0.00|10.58|
|2019-01-14|15.07|0.00|9.53|
|2019-01-15|15.07|0.00|9.73|
|2019-01-16|15.07|0.00|9.89|
|2019-01-17|15.07|0.00|10.03|
|2019-01-18|15.07|0.00|10.07|
|2019-01-19|15.07|0.00|10.10|
|2019-01-20|15.07|0.00|10.05|
|2019-01-21|15.07|0.00|10.07|
|2019-01-22|15.07|0.00|9.81|
|2019-01-23|15.07|0.00|9.87|
|2019-01-24|15.07|0.00|9.92|
|2019-01-25|15.07|0.00|9.95|
|2019-01-26|15.07|0.00|9.99|
|2019-01-27|15.07|0.00|9.93|
|2019-01-28|15.07|0.00|9.96|
|2019-01-29|15.07|0.00|10.00|
|2019-01-30|15.07|0.00|10.07|
|2019-01-31|15.07|0.00|10.09|
|2019-02-01|15.07|0.00|10.18|
|2019-02-02|15.07|0.00|10.21|
|2019-02-03|15.07|0.00|10.08|
|2019-02-04|15.07|0.00|10.09|
|2019-02-05|15.07|0.00|10.10|
|2019-02-06|15.07|0.00|10.11|
|2019-02-07|15.07|0.00|10.05|
|2019-02-08|15.07|0.00|10.08|
|2019-02-09|15.07|0.00|10.06|
|2019-02-10|15.07|0.00|9.98|
|2019-02-11|15.07|0.00|10.00|
|2019-02-12|15.07|0.00|9.98|
|2019-02-13|15.07|0.00|10.00|
|2019-02-14|15.07|0.00|10.02|
|2019-02-15|15.07|0.00|10.09|
|2019-02-16|15.07|0.00|10.06|
|2019-02-17|15.07|0.00|9.98|
|2019-02-18|15.07|0.00|9.98|
|2019-02-19|15.07|0.00|10.04|
|2019-02-20|15.07|0.00|10.06|
|2019-02-21|15.07|0.00|10.06|
|2019-02-22|15.07|0.00|10.11|
|2019-02-23|15.07|0.00|10.10|
|2019-02-24|15.07|0.00|10.05|
|2019-02-25|15.07|0.00|10.04|
|2019-02-26|15.07|0.00|10.09|
|2019-02-27|15.07|0.00|10.11|
|2019-02-28|15.07|0.00|10.12|
|2019-03-01|15.07|0.00|10.21|
|2019-03-02|15.07|0.00|10.20|
|2019-03-03|15.07|0.00|10.15|
|2019-03-04|15.07|0.00|10.11|
|2019-03-05|15.07|0.00|10.15|
|2019-03-06|15.07|0.00|10.11|
|2019-03-07|15.07|0.00|10.14|
|2019-03-08|15.07|0.00|10.17|
|2019-03-09|15.07|0.00|10.18|
|2019-03-10|15.07|0.00|10.13|
|2019-03-11|15.07|0.00|10.10|
|2019-03-12|15.07|0.00|10.16|
|2019-03-13|15.07|0.00|10.16|
|2019-03-14|15.07|0.00|10.19|
|2019-03-15|15.07|0.00|10.20|
|2019-03-16|15.07|0.00|10.08|
|2019-03-17|15.07|0.00|10.02|
|2019-03-18|15.07|0.00|10.02|
|2019-03-19|15.07|0.00|10.11|
|2019-03-20|15.07|0.00|10.12|
|2019-03-21|15.07|0.00|10.14|
|2019-03-22|15.07|0.00|10.19|
|2019-03-23|15.07|0.00|10.25|
|2019-03-24|15.07|0.00|10.19|
|2019-03-25|15.07|0.00|10.18|
|2019-03-26|15.07|0.00|10.23|
|2019-03-27|15.07|0.00|10.25|
|2019-03-28|15.07|0.00|10.23|
|2019-03-29|15.07|0.00|10.26|
|2019-03-30|15.07|0.00|10.22|
|2019-03-31|15.07|0.00|10.21|
|2019-04-01|15.07|0.00|10.22|
|2019-04-02|15.07|0.00|10.26|
|2019-04-03|15.07|0.00|10.27|
|2019-04-04|15.07|0.00|10.32|
|2019-04-05|15.07|0.00|10.35|
|2019-04-06|15.07|0.00|10.30|
|2019-04-07|15.07|0.00|10.22|
|2019-04-08|15.07|0.00|10.22|
|2019-04-09|15.07|0.00|10.24|
|2019-04-10|15.07|0.00|10.27|
|2019-04-11|15.07|0.00|10.27|
|2019-04-12|15.07|0.00|10.29|
|2019-04-13|15.07|0.00|10.28|
|2019-04-14|15.07|0.00|10.26|
|2019-04-15|15.07|0.00|10.21|
|2019-04-16|15.07|0.00|10.21|
|2019-04-17|15.07|0.00|10.10|
|2019-04-18|15.07|0.00|9.99|
|2019-04-19|15.07|0.00|9.89|
|2019-04-20|15.07|0.00|9.83|
|2019-04-21|15.07|0.00|9.76|
|2019-04-22|15.07|0.00|9.69|
|2019-04-23|15.07|0.00|9.69|
|2019-04-24|15.07|0.00|9.69|
|2019-04-25|15.07|0.00|9.69|
|2019-04-26|15.07|0.00|9.68|
|2019-04-27|15.07|0.00|9.68|
|2019-04-28|15.07|0.00|9.68|
|2019-04-29|15.07|0.00|9.68|
|2019-04-30|15.07|0.00|9.68|
|2019-05-01|15.07|0.00|9.62|
|2019-05-02|15.07|0.00|9.62|
|2019-05-03|15.07|0.00|9.62|
|2019-05-04|15.07|0.00|9.61|
|2019-05-05|15.07|0.00|9.61|
|2019-05-06|15.07|0.00|4.97|
|2019-05-07|15.07|0.00|4.16|
|2019-05-08|15.07|0.00|3.47|
|2019-05-09|15.07|0.00|2.84|
|2019-05-10|15.07|0.00|2.24|
|2019-05-11|15.07|0.00|1.66|
|2019-05-12|15.07|0.00|1.14|
|2019-05-13|15.07|0.00|0.66|
|2019-05-14|15.07|0.00|0.32|
|2019-05-15||0.00||
|2019-05-16||0.00||
|2019-05-17||0.00||
|2019-05-18||0.00||
|2019-05-19||0.00||
|2019-05-20||0.00||
|2019-05-21||0.00||
|2019-05-22||0.00||
|2019-05-23||0.00||
|2019-05-24||0.00||
|2019-05-25||0.00||
|2019-05-26||0.00||
|2019-05-27||0.00||
|2019-05-28||0.00||
|2019-05-29||0.00||
|2019-05-30||0.00||
|2019-05-31||0.00||
|2019-06-01||0.00||
|2019-06-02||0.00||
|2019-06-03||0.00||
|2019-06-04||0.00||
|2019-06-05||0.00||
|2019-06-06||0.00||
|2019-06-07||0.00||
|2019-06-08||0.00||
|2019-06-09||0.00||
|2019-06-10||0.00||
|2019-06-11||0.00||
|2019-06-12||0.00||
|2019-06-13||0.00||
|2019-06-14||0.00||
|2019-06-15||0.00||
|2019-06-16||0.00||
|2019-06-17||0.00||
|2019-06-18||0.00||
|2019-06-19||0.00||
|2019-06-20||0.00||
|2019-06-21||0.00||
|2019-06-22||0.00||
|2019-06-23||0.00||
|2019-06-24||0.00||
|2019-06-25||0.00||
|2019-06-26||0.00||
|2019-06-27||0.00||
|2019-06-28||0.00||
|2019-06-29||0.00||
|2019-06-30||0.00||
|2019-07-01||0.00||
|2019-07-02||0.00||
|2019-07-03||0.00||
|2019-07-04||0.00||
|2019-07-05||0.00||
|2019-07-06||0.00||
|2019-07-07||0.00||
|2019-07-08||0.00||
|2019-07-09||0.00||
|2019-07-10||0.00||
|2019-07-11||0.00||
|2019-07-12||0.00||
|2019-07-13||0.00||
|2019-07-14||0.00||
|2019-07-15||0.00||
|2019-07-16||0.00||
|2019-07-17||0.00||
|2019-07-18||0.00||
|2019-07-19||0.00||
|2019-07-20||0.00||
|2019-07-21||0.00||
|2019-07-22||0.00||
|2019-07-23||0.00||
|2019-07-24||0.00||
|2019-07-25||0.00||
|2019-07-26||0.00||
|2019-07-27||0.00||
|2019-07-28||0.00||
|2019-07-29||0.00||
|2019-07-30||0.00||
|2019-07-31||0.00||
|2019-08-01||0.00||
|2019-08-02||0.00||
|2019-08-03||0.00||
|2019-08-04||0.00||
|2019-08-05||0.00||
|2019-08-06||0.00||
|2019-08-07||0.00||
|2019-08-08||0.00||
|2019-08-09||0.00||
|2019-08-10||0.00||
|2019-08-11||0.00||
|2019-08-12||0.00||
|2019-08-13||0.00||
|2019-08-14||0.00||
|2019-08-15||0.00||
|2019-08-16||0.00||
|2019-08-17||0.00||
|2019-08-18||0.00||
|2019-08-19||0.00||
|2019-08-20||0.00||
|2019-08-21||0.00||
|2019-08-22||0.00||
|2019-08-23||0.00||
|2019-08-24||0.00||
|2019-08-25||0.00||
|2019-08-26||0.00||
|2019-08-27||0.00||
|2019-08-28||0.00||
|2019-08-29||0.00||
|2019-08-30||0.00||
|2019-08-31||0.00||
|2019-09-01||0.00||
|2019-09-02||0.00||
|2019-09-03||0.00||
|2019-09-04||0.00||
|2019-09-05||0.00||
|2019-09-06||0.00||
|2019-09-07||0.00||
|2019-09-08||0.00||
|2019-09-09||0.00||
|2019-09-10||0.00||
|2019-09-11||0.00||
|2019-09-12||0.00||
|2019-09-13||0.00||
|2019-09-14||0.00||
|2019-09-15||0.00||
|2019-09-16||0.00||
|2019-09-17||0.00||
|2019-09-18||0.00||
|2019-09-19||0.00||
|2019-09-20||0.00||
|2019-09-21||0.00||
|2019-09-22||0.00||
|2019-09-23||0.00||
|2019-09-24||0.00||
|2019-09-25||0.00||
|2019-09-26||0.00||
|2019-09-27||0.00||
|2019-09-28||0.00||
|2019-09-29||0.00||
|2019-09-30||0.00||
|2019-10-01||0.00||
|2019-10-02||0.00||
