<html>
 <head>
   <script type="text/javascript" src="https://www.google.com/jsapi"></script>
   <script type="text/javascript">
     google.load("visualization", "1", {packages:["corechart"]});
     google.setOnLoadCallback(drawChart);
     function drawChart() {
       var data = google.visualization.arrayToDataTable([
['Date','Total Allocated(GB)','After Thin Provisioning(GB)','After Compression(GB)'],
['2015-11-21',   0,  0,  0],
['2015-11-22',   0,  0,  0],
['2015-11-23',   0,  0,  0],
['2015-11-24',   0,  0,  0],
['2015-11-25',   0,  0,  0],
['2015-11-26',   0,  0,  0],
['2015-11-27',   0,  0,  0],
['2015-11-28',   0,  0,  0],
['2015-11-29',   0,  0,  0],
['2015-11-30',   0,  0,  0],
['2015-12-01',   0,  0,  0],
['2015-12-02',   0,  0,  0],
['2015-12-03',   0,  0,  0],
['2015-12-04',   0,  0,  0],
['2015-12-05',   0,  0,  0],
['2015-12-06',   0,  0,  0],
['2015-12-07',   0,  0,  0],
['2015-12-08',   0,  0,  0],
['2015-12-09',   0,  0,  0],
['2015-12-10',   0,  0,  0],
['2015-12-11',   0,  0,  0],
['2015-12-12',   0,  0,  0],
['2015-12-13',   0,  0,  0],
['2015-12-14',   0,  0,  0],
['2015-12-15',   0,  0,  0],
['2015-12-16',   0,  0,  0],
['2015-12-17',   0,  0,  0],
['2015-12-18',   0,  0,  0],
['2015-12-19',   0,  0,  0],
['2015-12-20',   0,  0,  0],
['2015-12-21',   0,  0,  0],
['2015-12-22',   0,  0,  0],
['2015-12-23',   0,  0,  0],
['2015-12-24',   0,  0,  0],
['2015-12-25',   0,  0,  0],
['2015-12-26',   0,  0,  0],
['2015-12-27',   0,  0,  0],
['2015-12-28',   0,  0,  0],
['2015-12-29',   0,  0,  0],
['2015-12-30',   0,  0,  0],
['2015-12-31',   0,  0,  0],
['2016-01-01',   0,  0,  0],
['2016-01-02',   0,  0,  0],
['2016-01-03',   0,  0,  0],
['2016-01-04',   0,  0,  0],
['2016-01-05',   0,  0,  0],
['2016-01-06',   0,  0,  0],
['2016-01-07',   0,  0,  0],
['2016-01-08',   0,  0,  0],
['2016-01-09',   0,  0,  0],
['2016-01-10',   0,  0,  0],
['2016-01-11',   0,  0,  0],
['2016-01-12',   0,  0,  0],
['2016-01-13',   0,  0,  0],
['2016-01-14',   0,  0,  0],
['2016-01-15',   0,  0,  0],
['2016-01-16',   0,  0,  0],
['2016-01-17',   0,  0,  0],
['2016-01-18',   0,  0,  0],
['2016-01-19',   0,  0,  0],
['2016-01-20',   0,  0,  0],
['2016-01-21',   0,  0,  0],
['2016-01-22',   0,  0,  0],
['2016-01-23',   0,  0,  0],
['2016-01-24',   0,  0,  0],
['2016-01-25',   0,  0,  0],
['2016-01-26',   0,  0,  0],
['2016-01-27',   0,  0,  0],
['2016-01-28',   0,  0,  0],
['2016-01-29',   0,  0,  0],
['2016-01-30',   0,  0,  0],
['2016-01-31',   0,  0,  0],
['2016-02-01',   0,  0,  0],
['2016-02-02',   0,  0,  0],
['2016-02-03',   0,  0,  0],
['2016-02-04',   0,  0,  0],
['2016-02-05',   0,  0,  0],
['2016-02-06',   0,  0,  0],
['2016-02-07',   0,  0,  0],
['2016-02-08',   0,  0,  0],
['2016-02-09',   0,  0,  0],
['2016-02-10',   0,  0,  0],
['2016-02-11',   0,  0,  0],
['2016-02-12',   0,  0,  0],
['2016-02-13',   0,  0,  0],
['2016-02-14',   0,  0,  0],
['2016-02-15',   0,  0,  0],
['2016-02-16',   0,  0,  0],
['2016-02-17',   0,  0,  0],
['2016-02-18',   0,  0,  0],
['2016-02-19',   0,  0,  0],
['2016-02-20',   0,  0,  0],
['2016-02-21',   0,  0,  0],
['2016-02-22',   0,  0,  0],
['2016-02-23',   0,  0,  0],
['2016-02-24',   0,  0,  0],
['2016-02-25',   0,  0,  0],
['2016-02-26',   0,  0,  0],
['2016-02-27',   0,  0,  0],
['2016-02-28',   0,  0,  0],
['2016-02-29',   0,  0,  0],
['2016-03-01',   0,  0,  0],
['2016-03-02',   0,  0,  0],
['2016-03-03',   0,  0,  0],
['2016-03-04',   0,  0,  0],
['2016-03-05',   0,  0,  0],
['2016-03-06',   0,  0,  0],
['2016-03-07',   0,  0,  0],
['2016-03-08',   0,  0,  0],
['2016-03-09',   0,  0,  0],
['2016-03-10',   0,  0,  0],
['2016-03-11',   0,  0,  0],
['2016-03-12',   0,  0,  0],
['2016-03-13',   0,  0,  0],
['2016-03-14',   0,  0,  0],
['2016-03-15',   0,  0,  0],
['2016-03-16',   0,  0,  0],
['2016-03-17',   0,  0,  0],
['2016-03-18',   0,  0,  0],
['2016-03-19',   0,  0,  0],
['2016-03-20',   0,  0,  0],
['2016-03-21',   0,  0,  0],
['2016-03-22',   0,  0,  0],
['2016-03-23',   0,  0,  0],
['2016-03-24',   0,  0,  0],
['2016-03-25',   0,  0,  0],
['2016-03-26',   0,  0,  0],
['2016-03-27',   0,  0,  0],
['2016-03-28',   0,  0,  0],
['2016-03-29',   0,  0,  0],
['2016-03-30',   0,  0,  0],
['2016-03-31',   0,  0,  0],
['2016-04-01',   0,  0,  0],
['2016-04-02',   0,  0,  0],
['2016-04-03',   0,  0,  0],
['2016-04-04',   0,  0,  0],
['2016-04-05',   0,  0,  0],
['2016-04-06',   0,  0,  0],
['2016-04-07',   0,  0,  0],
['2016-04-08',   0,  0,  0],
['2016-04-09',   0,  0,  0],
['2016-04-10',   0,  0,  0],
['2016-04-11',   0,  0,  0],
['2016-04-12',   0,  0,  0],
['2016-04-13',   0,  0,  0],
['2016-04-14',   0,  0,  0],
['2016-04-15',   0,  0,  0],
['2016-04-16',   0,  0,  0],
['2016-04-17',   0,  0,  0],
['2016-04-18',   0,  0,  0],
['2016-04-19',   0,  0,  0],
['2016-04-20',   0,  0,  0],
['2016-04-21',   0,  0,  0],
['2016-04-22',   0,  0,  0],
['2016-04-23',   0,  0,  0],
['2016-04-24',   0,  0,  0],
['2016-04-25',   0,  0,  0],
['2016-04-26',   0,  0,  0],
['2016-04-27',   0,  0,  0],
['2016-04-28',   0,  0,  0],
['2016-04-29',   0,  0,  0],
['2016-04-30',   0,  0,  0],
['2016-05-01',   0,  0,  0],
['2016-05-02',   0,  0,  0],
['2016-05-03',   0,  0,  0],
['2016-05-04',   0,  0,  0],
['2016-05-05',   0,  0,  0],
['2016-05-06',   0,  0,  0],
['2016-05-07',   0,  0,  0],
['2016-05-08',   0,  0,  0],
['2016-05-09',   0,  0,  0],
['2016-05-10',   0,  0,  0],
['2016-05-11',   0,  0,  0],
['2016-05-12',   0,  0,  0],
['2016-05-13',   0,  0,  0],
['2016-05-14',   0,  0,  0],
['2016-05-15',   0,  0,  0],
['2016-05-16',   0,  0,  0],
['2016-05-17',   0,  0,  0],
['2016-05-18',   0,  0,  0],
['2016-05-19',   0,  0,  0],
['2016-05-20',   0,  0,  0],
['2016-05-21',   0,  0,  0],
['2016-05-22',   0,  0,  0],
['2016-05-23',   0,  0,  0],
['2016-05-24',   0,  0,  0],
['2016-05-25',   0,  0,  0],
['2016-05-26',   0,  0,  0],
['2016-05-27',   0,  0,  0],
['2016-05-28',   0,  0,  0],
['2016-05-29',   0,  0,  0],
['2016-05-30',   0,  0,  0],
['2016-05-31',   0,  0,  0],
['2016-06-01',   0,  0,  0],
['2016-06-02',   0,  0,  0],
['2016-06-03',   0,  0,  0],
['2016-06-04',   0,  0,  0],
['2016-06-05',   0,  0,  0],
['2016-06-06',   0,  0,  0],
['2016-06-07',   0,  0,  0],
['2016-06-08',   0,  0,  0],
['2016-06-09',   0,  0,  0],
['2016-06-10',   0,  0,  0],
['2016-06-11',   0,  0,  0],
['2016-06-12',   0,  0,  0],
['2016-06-13',   0,  0,  0],
['2016-06-14',   0,  0,  0],
['2016-06-15',   0,  0,  0],
['2016-06-16',   0,  0,  0],
['2016-06-17',   0,  0,  0],
['2016-06-18',   0,  0,  0],
['2016-06-19',   0,  0,  0],
['2016-06-20',   0,  0,  0],
['2016-06-21',   0,  0,  0],
['2016-06-22',   0,  0,  0],
['2016-06-23',   0,  0,  0],
['2016-06-24',   0,  0,  0],
['2016-06-25',   0,  0,  0],
['2016-06-26',   0,  0,  0],
['2016-06-27',   0,  0,  0],
['2016-06-28',   0,  0,  0],
['2016-06-29',   0,  0,  0],
['2016-06-30',   0,  0,  0],
['2016-07-01',   0,  0,  0],
['2016-07-02',   0,  0,  0],
['2016-07-03',   0,  0,  0],
['2016-07-04',   0,  0,  0],
['2016-07-05',   0,  0,  0],
['2016-07-06',   0,  0,  0],
['2016-07-07',   0,  0,  0],
['2016-07-08',   0,  0,  0],
['2016-07-09',   0,  0,  0],
['2016-07-10',   0,  0,  0],
['2016-07-11',   0,  0,  0],
['2016-07-12',   0,  0,  0],
['2016-07-13',   0,  0,  0],
['2016-07-14',   0,  0,  0],
['2016-07-15',   0,  0,  0],
['2016-07-16',   0,  0,  0],
['2016-07-17',   0,  0,  0],
['2016-07-18',   0,  0,  0],
['2016-07-19',   0,  0,  0],
['2016-07-20',   0,  0,  0],
['2016-07-21',   0,  0,  0],
['2016-07-22',   0,  0,  0],
['2016-07-23',   0,  0,  0],
['2016-07-24',   0,  0,  0],
['2016-07-25',   0,  0,  0],
['2016-07-26',   0,  0,  0],
['2016-07-27',   0,  0,  0],
['2016-07-28',   0,  0,  0],
['2016-07-29',   0,  0,  0],
['2016-07-30',   0,  0,  0],
['2016-07-31',   0,  0,  0],
['2016-08-01',   0,  0,  0],
['2016-08-02',   0,  0,  0],
['2016-08-03',   0,  0,  0],
['2016-08-04',   0,  0,  0],
['2016-08-05',   0,  0,  0],
['2016-08-06',   0,  0,  0],
['2016-08-07',   0,  0,  0],
['2016-08-08',   0,  0,  0],
['2016-08-09',   0,  0,  0],
['2016-08-10',   0,  0,  0],
['2016-08-11',   0,  0,  0],
['2016-08-12',   0,  0,  0],
['2016-08-13',   0,  0,  0],
['2016-08-14',   0,  0,  0],
['2016-08-15',   0,  0,  0],
['2016-08-16',   0,  0,  0],
['2016-08-17',   0,  0,  0],
['2016-08-18',   0,  0,  0],
['2016-08-19',   0,  0,  0],
['2016-08-20',   0,  0,  0],
['2016-08-21',   0,  0,  0],
['2016-08-22',   0,  0,  0],
['2016-08-23',   0,  0,  0],
['2016-08-24',   0,  0,  0],
['2016-08-25',   0,  0,  0],
['2016-08-26',   0,  0,  0],
['2016-08-27',   0,  0,  0],
['2016-08-28',   0,  0,  0],
['2016-08-29',   0,  0,  0],
['2016-08-30',   0,  0,  0],
['2016-08-31',   0,  0,  0],
['2016-09-01',   0,  0,  0],
['2016-09-02',   0,  0,  0],
['2016-09-03',   0,  0,  0],
['2016-09-04',   0,  0,  0],
['2016-09-05',   0,  0,  0],
['2016-09-06',   0,  0,  0],
['2016-09-07',   0,  0,  0],
['2016-09-08',   0,  0,  0],
['2016-09-09',   0,  0,  0],
['2016-09-10',   0,  0,  0],
['2016-09-11',   0,  0,  0],
['2016-09-12',   0,  0,  0],
['2016-09-13',   0,  0,  0],
['2016-09-14',   0,  0,  0],
['2016-09-15',   0,  0,  0],
['2016-09-16',   0,  0,  0],
['2016-09-17',   0,  0,  0],
['2016-09-18',   0,  0,  0],
['2016-09-19',   0,  0,  0],
['2016-09-20',   0,  0,  0],
['2016-09-21',   0,  0,  0],
['2016-09-22',   0,  0,  0],
['2016-09-23',   0,  0,  0],
['2016-09-24',   0,  0,  0],
['2016-09-25',   0,  0,  0],
['2016-09-26',   0,  0,  0],
['2016-09-27',   0,  0,  0],
['2016-09-28',   0,  0,  0],
['2016-09-29',   0,  0,  0],
['2016-09-30',   0,  0,  0],
['2016-10-01',   0,  0,  0],
['2016-10-02',   0,  0,  0],
['2016-10-03',   0,  0,  0],
['2016-10-04',   0,  0,  0],
['2016-10-05',   0,  0,  0],
['2016-10-06',   0,  0,  0],
['2016-10-07',   0,  0,  0],
['2016-10-08',   0,  0,  0],
['2016-10-09',   0,  0,  0],
['2016-10-10',   0,  0,  0],
['2016-10-11',   0,  0,  0],
['2016-10-12',   0,  0,  0],
['2016-10-13',   0,  0,  0],
['2016-10-14',   0,  0,  0],
['2016-10-15',   0,  0,  0],
['2016-10-16',   0,  0,  0],
['2016-10-17',   0,  0,  0],
['2016-10-18',   0,  0,  0],
['2016-10-19',   0,  0,  0],
['2016-10-20',   0,  0,  0],
['2016-10-21',   0,  0,  0],
['2016-10-22',   0,  0,  0],
['2016-10-23',   0,  0,  0],
['2016-10-24',   0,  0,  0],
['2016-10-25',   0,  0,  0],
['2016-10-26',   0,  0,  0],
['2016-10-27',   0,  0,  0],
['2016-10-28',   0,  0,  0],
['2016-10-29',   0,  0,  0],
['2016-10-30',   0,  0,  0],
['2016-10-31',   0,  0,  0],
['2016-11-01',   0,  0,  0],
['2016-11-02',   0,  0,  0],
['2016-11-03',   0,  0,  0],
['2016-11-04',   0,  0,  0],
['2016-11-05',   0,  0,  0],
['2016-11-06',   0,  0,  0],
['2016-11-07',   0,  0,  0],
['2016-11-08',   0,  0,  0],
['2016-11-09',   0,  0,  0],
['2016-11-10',   0,  0,  0],
['2016-11-11',   0,  0,  0],
['2016-11-12',   0,  0,  0],
['2016-11-13',   0,  0,  0],
['2016-11-14',   0,  0,  0],
['2016-11-15',   0,  0,  0],
['2016-11-16',   1000,  24.2448,  17.19833],
['2016-11-17',   1000,  132.4132,  78.6245],
['2016-11-18',   1000,  132.4821,  78.6245],
['2016-11-19',   1000,  135.6356,  80.0516],
['2016-11-20',   1000,  135.6987,  80.0516],
['2016-11-21',   1000,  135.8012,  80.0516],
['2016-11-22',   1000,  139.1275,  81.6074],
['2016-11-23',   1000,  139.1894,  81.6074],
['2016-11-24',   1000,  139.2527,  81.6074],
['2016-11-25',   1000,  139.3230,  81.6074],
['2016-11-26',   1000,  139.4573,  81.6212],
['2016-11-27',   1000,  139.5682,  81.6307],
['2016-11-28',   1000,  140.8939,  82.5889],
['2016-11-29',   1000,  142.4672,  83.9565],
['2016-11-30',   1000,  144.9374,  85.5384],
['2016-12-01',   1000,  145.7900,  86.0109],
['2016-12-02',   1000,  145.9805,  86.1444],
['2016-12-03',   1000,  146.0159,  86.1444],
['2016-12-04',   1000,  146.0557,  86.1444],
['2016-12-05',   1000,  146.0971,  86.1444],
['2016-12-06',   1000,  147.7270,  86.7858],
['2016-12-07',   1000,  151.1005,  88.4813],
['2016-12-08',   2000,  152.7168,  89.1940],
['2016-12-09',   2000,  155.0667,  90.3112],
['2016-12-10',   2000,  155.1442,  90.3120],
['2016-12-11',   2000,  155.2130,  90.3120],
['2016-12-12',   2000,  155.2829,  90.3120],
['2016-12-13',   2000,  155.6568,  90.4410],
['2016-12-14',   2000,  155.7658,  90.4595],
['2016-12-15',   2000,  159.3257,  92.5123],
['2016-12-16',   2000,  159.6024,  92.5443],
['2016-12-17',   2000,  159.7570,  92.5806],
['2016-12-18',   2000,  159.8637,  92.5913],
['2016-12-19',   2000,  161.8831,  94.3300],
['2016-12-20',   2000,  162.9512,  94.8434],
['2016-12-21',   2000,  163.2982,  94.9073],
['2016-12-22',   2000,  163.3650,  94.9249],
['2016-12-23',   2000,  163.4275,  94.9315],
['2016-12-24',   2000,  163.4787,  94.9371],
['2016-12-25',   2000,  163.5169,  94.9397],
['2016-12-26',   2000,  163.5492,  94.9441],
['2016-12-27',   2000,  163.5751,  94.9451],
['2016-12-28',   2000,  163.5980,  94.9482],
['2016-12-29',   2000,  163.6207,  94.9517],
['2016-12-30',   2000,  163.6494,  94.9528],
['2016-12-31',   2000,  163.6750,  94.9582],
['2017-01-01',   2000,  163.6972,  94.9592],
['2017-01-02',   2000,  163.7242,  94.9649],
['2017-01-03',   2000,  163.7598,  94.9918],
['2017-01-04',   2000,  166.0962,  96.1408],
['2017-01-05',   2000,  166.2006,  96.1692],
['2017-01-06',   2000,  174.4764,  97.6329],
['2017-01-07',   2000,  175.5302,  97.6586],
['2017-01-08',   2000,  175.6094,  97.6782],
['2017-01-09',   2000,  178.7069,  99.1597],
['2017-01-10',   2000,  181.4681,  99.6850],
['2017-01-11',   2000,  181.7627,  99.8077],
['2017-01-12',   2000,  181.8121,  99.8140],
['2017-01-13',   2000,  182.4976,  100.1793],
['2017-01-14',   2000,  182.8539,  100.2823],
['2017-01-15',   2000,  182.8744,  100.2863],
['2017-01-16',   2000,  182.900,  100.2863],
['2017-01-17',   2000,  184.3903,  101.0143],
['2017-01-18',   2000,  185.4543,  101.2436],
['2017-01-19',   2000,  194.8264,  108.7995],
['2017-01-20',   2000,  195.0064,  108.8701],
['2017-01-21',   2000,  195.1395,  108.8986],
['2017-01-22',   2000,  195.2496,  108.9068],
['2017-01-23',   2000,  195.3253,  108.9208],
['2017-01-24',   2000,  202.4928,  120.5596],
['2017-01-25',   2000,  211.0439,  129.8203],
['2017-01-26',   2000,  211.1503,  129.8203],
['2017-01-27',   2000,  211.2392,  129.8203],
['2017-01-28',   2000,  211.3434,  129.8203],
['2017-01-29',   2000,  211.3915,  129.8203],
['2017-01-30',   2000,  211.8865,  129.8203],
['2017-01-31',   2000,  231.3569,  143.9375],
['2017-02-01',   2000,  235.6002,  146.6914],
['2017-02-02',   2000,  235.7393,  146.6914],
['2017-02-03',   2000,  236.6968,  146.6914],
['2017-02-04',   2000,  236.753,  146.6914],
['2017-02-05',   2000,  236.803,  146.6914],
['2017-02-06',   2000,  236.899,  146.6914],
['2017-02-07',   2000,  238.9842,  147.5162],
['2017-02-08',   2000,  239.0821,  147.5388],
['2017-02-09',   2000,  239.2033,  147.5617],
['2017-02-10',   2000,  239.566,  147.5903],
['2017-02-11',   2000,  241.1147,  149.0587],
['2017-02-12',   2000,  241.213,  149.0587],
['2017-02-13',   2000,  241.3138,  149.0617],
['2017-02-14',   2000,  242.8286,  149.5057],
['2017-02-15',   2000,  243.7143,  149.6456],
['2017-02-16',   2000,  248.0446,  152.5011],
['2017-02-17',   2000,  252.3476,  153.7489],
['2017-02-18',   2000,  253.0316,  153.7654],
['2017-02-19',   2000,  253.1248,  153.7763],
['2017-02-20',   2000,  253.198,  153.7805],
['2017-02-21',   2000,  253.5561,  154.025],
['2017-02-22',   2000,  259.6513,  156.8446],
['2017-02-23',   2000,  269.677,  162.5953],
['2017-02-24',   2000,  276.113,  165.9627],
['2017-02-25',   2000,  280.385,  168.0907],
['2017-02-26',   2000,  280.511,  168.0907],
['2017-02-27',   2000,  281.166,  168.2527],
['2017-02-28',   2000,  285.467,  170.2023],
['2017-03-01',   2000,  285.512,  170.2023],
['2017-03-02',   2000,  287.138,  171.2287],
['2017-03-03',   2000,  287.337,  171.3141],
['2017-03-04',   2000,  287.409,  171.3226],
['2017-03-05',   2000,  287.487,  171.333],
['2017-03-06',   2000,  287.580,  171.3437],
['2017-03-07',   2000,  306.194,  182.2552],
['2017-03-08',   2000,  308.492,  183.1917],
['2017-03-09',   4000,  311.379,  183.8248],
['2017-03-10',   4000,  311.525,  183.8248],
['2017-03-11',   4000,  311.713,  183.8248],
['2017-03-12',   4000,  311.864,  183.8248],
['2017-03-13',   4000,  312.042,  183.8248],
['2017-03-14',   4000,  313.894,  183.9988],
['2017-03-15',   4000,  314.430,  183.9988],
['2017-03-16',   4000,  314.684,  183.9988],
['2017-03-17',   4000,  314.846,  183.9988],
['2017-03-18',   4000,  314.976,  183.9988],
['2017-03-19',   4000,  315.080,  183.9988],
['2017-03-20',   4000,  315.128,  183.9988],
['2017-03-21',   4000,  318.618,  185.8338],
['2017-03-22',   4000,  318.805,  185.8338],
['2017-03-23',   4000,  318.938,  185.8338],
['2017-03-24',   4000,  323.749,  190.4958],
['2017-03-25',   4000,  336.269,  202.3228],
['2017-03-26',   4000,  336.493,  202.3228],
['2017-03-27',   4000,  336.922,  202.3488],
['2017-03-28',   4000,  341.632,  205.6265],
['2017-03-29',   4000,  342.160,  205.7009],
['2017-03-30',   4000,  342.702,  205.9689],
['2017-03-31',   4000,  343.396,  206.9359],
['2017-04-01',   4000,  379.109,  239.1322],
['2017-04-02',   4000,  379.322,  239.1584],
['2017-04-03',   4000,  381.034,  240.4905],
['2017-04-04',   4000,  384.796,  242.761],
['2017-04-05',   4000,  414.786,  265.888],
['2017-04-06',   4000,  454.202,  300.016],
['2017-04-07',   4000,  475.198,  310.789],
['2017-04-08',   4000,  484.380,  313.136],
['2017-04-09',   4000,  489.922,  314.607],
['2017-04-10',   4000,  493.518,  316.039],
['2017-04-11',   4000,  499.374,  318.948],
['2017-04-12',   4000,  513.326,  327.787],
['2017-04-13',   4000,  517.349,  328.932],
['2017-04-14',   4000,  524.206,  331.240],
['2017-04-15',   4000,  525.090,  331.542],
['2017-04-16',   4000,  529.796,  332.588],
['2017-04-17',   4000,  532.004,  333.156],
['2017-04-18',   4000,  532.902,  333.384],
['2017-04-19',   4000,  547.833,  340.747],
['2017-04-20',   4000,  556.467,  344.376],
['2017-04-21',   4000,  559.384,  345.631],
['2017-04-22',   4000,  562.753,  347.002],
['2017-04-23',   4000,  563.526,  347.133],
['2017-04-24',   4000,  564.642,  347.394],
['2017-04-25',   4000,  569.464,  350.783],
['2017-04-26',   4000,  570.850,  351.114],
['2017-04-27',   4000,  586.372,  361.230],
['2017-04-28',   4000,  587.776,  361.481],
['2017-04-29',   4000,  588.667,  361.678],
['2017-04-30',   4000,  589.290,  361.842],
['2017-05-01',   4000,  591.719,  362.509],
['2017-05-02',   4000,  592.722,  363.287],
['2017-05-03',   4000,  593.618,  363.425],
['2017-05-04',   4000,  596.392,  365.469],
['2017-05-05',   4000,  601.613,  368.590],
['2017-05-06',   6150.4,  604.9017908,  370.24846973],
['2017-05-07',   6150.4,  605.1907956,  370.3437749],
['2017-05-08',   6150.4,  607.3247956,  371.8687749],
['2017-05-09',   6150.4,  608.5367956,  372.0917749],
['2017-05-10',   6150.4,  609.4487956,  372.1827749],
['2017-05-11',   6150.4,  610.0710083,  372.3493057],
['2017-05-12',   6150.4,  610.4669096,  372.4843411],
['2017-05-13',   6150.4,  610.8312984,  372.6512097],
['2017-05-14',   6150.4,  611.1538207,  372.7868953],
['2017-05-15',   6150.4,  611.4939855,  372.7901301],
['2017-05-16',   6150.4,  617.7216464,  376.077189],
['2017-05-17',   6150.4,  623.646684,  379.5519426],
['2017-05-18',   6150.4,  623.950475,  379.6791633],
['2017-05-19',   6150.4,  624.294583,  379.6962996],
['2017-05-20',   6150.4,  624.613335,  379.8467034],
['2017-05-21',   6150.4,  624.756922,  380.0460908],
['2017-05-22',   6150.4,  624.979513,  380.0460908],
['2017-05-23',   6150.4,  630.749563,  383.0050908],
['2017-05-24',   6150.4,  638.40491,  387.24292],
['2017-05-25',   6150.4,  640.48959,  386.738064],
['2017-05-26',   6150.4,  644.16441,  388.81109],
['2017-05-27',   6150.4,  645.27279,  389.19701],
['2017-05-28',   6150.4,  645.54895,  389.25679],
['2017-05-29',   6150.4,  645.81228,  389.30726],
['2017-05-30',   6150.4,  646.14193,  389.34164],
['2017-05-31',   6150.4,  660.770,  395.95043],
['2017-06-01',   6150.4,  699.5754,  439.833],
['2017-06-02',   6150.4,  701.5395,  441.0497],
['2017-06-03',   6150.4,  705.7422,  445.3645],
['2017-06-04',   8264.8,  710.1677694,  447.4908057],
['2017-06-05',   8264.8,  713.7956694,  448.2358057],
['2017-06-06',   8264.8,  725.9737694,  445.3584057],
['2017-06-07',   8264.8,  772.0378694,  469.8780057],
['2017-06-08',   8264.8,  787.51414,  478.8308057],
['2017-06-09',   11336.8,  926.1322778,  570.1783057],
['2017-06-10',   11336.8,  945.1082778,  586.4386057],
['2017-06-11',   11336.8,  982.3412778,  600.6602057],
['2017-06-12',   11336.8,  989.8972778,  607.2038057],
['2017-06-13',   11336.8,  1021.0272778,  621.6128057],
['2017-06-14',   11336.8,  1028.2304409,  625.3289348],
['2017-06-15',   11336.8,  1054.8147061,  640.6407473],
['2017-06-16',   11336.8,  1070.2439038,  648.6446138],
['2017-06-17',   11336.8,  1094.4309038,  661.8356138],
['2017-06-18',   11336.8,  1095.9079038,  662.6306138],
['2017-06-19',   11336.8,  1096.5939038,  662.7416138],
['2017-06-20',   11336.8,  1116.94439,  671.82053],
['2017-06-21',   11336.8,  1122.79495,  675.91653],
['2017-06-22',   11336.8,  1134.4005,  686.9010],
['2017-06-23',   11336.8,  1135.5583,  686.9580],
['2017-06-24',   11336.8,  1137.001,  687.1790],
['2017-06-25',   11336.8,  1138.3589,  687.1790],
['2017-06-26',   11336.8,  1140.0868,  687.1790],
['2017-06-27',   11336.8,  1141.4626,  686.8980],
['2017-06-28',   11336.8,  1196.3944,  714.8238],
['2017-06-29',   11336.8,  1224.8303,  731.6644],
['2017-06-30',   8674.4,  1181.7439,  701.261],
['2017-07-01',   8674.4,  1272.199,  749.2683],
['2017-07-02',   8674.4,  1289.494,  759.6969],
['2017-07-03',   8674.4,  1347.995,  788.0417],
['2017-07-04',   8674.4,  1354.676,  789.5537],
['2017-07-05',   8674.4,  1357.581,  789.9407],
['2017-07-06',   8674.4,  1389.970,  799.5417],
['2017-07-07',   8674.4,  1398.650,  802.3087],
['2017-07-08',   8674.4,  1409.212,  807.3305],
['2017-07-09',   8674.4,  1415.901,  809.3525],
['2017-07-10',   8674.4,  1421.743,  811.3235],
['2017-07-11',   8674.4,  1429.538,  814.1995],
['2017-07-12',   8674.4,  1441.092,  819.2245],
['2017-07-13',   8674.4,  1447.350,  821.3835],
['2017-07-14',   8674.4,  1458.888,  826.2415],
['2017-07-15',   8674.4,  1472.501,  832.3084],
['2017-07-16',   8674.4,  1478.797,  834.1764],
['2017-07-17',   8674.4,  1485.587,  836.1454],
['2017-07-18',   8674.4,  1492.102,  837.9084],
['2017-07-19',   8674.4,  1614.317,  863.2913],
['2017-07-20',   8674.4,  1619.861,  864.8303],
['2017-07-21',   8674.4,  1636.004,  869.8143],
['2017-07-22',   8674.4,  1663.580,  880.4559],
['2017-07-23',   8674.4,  1676.168,  885.3209],
['2017-07-24',   8674.4,  1684.797,  888.4249],
['2017-07-25',   8674.4,  1797.004,  946.5959],
['2017-07-26',   8674.4,  1805.485,  949.9279],
['2017-07-27',   8674.4,  1826.494,  958.9269],
['2017-07-28',   8674.4,  1839.230,  962.4139],
['2017-07-29',   8674.4,  1847.394,  965.3739],
['2017-07-30',   8674.4,  1857.564,  968.4679],
['2017-07-31',   8674.4,  1865.990,  971.0069],
['2017-08-01',   8674.4,  1874.307,  973.8659],
['2017-08-02',   8674.4,  1883.798,  976.9589],
['2017-08-03',   8674.4,  1896.025,  983.1719],
['2017-08-04',   8674.4,  1911.927,  987.0289],
['2017-08-05',   8674.4,  1923.084,  991.3726],
['2017-08-06',   8674.4,  1930.555,  993.8576],
['2017-08-07',   8674.4,  1938.916,  997.1586],
['2017-08-08',   8674.4,  1962.479,  1003.0006],
['2017-08-09',   8674.4,  1963.975,  1003.8759],
['2017-08-10',   8674.4,  1965.189,  1004.0949],
['2017-08-11',   8674.4,  1966.460,  1004.4979],
['2017-08-12',   8674.4,  1983.097,  1010.9308],
['2017-08-13',   8674.4,  1987.725,  1012.8628],
['2017-08-14',   8674.4,  2000.916,  1015.6128],
['2017-08-15',   8674.4,  2008.286,  1017.4378],
['2017-08-16',   8674.4,  2013.601,  1019.8858],
['2017-08-17',   8674.4,  2020.132,  1021.8188],
['2017-08-18',   8674.4,  2023.351,  1022.9338],
['2017-08-19',   8674.4,  2026.993,  1023.9931],
['2017-08-20',   8674.4,  2028.522,  1024.6341],
['2017-08-21',   8674.4,  2029.726,  1024.8361],
['2017-08-22',   8674.4,  2032.213,  1025.1711],
['2017-08-23',   8674.4,  2034.707,  1026.3501],
['2017-08-24',   8674.4,  2065.759,  1032.7891],
['2017-08-25',   8674.4,  2074.352,  1035.8241],
['2017-08-26',   8674.4,  2076.077,  1036.8483],
['2017-08-27',   8674.4,  2077.365,  1037.1703],
['2017-08-28',   8674.4,  2078.407,  1037.3673],
['2017-08-29',   8674.4,  2080.219,  1037.6986],
['2017-08-30',   8674.4,  2082.733,  1038.3956],
['2017-08-31',   8674.4,  2085.330,  1039.0786],
['2017-09-01',   8674.4,  2094.437,  1041.072],
['2017-09-02',   8674.4,  2100.194,  1043.3684],
['2017-09-03',   8674.4,  2100.813,  1043.6309],
['2017-09-04',   8674.4,  2103.781,  1043.9189],
['2017-09-05',   8674.4,  2107.600,  1043.9439],
['2017-09-06',   8674.4,  2127.902,  1046.7278],
['2017-09-07',   8674.4,  2135.600,  1049.1063],
['2017-09-08',   8674.4,  2155.526,  1052.8963],
['2017-09-09',   8674.4,  2156.631,  1053.8187],
['2017-09-10',   8674.4,  2156.987,  1053.9917],
['2017-09-11',   8674.4,  2157.735,  1054.069],
['2017-09-12',   8674.4,  2158.651,  1054.2976],
['2017-09-13',   8674.4,  2160.370,  1055.0322],
['2017-09-14',   8674.4,  2162.367,  1056.2671],
['2017-09-15',   8674.4,  2163.775,  1056.7984],
['2017-09-16',   8674.4,  2165.101,  1058.3922],
['2017-09-17',   8674.4,  2165.684,  1058.4324],
['2017-09-18',   8674.4,  2166.372,  1058.5654],
['2017-09-19',   8674.4,  2167.156,  1058.7664],
['2017-09-20',   8674.4,  2168.684,  1059.3454],
['2017-09-21',   8674.4,  2170.352,  1059.7687],
['2017-09-22',   8674.4,  2187.678,  1062.8537],
['2017-09-23',   8674.4,  2188.441,  1063.1286],
['2017-09-24',   8674.4,  2188.949,  1063.1286],
['2017-09-25',   8674.4,  2189.809,  1063.6646],
['2017-09-26',   8674.4,  2190.666,  1063.8096],
['2017-09-27',   8674.4,  2192.802,  1064.3592],
['2017-09-28',   8674.4,  2194.229,  1065.0809],
['2017-09-29',   8674.4,  2195.635,  1065.0856],
['2017-09-30',   8674.4,  2196.573,  1065.6525],
['2017-10-01',   8674.4,  2197.955,  1065.9135],
['2017-10-02',   8674.4,  2198.598,  1066.0585],
['2017-10-03',   8674.4,  2204.100,  1067.6333],
['2017-10-04',   8674.4,  2208.789,  1070.8262],
['2017-10-05',   8674.4,  2227.498,  1073.4212],
['2017-10-06',   8674.4,  2228.042,  1073.796],
['2017-10-07',   8674.4,  2228.524,  1073.9806],
['2017-10-08',   8674.4,  2228.715,  1073.9806],
['2017-10-09',   8674.4,  2229.579,  1074.0866],
['2017-10-10',   8674.4,  2230.762,  1074.3866],
['2017-10-11',   8674.4,  2240.198,  1076.9586],
['2017-10-12',   8674.4,  2247.697,  1078.1626],
['2017-10-13',   8674.4,  2251.188,  1072.4733],
['2017-10-14',   8674.4,  2251.953,  1073.0322],
['2017-10-15',   8674.4,  2252.200,  1073.0662],
['2017-10-16',   8674.4,  2252.885,  1073.2953],
['2017-10-17',   8674.4,  2254.684,  1075.2876],
['2017-10-18',   8674.4,  2255.554,  1075.4196],
['2017-10-19',   8674.4,  2260.800,  1077.4036],
['2017-10-20',   8674.4,  2263.866,  1078.5496],
['2017-10-21',   8674.4,  2264.151,  1078.9612],
['2017-10-22',   8674.4,  2264.436,  1078.9612],
['2017-10-23',   8674.4,  2265.163,  1079.0082],
['2017-10-24',   8674.4,  2266.874,  1080.0282],
['2017-10-25',   8674.4,  2268.199,  1080.4432],
['2017-10-26',   8674.4,  2269.215,  1080.5252],
['2017-10-27',   8674.4,  2269.543,  1081.0312],
['2017-10-28',   8674.4,  2269.834,  1081.2355],
['2017-10-29',   8674.4,  2270.578,  1081.3386],
['2017-10-30',   8674.4,  2271.439,  1082.0106],
['2017-10-31',   8674.4,  2271.793,  1081.990],
['2017-11-01',   8674.4,  2272.850,  1082.065],
['2017-11-02',   8674.4,  2273.681,  1081.814],
['2017-11-03',   8674.4,  2274.588,  1082.1111],
['2017-11-04',   8674.4,  2274.761,  1082.3903],
['2017-11-05',   8674.4,  2274.839,  1082.3903],
['2017-11-06',   8674.4,  2275.203,  1082.3903],
['2017-11-07',   8674.4,  2277.329,  1082.3903],
['2017-11-08',   8674.4,  2280.514,  1083.3725],
['2017-11-09',   8674.4,  2285.910,  1084.9725],
['2017-11-10',   8674.4,  2287.376,  1085.1005],
['2017-11-11',   8674.4,  2288.341,  1085.5008],
['2017-11-12',   8674.4,  2327.015,  1093.2518],
['2017-11-13',   8674.4,  2327.987,  1093.5405],
['2017-11-14',   8674.4,  2329.090,  1094.0221],
['2017-11-15',   8674.4,  2330.992,  1094.5131],
['2017-11-16',   8674.4,  2332.339,  1094.7589],
['2017-11-17',   8674.4,  2333.478,  1095.1136],
['2017-11-18',   8674.4,  2334.441,  1095.4449],
['2017-11-19',   8674.4,  2334.875,  1096.9663],
['2017-11-20',   8674.4,  2336.892,  1097.0531],
['2017-11-21',   8674.4,  2339.170,  1097.370],
['2017-11-22',   8674.4,  2340.302,  1098.635],
['2017-11-23',   8674.4,  2340.943,  1099.013],
['2017-11-24',   8674.4,  2341.516,  1099.100],
['2017-11-25',   8674.4,  2341.631,  1099.177],
['2017-11-26',   8674.4,  2341.835,  1099.177],
['2017-11-27',   8674.4,  2342.600,  1099.204],
['2017-11-28',   8674.4,  2344.786,  1100.5439],
['2017-11-29',   8674.4,  2346.618,  1101.7229],
['2017-11-30',   8674.4,  2347.812,  1102.4684],
['2017-12-01',   8674.4,  2348.485,  1102.7044],
['2017-12-02',   8674.4,  2348.760,  1101.2737],
['2017-12-03',   8674.4,  2354.346,  1100.4558],
['2017-12-04',   8674.4,  2359.259,  1101.1343],
['2017-12-05',   8674.4,  2360.190,  1100.6988],
['2017-12-06',   8674.4,  2361.763,  1100.0865],
['2017-12-07',   8674.4,  2364.133,  1100.5445],
['2017-12-08',   8674.4,  2366.044,  1100.2695],
['2017-12-09',   8674.4,  2367.240,  1098.7615],
['2017-12-10',   8674.4,  2369.069,  1097.6043],
['2017-12-11',   8674.4,  2369.930,  1097.9017],
['2017-12-12',   8674.4,  2372.777,  1098.3094],
['2017-12-13',   8674.4,  2375.192,  1098.7414],
['2017-12-14',   8674.4,  2380.760,  1099.8424],
['2017-12-15',   8674.4,  2381.099,  1100.2674],
['2017-12-16',   8674.4,  2381.314,  1100.2674],
['2017-12-17',   8674.4,  2381.417,  1100.2674],
['2017-12-18',   8674.4,  2382.292,  1100.4286],
['2017-12-19',   8674.4,  2383.834,  1100.4746],
['2017-12-20',   8674.4,  2384.517,  1100.6815],
['2017-12-21',   8674.4,  2384.818,  1100.7835],
['2017-12-22',   8674.4,  2385.185,  1100.8405],
['2017-12-23',   8674.4,  2385.499,  1101.3753],
['2017-12-24',   8674.4,  2385.600,  1101.3753],
['2017-12-25',   8674.4,  2385.886,  1101.5054],
['2017-12-26',   8674.4,  2386.181,  1101.7027],
['2017-12-27',   8674.4,  2386.351,  1101.8997],
['2017-12-28',   8674.4,  2386.644,  1101.9237],
['2017-12-29',   8674.4,  2389.059,  1101.9627],
['2017-12-30',   8674.4,  2389.629,  1102.1991],
['2017-12-31',   8674.4,  2390.245,  1102.2631],
['2018-01-01',   8674.4,  2391.544,  1102.6616],
['2018-01-02',   8674.4,  2392.222,  1102.7686],
['2018-01-03',   8674.4,  2393.220,  1103.2026],
['2018-01-04',   8674.4,  2402.261,  1104.5856],
['2018-01-05',   8674.4,  2403.301,  1104.9946],
['2018-01-06',   8674.4,  2403.768,  1105.0104],
['2018-01-07',   8674.4,  2404.373,  1105.1354],
['2018-01-08',   8674.4,  2405.311,  1105.6361],
['2018-01-09',   8674.4,  2406.487,  1106.7041],
['2018-01-10',   8674.4,  2407.493,  1107.0981],
['2018-01-11',   8674.4,  2408.264,  1107.4301],
['2018-01-12',   8674.4,  2409.211,  1107.9501],
['2018-01-13',   8674.4,  2409.779,  1108.0722],
['2018-01-14',   8674.4,  2410.280,  1108.1778],
['2018-01-15',   8674.4,  2410.768,  1108.3999],
['2018-01-16',   8674.4,  2411.622,  1108.4139],
['2018-01-17',   8674.4,  2412.097,  1108.6889],
['2018-01-18',   8674.4,  2412.710,  1108.8089],
['2018-01-19',   8674.4,  2413.335,  1108.8209],
['2018-01-20',   8674.4,  2413.526,  1108.8985],
['2018-01-21',   8674.4,  2414.015,  1109.2344],
['2018-01-22',   8674.4,  2414.486,  1109.9416],
['2018-01-23',   8674.4,  2414.936,  1110.4176],
['2018-01-24',   8674.4,  2415.383,  1110.6626],
['2018-01-25',   8674.4,  2417.661,  1099.0306],
['2018-01-26',   8674.4,  2434.140,  1096.6676],
['2018-01-27',   8674.4,  2434.516,  1097.1849],
['2018-01-28',   8674.4,  2434.697,  1097.2169],
['2018-01-29',   8674.4,  2435.288,  1097.7008],
['2018-01-30',   8674.4,  2435.860,  1098.3661],
['2018-01-31',   8674.4,  2436.562,  1098.0141],
['2018-02-01',   8674.4,  2437.541,  1098.2611],
['2018-02-02',   8674.4,  2438.041,  1098.313],
['2018-02-03',   8674.4,  2438.386,  1098.4664],
['2018-02-04',   8674.4,  2438.748,  1098.5012],
['2018-02-05',   8674.4,  2439.255,  1099.1232],
['2018-02-06',   8674.4,  2441.430,  1099.2882],
['2018-02-07',   8674.4,  2442.315,  1099.8062],
['2018-02-08',   8674.4,  2443.332,  1100.5982],
['2018-02-09',   8674.4,  2445.288,  1101.3862],
['2018-02-10',   8674.4,  2447.932,  1102.7332],
['2018-02-11',   8674.4,  2448.361,  1102.7332],
['2018-02-12',   8674.4,  2449.200,  1102.9768],
['2018-02-13',   8674.4,  2449.815,  1102.9768],
['2018-02-14',   8674.4,  2450.459,  1103.7278],
['2018-02-15',   8674.4,  2460.981,  1109.8208],
['2018-02-16',   8674.4,  2461.680,  1110.0748],
['2018-02-17',   8674.4,  2462.325,  1110.3218],
['2018-02-18',   8674.4,  2463.975,  1111.4923],
['2018-02-19',   8674.4,  2464.445,  1111.6929],
['2018-02-20',   8674.4,  2465.163,  1111.8454],
['2018-02-21',   8674.4,  2466.336,  1112.0695],
['2018-02-22',   8674.4,  2468.326,  1113.2921],
['2018-02-23',   8674.4,  2469.267,  1113.506],
['2018-02-24',   8674.4,  2474.065,  1114.6566],
['2018-02-25',   8674.4,  2474.560,  1115.2466],
['2018-02-26',   8674.4,  2475.336,  1115.6859],
['2018-02-27',   8674.4,  2477.082,  1115.7059],
['2018-02-28',   8674.4,  2479.428,  1117.5999],
['2018-03-01',   8674.4,  2480.141,  1118.4799],
['2018-03-02',   8674.4,  2481.493,  1118.7911],
['2018-03-03',   8674.4,  2481.986,  1119.1718],
['2018-03-04',   8674.4,  2482.200,  1119.3227],
['2018-03-05',   8674.4,  2483.010,  1119.7839],
['2018-03-06',   8674.4,  2483.347,  1119.8549],
['2018-03-07',   8674.4,  2484.616,  1120.4609],
['2018-03-08',   8674.4,  2488.285,  1122.5422],
['2018-03-09',   8674.4,  2496.884,  1128.5852],
['2018-03-10',   8674.4,  2497.672,  1128.8131],
['2018-03-11',   8674.4,  2498.161,  1128.8681],
['2018-03-12',   8674.4,  2498.889,  1129.2345],
['2018-03-13',   8674.4,  2499.954,  1129.6015],
['2018-03-14',   8674.4,  2502.112,  1129.9715],
['2018-03-15',   8674.4,  2543.612,  1169.6402],
['2018-03-16',   8674.4,  2561.413,  1172.9564],
['2018-03-17',   8674.4,  2566.076,  1175.2484],
['2018-03-18',   8674.4,  2566.958,  1175.5112],
['2018-03-19',   8674.4,  2567.611,  1175.9514],
['2018-03-20',   8674.4,  2568.628,  1176.0912],
['2018-03-21',   8674.4,  2569.394,  1176.1362],
['2018-03-22',   8674.4,  2570.461,  1176.3222],
['2018-03-23',   8674.4,  2572.143,  1176.5208],
['2018-03-24',   8674.4,  2572.848,  1176.9271],
['2018-03-25',   8674.4,  2573.206,  1177.3125],
['2018-03-26',   8674.4,  2573.732,  1177.3185],
['2018-03-27',   8674.4,  2574.582,  1177.0071],
['2018-03-28',   8674.4,  2578.158,  1178.5862],
['2018-03-29',   8674.4,  2578.911,  1179.4912],
['2018-03-30',   8674.4,  2581.649,  1180.2712],
['2018-03-31',   8674.4,  2582.05,  1180.6417],
['2018-04-01',   8674.4,  2582.529,  1180.9942],
['2018-04-02',   8674.4,  2583.036,  1181.2325],
['2018-04-03',   8674.4,  2583.578,  1181.2325],
['2018-04-04',   8674.4,  2584.543,  1181.1667],
['2018-04-05',   8674.4,  2585.433,  1181.4327],
['2018-04-06',   8674.4,  2586.282,  1181.6427],
['2018-04-07',   8674.4,  2587.637,  1182.8347],
['2018-04-08',   8674.4,  2590.012,  1184.4687],
['2018-04-09',   8674.4,  2590.653,  1184.7052],
['2018-04-10',   8674.4,  2593.879,  1185.4961],
['2018-04-11',   8674.4,  2596.807,  1187.161],
['2018-04-12',   8674.4,  2614.207,  1196.312],
['2018-04-13',   8674.4,  2618.836,  1197.3035],
['2018-04-14',   8674.4,  2619.131,  1197.3365],
['2018-04-15',   8674.4,  2643.029,  1209.256],
['2018-04-16',   8674.4,  2655.533,  1218.270],
['2018-04-17',   8674.4,  2660.459,  1221.585],
['2018-04-18',   8674.4,  2668.513,  1229.136],
['2018-04-19',   8674.4,  2673.150,  1230.678],
['2018-04-20',   8674.4,  2673.953,  1231.542],
['2018-04-21',   8674.4,  2674.587,  1230.485],
['2018-04-22',   8674.4,  2676.454,  1231.957],
['2018-04-23',   8674.4,  2677.275,  1232.711],
['2018-04-24',   8674.4,  2695.692,  1235.465],
['2018-04-25',   8674.4,  2695.973,  1235.631],
['2018-04-26',   8674.4,  2709.330,  1249.621],
['2018-04-27',   8674.4,  2710.164,  1249.772],
['2018-04-28',   8674.4,  2712.208,  1250.787],
['2018-04-29',   8674.4,  2712.513,  1250.970],
['2018-04-30',   8674.4,  2713.074,  1251.450],
['2018-05-01',   8674.4,  2713.703,  1251.880],
['2018-05-02',   8674.4,  2716.113,  1246.320],
['2018-05-03',   8674.4,  2717.453,  1246.853],
['2018-05-04',   8674.4,  2718.636,  1247.802],
['2018-05-05',   8674.4,  2719.067,  1248.107],
['2018-05-06',   8674.4,  2719.328,  1248.197],
['2018-05-07',   8674.4,  2720.073,  1248.339],
['2018-05-08',   8674.4,  2720.980,  1248.837],
['2018-05-09',   8674.4,  2722.418,  1248.871],
['2018-05-10',   8674.4,  2724.193,  1249.853],
['2018-05-11',   8674.4,  2724.796,  1249.866],
['2018-05-12',   8674.4,  2725.127,  1250.036],
['2018-05-13',   8674.4,  2725.450,  1250.224],
['2018-05-14',   8674.4,  2728.136,  1250.923],
['2018-05-15',   8674.4,  2729.240,  1252.280],
['2018-05-16',   8674.4,  2730.214,  1252.325],
['2018-05-17',   8674.4,  2731.609,  1252.718],
['2018-05-18',   8674.4,  2733.280,  1253.351],
['2018-05-19',   8674.4,  2734.184,  1254.110],
['2018-05-20',   8674.4,  2734.857,  1254.352],
['2018-05-21',   8674.4,  2778.420,  1264.445],
['2018-05-22',   8674.4,  2783.569,  1266.087],
['2018-05-23',   8674.4,  2788.481,  1266.889],
['2018-05-24',   8674.4,  2791.223,  1267.894],
['2018-05-25',   8674.4,  2795.641,  1269.470],
['2018-05-26',   8674.4,  2796.511,  1269.848],
['2018-05-27',   8674.4,  2797.944,  1270.395],
['2018-05-28',   8674.4,  2799.410,  1271.072],
['2018-05-29',   8674.4,  2804.225,  1273.441],
['2018-05-30',   8674.4,  2805.892,  1273.774],
['2018-05-31',   8674.4,  2809.210,  1276.075],
['2018-06-01',   8674.4,  2827.630,  1279.868],
['2018-06-02',   8674.4,  2829.430,  1280.494],
['2018-06-03',   8674.4,  2830.584,  1280.630],
['2018-06-04',   8674.4,  2831.688,  1281.775],
['2018-06-05',   8674.4,  2833.523,  1282.437],
['2018-06-06',   8674.4,  2834.856,  1283.499],
['2018-06-07',   8674.4,  2837.902,  1284.019],
['2018-06-08',   8674.4,  2840.268,  1284.400],
['2018-06-09',   8674.4,  2852.192,  1289.413],
['2018-06-10',   8674.4,  2857.001,  1290.681],
['2018-06-11',   8674.4,  2861.069,  1293.734],
['2018-06-12',   8674.4,  2862.402,  1293.978],
['2018-06-13',   8674.4,  2864.054,  1294.719],
['2018-06-14',   8674.4,  2864.828,  1295.017],
['2018-06-15',   8674.4,  2867.723,  1295.608],
['2018-06-16',   8674.4,  2869.695,  1296.181],
['2018-06-17',   8674.4,  2870.177,  1296.467],
['2018-06-18',   8674.4,  2874.266,  1298.945],
['2018-06-19',   8674.4,  2874.927,  1299.006],
['2018-06-20',   8674.4,  2877.017,  1299.494],
['2018-06-21',   8674.4,  2885.981,  1302.946],
['2018-06-22',   8674.4,  2888.162,  1303.252],
['2018-06-23',   8674.4,  2888.278,  1303.907],
['2018-06-24',   8674.4,  2888.442,  1303.990],
['2018-06-25',   8674.4,  2888.702,  1304.368],
['2018-06-26',   8674.4,  2888.833,  1304.826],
['2018-06-27',   8674.4,  2889.260,  1305.112],
['2018-06-28',   8674.4,  2899.223,  1310.057],
['2018-06-29',   8674.4,  2907.893,  1313.755],
['2018-06-30',   8674.4,  2913.845,  1315.745],
['2018-07-01',   8674.4,  2920.141,  1317.851],
['2018-07-02',   8674.4,  2921.474,  1318.079],
['2018-07-03',   8674.4,  2923.101,  1318.488],
['2018-07-04',   8674.4,  2925.020,  1320.086],
['2018-07-05',   8674.4,  2925.285,  1321.037],
['2018-07-06',   8674.4,  2925.736,  1320.914],
['2018-07-07',   8674.4,  2926.018,  1321.268],
['2018-07-08',   8674.4,  2926.601,  1321.268],
['2018-07-09',   8674.4,  2927.048,  1321.529],
['2018-07-10',   8674.4,  2928.731,  1320.521],
['2018-07-11',   8674.4,  2930.312,  1320.499],
['2018-07-12',   8674.4,  2931.676,  1321.346],
['2018-07-13',   8674.4,  2932.070,  1322.230],
['2018-07-14',   8674.4,  2932.318,  1322.230],
['2018-07-15',   8674.4,  2932.487,  1322.273],
['2018-07-16',   8674.4,  2933.043,  1322.458],
['2018-07-17',   8674.4,  2933.493,  1322.820],
['2018-07-18',   8674.4,  2935.058,  1323.111],
['2018-07-19',   8674.4,  2937.330,  1323.984],
['2018-07-20',   8674.4,  2937.992,  1324.859],
['2018-07-21',   9183.2,  2941.328,  1325.850],
['2018-07-22',   9183.2,  2941.888,  1326.086],
['2018-07-23',   9183.2,  2942.568,  1326.276],
['2018-07-24',   9183.2,  2943.456,  1326.617],
['2018-07-25',   9183.2,  2945.489,  1327.329],
['2018-07-26',   9183.2,  2954.564,  1331.644],
['2018-07-27',   9183.2,  2956.337,  1332.730],
['2018-07-28',   9183.2,  2956.744,  1333.377],
['2018-07-29',   9183.2,  2957.393,  1333.377],
['2018-07-30',   9183.2,  2957.820,  1333.900],
['2018-07-31',   9183.2,  2959.492,  1334.395],
['2018-08-01',   9183.2,  2975.520,  1350.194],
['2018-08-02',   9695.2,  3051.322,  1407.671],
['2018-08-03',   9695.2,  3052.746,  1406.826],
['2018-08-04',   9695.2,  3053.249,  1407.308],
['2018-08-05',   9695.2,  3055.109,  1408.814],
['2018-08-06',   9695.2,  3055.516,  1408.972],
['2018-08-07',   9695.2,  3055.962,  1409.327],
['2018-08-08',   9695.2,  3065.237,  1408.721],
['2018-08-09',   9695.2,  3066.051,  1408.404],
['2018-08-10',   9695.2,  3066.655,  1408.038],
['2018-08-11',   9695.2,  3067.026,  1408.038],
['2018-08-12',   9695.2,  3083.614,  1417.849],
['2018-08-13',   9695.2,  3089.371,  1419.007],
['2018-08-14',   9695.2,  3138.163,  1436.860],
['2018-08-15',   9695.2,  3143.729,  1439.665],
['2018-08-16',   9695.2,  3145.665,  1439.809],
['2018-08-17',   9695.2,  3147.106,  1439.831],
['2018-08-18',   9695.2,  3149.015,  1440.650],
['2018-08-19',   9695.2,  3153.575,  1442.805],
['2018-08-20',   9695.2,  3157.698,  1446.544],
['2018-08-21',   9695.2,  3162.211,  1444.799],
['2018-08-22',   9695.2,  3248.061,  1471.262],
['2018-08-23',   9695.2,  3331.598,  1492.818],
['2018-08-24',   9695.2,  3333.444,  1493.448],
['2018-08-25',   10202.24,  3344.448,  1502.120],
['2018-08-26',   10202.24,  3344.941,  1502.526],
['2018-08-27',   10202.24,  3345.246,  1502.093],
['2018-08-28',   10202.24,  3345.585,  1502.378],
['2018-08-29',   10202.24,  3345.975,  1502.247],
['2018-08-30',   10202.24,  3347.148,  1501.277],
['2018-08-31',   10202.24,  3398.091,  1535.620],
['2018-09-01',   10202.24,  3398.517,  1536.786],
['2018-09-02',   10202.24,  3398.945,  1537.023],
['2018-09-03',   10202.24,  3399.413,  1537.535],
['2018-09-04',   10202.24,  3400.012,  1537.649],
['2018-09-05',   10202.24,  3402.733,  1537.394],
['2018-09-06',   10202.24,  3405.373,  1539.553],
['2018-09-07',   10202.24,  3406.248,  1539.546],
['2018-09-08',   10202.24,  3406.646,  1539.651],
['2018-09-09',   10202.24,  3406.976,  1539.759],
['2018-09-10',   10202.24,  3407.629,  1540.614],
['2018-09-11',   10202.24,  3408.105,  1540.573],
['2018-09-12',   10202.24,  3408.548,  1540.823],
['2018-09-13',   10202.24,  3409.045,  1541.152],
['2018-09-14',   10202.24,  3409.686,  1540.957],
['2018-09-15',   10202.24,  3411.459,  1541.923],
['2018-09-16',   10202.24,  3411.857,  1542.133],
['2018-09-17',   10202.24,  3412.148,  1542.263],
['2018-09-18',   10202.24,  3413.359,  1542.929],
['2018-09-19',   10202.24,  3415.804,  1544.978],
['2018-09-20',   10202.24,  3416.259,  1544.799],
['2018-09-21',   10202.24,  3420.427,  1546.767],
['2018-09-22',   10202.24,  3423.293,  1548.456],
['2018-09-23',   10202.24,  3423.673,  1548.748],
['2018-09-24',   10202.24,  3424.989,  1549.642],
['2018-09-25',   10202.24,  3425.548,  1549.144],
['2018-09-26',   10202.24,  3427.145,  1550.287],
['2018-09-27',   10202.24,  3427.784,  1550.070],
['2018-09-28',   10202.24,  3428.197,  1550.397],
['2018-09-29',   10202.24,  3428.790,  1551.388],
['2018-09-30',   10202.24,  3429.275,  1551.583],
['2018-10-01',   10202.24,  3429.658,  1552.083],
['2018-10-02',   10202.24,  3432.120,  1552.171],
['2018-10-03',   10202.24,  3437.024,  1553.978],
['2018-10-04',   10202.24,  3438.506,  1555.037],
['2018-10-05',   10202.24,  3439.209,  1556.369],
['2018-10-06',   10202.24,  3439.923,  1557.551],
['2018-10-07',   10202.24,  3440.296,  1557.563],
['2018-10-08',   10202.24,  3441.437,  1558.667],
['2018-10-09',   10202.24,  3442.465,  1558.551],
['2018-10-10',   10202.24,  3443.403,  1558.617],
['2018-10-11',   10202.24,  3446.675,  1560.349],
['2018-10-12',   10202.24,  3447.339,  1560.629],
['2018-10-13',   10202.24,  3450.324,  1562.153],
['2018-10-14',   10202.24,  3452.022,  1561.732],
['2018-10-15',   10202.24,  3452.738,  1562.624],
['2018-10-16',   10202.24,  3454.455,  1562.738],
['2018-10-17',   10202.24,  3459.814,  1565.267],
['2018-10-18',   10202.24,  3469.521,  1570.851],
['2018-10-19',   10202.24,  3489.895,  1586.753],
['2018-10-20',   10202.24,  3491.334,  1587.233],
['2018-10-21',   10202.24,  3495.592,  1589.254],
['2018-10-22',   10202.24,  3496.363,  1589.495],
['2018-10-23',   10202.24,  3511.129,  1599.353],
['2018-10-24',   10202.24,  3529.569,  1609.578],
['2018-10-25',   10202.24,  3540.307,  1613.539],
['2018-10-26',   10202.24,  3541.174,  1613.981],
['2018-10-27',   10202.24,  3542.966,  1614.706],
['2018-10-28',   10202.24,  3543.183,  1614.925],
['2018-10-29',   10202.24,  3543.871,  1615.298],
['2018-10-30',   10202.24,  3544.498,  1615.378],
['2018-10-31',   10202.24,  3567.628,  1624.625],
['2018-11-01',   10202.24,  3572.39,  1627.510],
['2018-11-02',   10202.24,  3629.356,  1669.677],
['2018-11-03',   10202.24,  3629.872,  1670.013],
['2018-11-04',   10202.24,  3630.136,  1670.605],
['2018-11-05',   10202.24,  3630.54,  1670.650],
['2018-11-06',   10202.24,  3630.754,  1670.577],
['2018-11-07',   10202.24,  3634.647,  1670.862],
['2018-11-08',   10202.24,  3635.206,  1670.849],
['2018-11-09',   10202.24,  3635.493,  1670.813],
['2018-11-10',   10202.24,  3635.714,  1671.221],
['2018-11-11',   10202.24,  3635.994,  1670.102],
['2018-11-12',   10202.24,  3636.333,  1670.230],
['2018-11-13',   10202.24,  3636.518,  1670.415],
['2018-11-14',   10202.24,  3641.631,  1670.440],
['2018-11-15',   10202.24,  3675.306,  1680.990],
['2018-11-16',   10202.24,  3710.028,  1692.264],
['2018-11-17',   10202.24,  3715.088,  1694.595],
['2018-11-18',   10202.24,  3717.653,  1695.612],
['2018-11-19',   10202.24,  3718.284,  1696.286],
['2018-11-20',   10202.24,  3718.410,  1694.323],
['2018-11-21',   10202.24,  3718.896,  1690.877],
['2018-11-22',   10202.24,  3719.015,  1690.053],
['2018-11-23',   10202.24,  3719.161,  1689.954],
['2018-11-24',   10202.24,  3719.226,  1690.138],
['2018-11-25',   10202.24,  3719.317,  1690.887],
['2018-11-26',   10202.24,  3719.451,  1692.329],
['2018-11-27',   10202.24,  3719.652,  1691.764],
['2018-11-28',   10202.24,  3719.849,  1690.082],
['2018-11-29',   10202.24,  3721.765,  1689.103],
['2018-11-30',   10202.24,  3741.004,  1699.907],
['2018-12-01',   10202.24,  3748.820,  1709.725],
['2018-12-02',   10202.24,  3748.871,  1710.654],
['2018-12-03',   10202.24,  3753.054,  1712.757],
['2018-12-04',   10202.24,  3753.797,  1712.739],
['2018-12-05',   10202.24,  3754.028,  1712.105],
['2018-12-06',   10202.24,  3762.355,  1711.674],
['2018-12-07',   10202.24,  3770.663,  1712.840],
['2018-12-08',   10202.24,  3770.747,  1713.046],
['2018-12-09',   10202.24,  3770.781,  1714.304],
['2018-12-10',   10202.24,  3770.928,  1716.283],
['2018-12-11',   10202.24,  3784.116,  1716.299],
['2018-12-12',   10202.24,  3784.554,  1715.892],
['2018-12-13',   10202.24,  3784.719,  1714.741],
['2018-12-14',   10202.24,  3784.977,  1714.616],
['2018-12-15',   10202.24,  3785.013,  1713.898],
['2018-12-16',   10202.24,  3785.143,  1713.545],
['2018-12-17',   10202.24,  3785.347,  1715.074],
['2018-12-18',   10202.24,  3785.551,  1714.992],
['2018-12-19',   10202.24,  3785.688,  1713.958],
['2018-12-20',   10202.24,  3786.788,  1713.178],
['2018-12-21',   10202.24,  3786.849,  1713.161],
['2018-12-22',   10202.24,  3787.089,  1713.685],
['2018-12-23',   10202.24,  3787.361,  1713.952],
['2018-12-24',   10202.24,  3787.608,  1715.615],
['2018-12-25',   10202.24,  3788.177,  1716.485],
['2018-12-26',   10202.24,  3798.602,  1719.316],
['2018-12-27',   10202.24,  3799.018,  1718.379],
['2018-12-28',   10202.24,  3800.464,  1718.520],
['2018-12-29',   10202.24,  3800.649,  1718.224],
['2018-12-30',   10202.24,  3800.872,  1717.681],
['2018-12-31',   10202.24,  3801.405,  1718.766],
['2019-01-01',   10202.24,  3804.668,  1718.617],
['2019-01-02',   10202.24,  3804.967,  1719.438],
['2019-01-03',   10202.24,  3805.277,  1716.984],
['2019-01-04',   10202.24,  3805.649,  1715.935],
['2019-01-05',   10202.24,  3806.339,  1716.441],
['2019-01-06',   10202.24,  3806.644,  1717.419],
['2019-01-07',   10202.24,  3807.042,  1719.985],
['2019-01-08',   10202.24,  3809.219,  1717.200],
['2019-01-09',   10202.24,  3809.509,  1717.170],
['2019-01-10',   10202.24,  3810.215,  1716.633],
['2019-01-11',   10202.24,  3812.127,  1717.679],
['2019-01-12',   10202.24,  3812.539,  1716.934],
['2019-01-13',   10202.24,  3825.794,  1724.042],
['2019-01-14',   10202.24,  3828.480,  1726.427],
['2019-01-15',   10202.24,  3838.368,  1728.293],
['2019-01-16',   10202.24,  3841.738,  1728.367],
['2019-01-17',   10202.24,  3843.118,  1727.814],
['2019-01-18',   10202.24,  3844.274,  1728.972],
['2019-01-19',   10202.24,  3845.984,  1728.423],
['2019-01-20',   10202.24,  3846.585,  1729.300],
['2019-01-21',   10202.24,  3847.131,  1731.676],
['2019-01-22',   10202.24,  3972.133,  1772.290],
['2019-01-23',   10202.24,  3972.854,  1771.520],
['2019-01-24',   10202.24,  3974.393,  1770.603],
['2019-01-25',   10202.24,  3975.391,  1771.159],
['2019-01-26',   10202.24,  3975.474,  1772.254],
['2019-01-27',   10202.24,  3975.506,  1773.526],
['2019-01-28',   10202.24,  3976.025,  1774.091],
['2019-01-29',   10202.24,  3976.481,  1773.921],
['2019-01-30',   10202.24,  4193.825,  1872.498],
['2019-01-31',   10202.24,  4336.919,  1929.574],
['2019-02-01',   10202.24,  4340.441,  1929.834],
['2019-02-02',   10202.24,  4340.767,  1929.969],
['2019-02-03',   10202.24,  4340.988,  1930.429],
['2019-02-04',   10202.24,  4341.357,  1931.494],
['2019-02-05',   10202.24,  4342.132,  1931.050],
['2019-02-06',   10202.24,  4343.623,  1929.586],
['2019-02-07',   10202.24,  4343.928,  1929.305],
['2019-02-08',   10202.24,  4344.139,  1929.817],
['2019-02-09',   10202.24,  4346.712,  1929.960],
['2019-02-10',   10202.24,  4346.913,  1932.061],
['2019-02-11',   10202.24,  4347.106,  1932.894],
['2019-02-12',   10202.24,  4347.335,  1932.058],
['2019-02-13',   10202.24,  4347.702,  1930.728],
['2019-02-14',   10202.24,  4347.819,  1930.140],
['2019-02-15',   10202.24,  4348.106,  1929.850],
['2019-02-16',   10202.24,  4348.219,  1930.345],
['2019-02-17',   10202.24,  4348.293,  1931.514],
['2019-02-18',   10202.24,  4349.107,  1933.791],
['2019-02-19',   10202.24,  4349.439,  1931.585],
['2019-02-20',   10202.24,  4349.855,  1930.989],
['2019-02-21',   10202.24,  4350.072,  1931.180],
['2019-02-22',   10202.24,  4352.671,  1930.015],
['2019-02-23',   10202.24,  4352.815,  1930.537],
['2019-02-24',   10202.24,  4352.860,  1932.185],
['2019-02-25',   10202.24,  4353.014,  1935.274],
['2019-02-26',   10202.24,  4353.163,  1933.626],
['2019-02-27',   10202.24,  4353.407,  1931.942],
['2019-02-28',   10202.24,  4354.146,  1931.628],
['2019-03-01',   10202.24,  4361.664,  1932.375],
['2019-03-02',   10202.24,  4362.739,  1932.411],
['2019-03-03',   10202.24,  4362.975,  1933.260],
['2019-03-04',   10202.24,  4363.642,  1934.220],
['2019-03-05',   10202.24,  4365.948,  1931.971],
['2019-03-06',   10202.24,  4366.514,  1931.817],
['2019-03-07',   10202.24,  4367.650,  1932.484],
['2019-03-08',   10202.24,  4368.000,  1934.049],
['2019-03-09',   10202.24,  4368.071,  1935.625],
['2019-03-10',   10202.24,  4368.092,  1936.201],
['2019-03-11',   10202.24,  4385.001,  1950.276],
['2019-03-12',   10202.24,  4385.128,  1950.028],
['2019-03-13',   10202.24,  4385.267,  1949.061],
['2019-03-14',   10202.24,  4385.457,  1949.577],
['2019-03-15',   10202.24,  4385.705,  1950.042],
['2019-03-16',   10202.24,  4385.753,  1951.321],
['2019-03-17',   10202.24,  4385.79,  1952.180],
['2019-03-18',   10202.24,  4386.357,  1953.672],
['2019-03-19',   10202.24,  4386.552,  1954.018],
['2019-03-20',   10202.24,  4386.729,  1953.240],
['2019-03-21',   10202.24,  4386.849,  1953.446],
['2019-03-22',   10202.24,  4386.959,  1953.673],
['2019-03-23',   10202.24,  4387.029,  1954.254],
['2019-03-24',   10202.24,  4387.039,  1954.254],
['2019-03-25',   10202.24,  4387.079,  1954.254],
['2019-03-26',   10202.24,  4387.139,  1954.254],
['2019-03-27',   10202.24,  4387.199,  1954.403],
['2019-03-28',   10202.24,  4387.219,  1954.481],
['2019-03-29',   10202.24,  4387.261,  1954.577],
['2019-03-30',   10202.24,  4387.271,  1954.577],
['2019-03-31',   10202.24,  4387.271,  1954.650],
['2019-04-01',   10202.24,  4387.361,  1954.650],
['2019-04-02',   10202.24,  4387.361,  1954.650],
['2019-04-03',   10202.24,  4387.361,  1954.650],
['2019-04-04',   10202.24,  4387.361,  1954.650],
['2019-04-05',   10202.24,  4387.361,  1954.650],
['2019-04-06',   10202.24,  4387.361,  1954.650],
['2019-04-07',   10202.24,  4387.361,  1954.650],
['2019-04-08',   10202.24,  4387.361,  1954.650],
['2019-04-09',   10202.24,  4387.361,  1954.650],
['2019-04-10',   10202.24,  4387.361,  1954.650],
['2019-04-11',   10202.24,  4387.371,  1954.650],
['2019-04-12',   10202.24,  4387.372,  1954.650],
['2019-04-13',   10202.24,  4387.372,  1954.650],
['2019-04-14',   10202.24,  4387.372,  1954.650],
['2019-04-15',   10202.24,  4387.372,  1954.650],
['2019-04-16',   10202.24,  4387.372,  1954.650],
['2019-04-17',   10202.24,  4387.372,  1954.650],
['2019-04-18',   10202.24,  4387.372,  1954.650],
['2019-04-19',   10202.24,  4387.374,  1954.650],
['2019-04-20',   10202.24,  4387.374,  1954.650],
['2019-04-21',   10202.24,  4387.374,  1954.650],
['2019-04-22',   10202.24,  4387.374,  1954.650],
['2019-04-23',   10202.24,  4387.375,  1954.650],
['2019-04-24',   10202.24,  4387.376,  1954.650],
['2019-04-25',   10202.24,  4387.376,  1954.650],
['2019-04-26',   10202.24,  4387.376,  1954.650],
['2019-04-27',   10202.24,  4387.376,  1954.650],
['2019-04-28',   10202.24,  4387.376,  1954.650],
['2019-04-29',   10202.24,  4387.376,  1954.650],
['2019-04-30',   10202.24,  4387.376,  1954.650],
['2019-05-01',   10202.24,  4387.376,  1954.650],
['2019-05-02',   10202.24,  4387.376,  1954.650],
['2019-05-03',   10202.24,  4387.376,  1954.650],
['2019-05-04',   10202.24,  4387.376,  1954.650],
['2019-05-05',   10202.24,  4387.376,  1954.650],
['2019-05-06',   10202.24,  4387.376,  1954.650],
['2019-05-07',   10202.24,  4387.376,  1954.650],
['2019-05-08',   10202.24,  4387.376,  1954.650],
['2019-05-09',   10202.24,  4387.377,  1954.650],
['2019-05-10',   10202.24,  4387.378,  1954.650],
['2019-05-11',   10202.24,  4387.378,  1954.650],
['2019-05-12',   10202.24,  4387.378,  1954.650],
['2019-05-13',   10202.24,  4387.378,  1954.650],
['2019-05-14',   10202.24,  4387.378,  1954.650],
['2019-05-15',   10202.24,  4387.378,  1954.650],
['2019-05-16',   10202.24,  4387.378,  1954.650],
['2019-05-17',   10202.24,  4387.378,  1954.650],
['2019-05-18',   10202.24,  4387.378,  1954.650],
['2019-05-19',   10202.24,  4387.378,  1954.650],
['2019-05-20',   10202.24,  4387.378,  1954.650],
['2019-05-21',   10202.24,  4387.378,  1954.650],
['2019-05-22',   10202.24,  4387.378,  1954.650],
['2019-05-23',   10202.24,  4387.378,  1954.650],
['2019-05-24',   10202.24,  4387.378,  1954.650],
['2019-05-25',   10202.24,  4387.378,  1954.650],
['2019-05-26',   10202.24,  4387.378,  1954.650],
['2019-05-27',   10202.24,  4387.388,  1954.650],
['2019-05-28',   10202.24,  4387.388,  1954.650],
['2019-05-29',   10202.24,  4387.388,  1954.650],
['2019-05-30',   10202.24,  4387.390,  1954.650],
['2019-05-31',   10202.24,  4387.390,  1954.650],
['2019-06-01',   10202.24,  4387.390,  1954.650],
['2019-06-02',   10202.24,  4387.390,  1954.650],
['2019-06-03',   10202.24,  4387.390,  1954.650],
['2019-06-04',   10202.24,  4387.390,  1954.650],
['2019-06-05',   10202.24,  4387.390,  1954.650],
['2019-06-06',   10202.24,  4387.390,  1954.650],
['2019-06-07',   10202.24,  4387.390,  1954.650],
['2019-06-08',   10202.24,  4387.390,  1954.650],
['2019-06-09',   10202.24,  4387.390,  1954.650],
['2019-06-10',   10202.24,  4387.390,  1954.650],
['2019-06-11',   10202.24,  4387.390,  1954.650],
['2019-06-12',   10202.24,  4387.390,  1954.650],
['2019-06-13',   10202.24,  4387.390,  1954.650],
['2019-06-14',   10202.24,  4387.390,  1954.650],
['2019-06-15',   10202.24,  4387.390,  1954.650],
['2019-06-16',   10202.24,  4387.390,  1954.650],
['2019-06-17',   10202.24,  4387.390,  1954.650],
['2019-06-18',   10202.24,  4387.391,  1954.650],
['2019-06-19',   10202.24,  4387.392,  1954.650],
['2019-06-20',   10202.24,  4387.392,  1954.650],
['2019-06-21',   10202.24,  4387.392,  1954.650],
['2019-06-22',   10202.24,  4387.392,  1954.650],
['2019-06-23',   10202.24,  4387.392,  1954.650],
['2019-06-24',   10202.24,  4387.392,  1954.650],
['2019-06-25',   10202.24,  4387.392,  1954.650],
['2019-06-26',   10202.24,  4387.392,  1954.650],
['2019-06-27',   10202.24,  4387.392,  1954.650],
['2019-06-28',   10202.24,  4387.392,  1954.650],
['2019-06-29',   10202.24,  4387.392,  1954.650],
['2019-06-30',   10202.24,  4387.392,  1954.650],
['2019-07-01',   10202.24,  4387.392,  1954.650],
['2019-07-02',   10202.24,  4387.392,  1954.650],
['2019-07-03',   10202.24,  4387.392,  1954.650],
['2019-07-04',   10202.24,  4387.392,  1954.650],
['2019-07-05',   10202.24,  4387.392,  1954.650],
['2019-07-06',   10202.24,  4387.392,  1954.650],
['2019-07-07',   10202.24,  4387.392,  1954.650],
['2019-07-08',   10202.24,  4387.392,  1954.650],
['2019-07-09',   10202.24,  4387.392,  1954.650],
['2019-07-10',   10202.24,  4387.392,  1954.650],
['2019-07-11',   10202.24,  4387.392,  1954.650],
['2019-07-12',   10202.24,  4387.392,  1954.650],
['2019-07-13',   10202.24,  4387.392,  1954.650],
['2019-07-14',   10202.24,  4387.392,  1954.650],
['2019-07-15',   10202.24,  4387.392,  1954.650],
['2019-07-16',   10202.24,  4387.392,  1954.650],
['2019-07-17',   10202.24,  4387.392,  1954.650],
['2019-07-18',   10202.24,  4387.392,  1954.650],
['2019-07-19',   10202.24,  4387.392,  1954.650],
['2019-07-20',   10202.24,  4387.392,  1954.650],
['2019-07-21',   10202.24,  4387.392,  1954.650],
['2019-07-22',   10202.24,  4387.392,  1954.650],
['2019-07-23',   10202.24,  4387.392,  1954.650],
['2019-07-24',   10202.24,  4387.392,  1954.650],
['2019-07-25',   10202.24,  4387.392,  1954.650],
['2019-07-26',   10202.24,  4387.392,  1954.650],
['2019-07-27',   10202.24,  4387.392,  1954.650],
['2019-07-28',   10202.24,  4387.392,  1954.650],
['2019-07-29',   10202.24,  4387.392,  1954.650],
['2019-07-30',   10202.24,  4387.392,  1954.650],
['2019-07-31',   10202.24,  4387.392,  1954.650],
['2019-08-01',   10202.24,  4387.392,  1954.650],
['2019-08-02',   10202.24,  4387.392,  1954.650],
['2019-08-03',   10202.24,  4387.392,  1954.650],
['2019-08-04',   10202.24,  4387.392,  1954.650],
['2019-08-05',   10202.24,  4387.392,  1954.650],
['2019-08-06',   10202.24,  4387.392,  1954.650],
['2019-08-07',   10202.24,  4387.392,  1954.650],
['2019-08-08',   10202.24,  4387.392,  1954.650],
['2019-08-09',   10202.24,  4387.392,  1954.650],
['2019-08-10',   10202.24,  4387.392,  1954.650],
['2019-08-11',   10202.24,  4387.392,  1954.650],
['2019-08-12',   10202.24,  4387.392,  1954.650],
['2019-08-13',   10202.24,  4387.392,  1954.650],
['2019-08-14',   10202.24,  4387.392,  1954.650],
['2019-08-15',   10202.24,  4387.392,  1954.650],
['2019-08-16',   10202.24,  4387.392,  1954.650],
['2019-08-17',   10202.24,  4387.392,  1954.650],
['2019-08-18',   10202.24,  4387.392,  1954.650],
['2019-08-19',   10202.24,  4387.392,  1954.650],
['2019-08-20',   10202.24,  4387.392,  1954.650],
['2019-08-21',   10202.24,  4387.392,  1954.650],
['2019-08-22',   10202.24,  4387.392,  1954.650],
['2019-08-23',   10202.24,  4387.392,  1954.650],
['2019-08-24',   10202.24,  4387.392,  1954.650],
['2019-08-25',   10202.24,  4387.392,  1954.650],
['2019-08-26',   10202.24,  4387.392,  1954.650],
['2019-08-27',   10202.24,  4387.392,  1954.650],
['2019-08-28',   10202.24,  4387.392,  1954.650],
['2019-08-29',   10202.24,  4387.392,  1954.650],
['2019-08-30',   10202.24,  4387.392,  1954.650],
['2019-08-31',   10202.24,  4387.392,  1954.650],
['2019-09-01',   10202.24,  4387.392,  1954.650],
['2019-09-02',   10202.24,  4387.392,  1954.650],
['2019-09-03',   10202.24,  4387.392,  1954.650],
['2019-09-04',   10202.24,  4387.392,  1954.650],
['2019-09-05',   10202.24,  4387.392,  1954.650],
['2019-09-06',   10202.24,  4387.392,  1954.650],
['2019-09-07',   10202.24,  4387.392,  1954.650],
['2019-09-08',   10202.24,  4387.392,  1954.650],
['2019-09-09',   10202.24,  4387.392,  1954.650],
['2019-09-10',   10202.24,  4387.392,  1954.650],
['2019-09-11',   10202.24,  4387.392,  1954.650],
['2019-09-12',   10202.24,  4387.392,  1954.650],
['2019-09-13',   10202.24,  4387.392,  1954.650],
['2019-09-14',   10202.24,  4387.392,  1954.650],
['2019-09-15',   10202.24,  4387.392,  1954.650],
['2019-09-16',   10202.24,  4387.392,  1954.650],
['2019-09-17',   10202.24,  4387.392,  1954.650],
['2019-09-18',   10202.24,  4387.392,  1954.650],
['2019-09-19',   10202.24,  4387.392,  1954.650],
['2019-09-20',   10202.24,  4387.392,  1954.650],
['2019-09-21',   10202.24,  4387.392,  1954.650],
['2019-09-22',   10202.24,  4387.392,  1954.650],
['2019-09-23',   10202.24,  4387.392,  1954.650],
['2019-09-24',   10202.24,  4387.392,  1954.650],
['2019-09-25',   10202.24,  4387.392,  1954.650],
['2019-09-26',   10202.24,  4387.392,  1954.650],
['2019-09-27',   10202.24,  4387.392,  1954.650],
['2019-09-28',   10202.24,  4387.392,  1954.650],
['2019-09-29',   10202.24,  4387.392,  1954.650],
['2019-09-30',   10202.24,  4387.392,  1954.650],
['2019-10-01',   10202.24,  4387.392,  1954.650],
['2019-10-02',   10202.24,  4387.392,  1954.650]
        ]);
        var options = {
          title: 'Storage report from LDC V9000-1 - sap ',
          chartArea:{left:50,top:50},vAxis:{title:'Gigabytes'},hAxis:{title:'DateTime'}
        };

        var chart = new google.visualization.LineChart(document.getElementById('chart_div'));
        chart.draw(data, options);
      }
    </script>
  </head>
  <body>
    <div id="chart_div" style="width: 1500px; height: 900px;"></div>
  </body>
</html>
