<html>
 <head>
   <script type="text/javascript" src="https://www.google.com/jsapi"></script>
   <script type="text/javascript">
     google.load("visualization", "1", {packages:["corechart"]});
     google.setOnLoadCallback(drawChart);
     function drawChart() {
       var data = google.visualization.arrayToDataTable([
['Date','Total Allocated(GB)','After Thin Provisioning(GB)','After Compression(GB)'],
['2015-11-21',   0,  0,  0],
['2015-11-22',   0,  0,  0],
['2015-11-23',   0,  0,  0],
['2015-11-24',   0,  0,  0],
['2015-11-25',   0,  0,  0],
['2015-11-26',   0,  0,  0],
['2015-11-27',   0,  0,  0],
['2015-11-28',   0,  0,  0],
['2015-11-29',   0,  0,  0],
['2015-11-30',   0,  0,  0],
['2015-12-01',   0,  0,  0],
['2015-12-02',   0,  0,  0],
['2015-12-03',   0,  0,  0],
['2015-12-04',   0,  0,  0],
['2015-12-05',   0,  0,  0],
['2015-12-06',   0,  0,  0],
['2015-12-07',   0,  0,  0],
['2015-12-08',   0,  0,  0],
['2015-12-09',   0,  0,  0],
['2015-12-10',   0,  0,  0],
['2015-12-11',   0,  0,  0],
['2015-12-12',   0,  0,  0],
['2015-12-13',   0,  0,  0],
['2015-12-14',   0,  0,  0],
['2015-12-15',   0,  0,  0],
['2015-12-16',   0,  0,  0],
['2015-12-17',   0,  0,  0],
['2015-12-18',   0,  0,  0],
['2015-12-19',   0,  0,  0],
['2015-12-20',   0,  0,  0],
['2015-12-21',   0,  0,  0],
['2015-12-22',   0,  0,  0],
['2015-12-23',   0,  0,  0],
['2015-12-24',   0,  0,  0],
['2015-12-25',   0,  0,  0],
['2015-12-26',   0,  0,  0],
['2015-12-27',   0,  0,  0],
['2015-12-28',   0,  0,  0],
['2015-12-29',   0,  0,  0],
['2015-12-30',   0,  0,  0],
['2015-12-31',   0,  0,  0],
['2016-01-01',   0,  0,  0],
['2016-01-02',   0,  0,  0],
['2016-01-03',   0,  0,  0],
['2016-01-04',   0,  0,  0],
['2016-01-05',   0,  0,  0],
['2016-01-06',   0,  0,  0],
['2016-01-07',   0,  0,  0],
['2016-01-08',   0,  0,  0],
['2016-01-09',   0,  0,  0],
['2016-01-10',   0,  0,  0],
['2016-01-11',   0,  0,  0],
['2016-01-12',   0,  0,  0],
['2016-01-13',   0,  0,  0],
['2016-01-14',   0,  0,  0],
['2016-01-15',   0,  0,  0],
['2016-01-16',   0,  0,  0],
['2016-01-17',   0,  0,  0],
['2016-01-18',   0,  0,  0],
['2016-01-19',   0,  0,  0],
['2016-01-20',   0,  0,  0],
['2016-01-21',   0,  0,  0],
['2016-01-22',   0,  0,  0],
['2016-01-23',   0,  0,  0],
['2016-01-24',   0,  0,  0],
['2016-01-25',   0,  0,  0],
['2016-01-26',   0,  0,  0],
['2016-01-27',   0,  0,  0],
['2016-01-28',   0,  0,  0],
['2016-01-29',   0,  0,  0],
['2016-01-30',   0,  0,  0],
['2016-01-31',   0,  0,  0],
['2016-02-01',   0,  0,  0],
['2016-02-02',   0,  0,  0],
['2016-02-03',   0,  0,  0],
['2016-02-04',   0,  0,  0],
['2016-02-05',   0,  0,  0],
['2016-02-06',   0,  0,  0],
['2016-02-07',   0,  0,  0],
['2016-02-08',   0,  0,  0],
['2016-02-09',   13824,  0,  .004119876],
['2016-02-10',   13824,  0,  .004119876],
['2016-02-11',   13824,  0,  .004119876],
['2016-02-12',   13824,  0,  .004119876],
['2016-02-13',   13824,  0,  .004119876],
['2016-02-14',   13824,  0,  .004119876],
['2016-02-15',   13824,  719.212503457,  212.4818617],
['2016-02-16',   13824,  423.334723457,  133.90689819],
['2016-02-17',   13824,  479.445293457,  148.7568407],
['2016-02-18',   13824,  554.615583457,  166.2861707],
['2016-02-19',   13824,  310.316763457,  104.5827627],
['2016-02-20',   13824,  252.742913457,  78.59014519],
['2016-02-21',   13824,  126.822275457,  42.8269977],
['2016-02-22',   13824,  314.088853457,  108.4437297],
['2016-02-23',   13824,  333.149163457,  108.81829619],
['2016-02-24',   13824,  254.853833457,  87.95742919],
['2016-02-25',   13824,  282.936073457,  93.7382387],
['2016-02-26',   13824,  303.617973457,  101.1556237],
['2016-02-27',   13824,  197.315743457,  66.444531492],
['2016-02-28',   13824,  106.800130457,  36.821595492],
['2016-02-29',   13824,  282.170343457,  91.5796397],
['2016-03-01',   13824,  468.937643457,  140.10844719],
['2016-03-02',   13824,  374.146083457,  119.05812519],
['2016-03-03',   13824,  377.824253457,  117.2329027],
['2016-03-04',   13824,  252.310983457,  86.56348119],
['2016-03-05',   13824,  232.205323457,  76.7010777],
['2016-03-06',   13824,  101.002329457,  34.20582919],
['2016-03-07',   13824,  227.176583457,  75.34734519],
['2016-03-08',   13824,  287.556143457,  94.7053607],
['2016-03-09',   13824,  270.861523457,  91.522074492],
['2016-03-10',   13824,  248.802713457,  84.3146307],
['2016-03-11',   13824,  261.951083457,  89.4463847],
['2016-03-12',   13824,  208.851513457,  68.4492307],
['2016-03-13',   13824,  119.375344457,  39.4028267],
['2016-03-14',   13824,  176.360333457,  60.2406267],
['2016-03-15',   13824,  238.676923457,  81.9430067],
['2016-03-16',   13824,  217.794623457,  76.57018419],
['2016-03-17',   13824,  240.065413457,  83.95236319],
['2016-03-18',   13824,  241.801443457,  82.140597975],
['2016-03-19',   13824,  189.482693457,  65.07706419],
['2016-03-20',   13824,  209.95158467,  56.3720887],
['2016-03-21',   13824,  154.091004492,  53.45513341],
['2016-03-22',   13824,  207.745234492,  73.0233617],
['2016-03-23',   13824,  231.114964492,  82.3864117],
['2016-03-24',   13824,  216.089674492,  74.753283492],
['2016-03-25',   13824,  180.356714492,  64.03906841],
['2016-03-26',   13824,  130.881198492,  46.3091647],
['2016-03-27',   13824,  91.357629492,  32.59550941],
['2016-03-28',   13824,  115.547063492,  40.7606277],
['2016-03-29',   13824,  182.296574492,  64.28694241],
['2016-03-30',   13824,  236.536924492,  83.0389897],
['2016-03-31',   13824,  302.809654492,  99.73565341],
['2016-04-01',   13824,  326.368461,  111.852291],
['2016-04-02',   13824,  244.649654,  83.2345957],
['2016-04-03',   13824,  99.3197913,  35.7838044],
['2016-04-04',   13824,  172.0720046,  59.7794792],
['2016-04-05',   13824,  334.709381,  106.1378036],
['2016-04-06',   13824,  247.590741,  85.893279],
['2016-04-07',   13824,  217.612857,  76.176977],
['2016-04-08',   13824,  253.915512,  87.350563],
['2016-04-09',   14336,  183.123668,  63.774303588],
['2016-04-10',   14336,  128.549105,  45.945120588],
['2016-04-11',   14336,  180.843858,  65.918855588],
['2016-04-12',   14336,  212.31705,  74.272224588],
['2016-04-13',   14336,  220.667824,  77.300336588],
['2016-04-14',   14336,  202.24823,  71.603064588],
['2016-04-15',   14336,  213.31663,  75.486616588],
['2016-04-16',   14336,  159.50142,  57.674008588],
['2016-04-17',   14336,  96.503280,  35.155550588],
['2016-04-18',   14336,  184.529398,  65.121966588],
['2016-04-19',   14336,  216.768357,  75.755094588],
['2016-04-20',   14336,  232.433281,  81.854271588],
['2016-04-21',   14336,  219.47799,  78.484376588],
['2016-04-22',   14336,  217.16741,  77.295708588],
['2016-04-23',   14336,  151.704952,  55.175941588],
['2016-04-24',   14336,  97.465818,  35.533189588],
['2016-04-25',   14336,  195.493316,  69.430344588],
['2016-04-26',   14336,  244.25939,  83.432236588],
['2016-04-27',   14336,  253.215745527,  85.78141874],
['2016-04-28',   14336,  232.252805527,  80.621749527],
['2016-04-29',   14336,  258.619715527,  87.46819774],
['2016-04-30',   14336,  240.041835527,  80.12033526],
['2016-05-01',   14336,  206.897655527,  66.56917574],
['2016-05-02',   14336,  230.423185527,  78.92736126],
['2016-05-03',   14336,  283.802065527,  94.49974226],
['2016-05-04',   14336,  298.076966562,  100.58123826],
['2016-05-05',   14336,  348.370956562,  110.51618929],
['2016-05-06',   14336,  254.197476562,  86.19777629],
['2016-05-07',   14336,  253.782306562,  86.45566726],
['2016-05-08',   14336,  177.963561562,  62.913574562],
['2016-05-09',   14336,  238.377466562,  83.85124226],
['2016-05-10',   14336,  295.888206562,  104.81795926],
['2016-05-11',   14336,  285.483764562,  101.24300526],
['2016-05-12',   14336,  287.73294174,  102.86627026],
['2016-05-13',   14336,  310.649016562,  110.90442829],
['2016-05-14',   14336,  242.775886562,  90.48261226],
['2016-05-15',   14336,  203.254668562,  76.87271026],
['2016-05-16',   14336,  267.078804562,  99.14442726],
['2016-05-17',   14336,  264.935876,  94.2726166],
['2016-05-18',   14336,  248.901829,  88.3584693],
['2016-05-19',   14336,  349.20636,  132.8357222],
['2016-05-20',   14336,  324.69864,  120.946503],
['2016-05-21',   14336,  291.203039,  110.123311],
['2016-05-22',   14336,  229.698011,  88.965973],
['2016-05-23',   14336,  301.05131,  113.853400],
['2016-05-24',   14336,  377.63573,  143.539618],
['2016-05-25',   14336,  354.34478,  136.417465],
['2016-05-26',   14848,  333.41370,  128.785035588],
['2016-05-27',   14848,  323.49763416,  124.08300765],
['2016-05-28',   14848,  293.05347416,  115.42436856],
['2016-05-29',   14848,  268.35948416,  108.19822152],
['2016-05-30',   14848,  333.90329516,  130.29222716],
['2016-05-31',   14848,  379.93077416,  148.68456069],
['2016-06-01',   14848,  467.49885416,  172.37599311],
['2016-06-02',   14848,  357.25941416,  129.46131313],
['2016-06-03',   14848,  317.97880416,  108.933597],
['2016-06-04',   14848,  319.49417416,  126.77083507],
['2016-06-05',   14848,  337.14908257,  126.25166765],
['2016-06-06',   14848,  326.84669416,  130.71719013],
['2016-06-07',   14848,  364.23279416,  145.70830116],
['2016-06-08',   14848,  361.77314416,  144.55577703],
['2016-06-09',   14848,  379.56130,  148.4272021],
['2016-06-10',   14848,  380.25353,  149.925029],
['2016-06-11',   14848,  315.89000,  125.617299],
['2016-06-12',   14848,  319.43100,  129.846169],
['2016-06-13',   14848,  362.06051,  143.986689],
['2016-06-14',   14848,  359.00420,  143.831085],
['2016-06-15',   14848,  331.91099,  133.413003],
['2016-06-16',   14848,  363.02960,  144.055477],
['2016-06-17',   14848,  426.08327,  168.408371],
['2016-06-18',   14848,  372.41638,  147.375597],
['2016-06-19',   14848,  289.587417,  124.219099],
['2016-06-20',   14848,  350.89412,  142.968211],
['2016-06-21',   14848,  382.71083,  154.304161],
['2016-06-22',   14848,  392.41413,  155.699011],
['2016-06-23',   14848,  350.34406,  139.696339],
['2016-06-24',   14848,  337.44954,  127.438038],
['2016-06-25',   14848,  262.42100,  96.761947],
['2016-06-26',   14848,  240.557407,  91.659277],
['2016-06-27',   14848,  309.76117,  115.33919],
['2016-06-28',   14848,  455.29740,  181.945452],
['2016-06-29',   14848,  423.85363,  170.810342],
['2016-06-30',   14848,  403.65323,  164.368026],
['2016-07-01',   14848,  463.96671,  177.391953],
['2016-07-02',   14848,  421.36410,  164.887131],
['2016-07-03',   14848,  305.206736,  131.394650],
['2016-07-04',   14848,  406.23574,  159.318075],
['2016-07-05',   14848,  519.18345,  187.762762],
['2016-07-06',   14848,  476.25234,  179.481802],
['2016-07-07',   14848,  455.05610,  165.425342],
['2016-07-08',   14848,  394.39878,  154.956141],
['2016-07-09',   15360,  341.551547,  141.430832588],
['2016-07-10',   15360,  344.50414577,  147.14813477],
['2016-07-11',   15360,  380.55336505,  158.48711146],
['2016-07-12',   15360,  362.626526,  147.873239],
['2016-07-13',   15360,  402.922067,  167.027674],
['2016-07-14',   15360,  360.892086,  145.964640],
['2016-07-15',   15360,  427.65105,  174.617898],
['2016-07-16',   15360,  386.08187,  157.616598],
['2016-07-17',   15360,  377.941279,  161.123980],
['2016-07-18',   15360,  359.35782,  145.610989],
['2016-07-19',   15360,  249.744437,  96.254122],
['2016-07-20',   15360,  259.54434,  99.820918],
['2016-07-21',   15360,  421.41872,  174.406218],
['2016-07-22',   15360,  405.27042,  165.387273],
['2016-07-23',   15360,  408.31518,  169.476707],
['2016-07-24',   15360,  337.691773,  147.978439],
['2016-07-25',   15360,  369.884173,  153.646333],
['2016-07-26',   15360,  392.056576,  163.171723],
['2016-07-27',   15360,  273.749571,  106.398974],
['2016-07-28',   15360,  259.224198,  102.213560],
['2016-07-29',   15360,  270.35555,  106.759067],
['2016-07-30',   15360,  243.55800,  96.049346],
['2016-07-31',   15360,  371.080399,  165.491244],
['2016-08-01',   15360,  432.36889,  174.599464],
['2016-08-02',   15360,  520.73254,  207.029607],
['2016-08-03',   15360,  485.88509,  194.130099],
['2016-08-04',   15360,  424.35292,  173.291331],
['2016-08-05',   15360,  459.48949,  182.057359],
['2016-08-06',   15360,  292.733639,  118.081477],
['2016-08-07',   15360,  376.351697,  165.642380],
['2016-08-08',   15360,  413.042654,  174.714912],
['2016-08-09',   15360,  430.957764,  183.051604],
['2016-08-10',   15360,  440.147714,  180.589520],
['2016-08-11',   15360,  494.59095,  207.187100],
['2016-08-12',   16384,  88.315153,  37.175762876],
['2016-08-13',   16384,  404.47082554,  168.10936527],
['2016-08-14',   16384,  373.83265054,  165.55890740],
['2016-08-15',   16384,  375.48220154,  162.77696651],
['2016-08-16',   16384,  377.94087454,  154.72995307],
['2016-08-17',   16384,  313.74136954,  128.51501652],
['2016-08-18',   16384,  188.58027854,  69.70060508],
['2016-08-19',   16384,  190.56655054,  71.91201355],
['2016-08-20',   16384,  116.15885954,  44.44823528],
['2016-08-21',   16384,  80.79593154,  32.95063404],
['2016-08-22',   16384,  152.59139932,  56.38633220],
['2016-08-23',   16384,  198.60430577,  73.4736685],
['2016-08-24',   16384,  252.17998777,  93.70244972],
['2016-08-25',   16384,  232.69377077,  84.32685832],
['2016-08-26',   16384,  277.28294577,  99.9586535],
['2016-08-27',   16384,  189.65026477,  70.65014571],
['2016-08-28',   16384,  167.74306577,  64.5200975],
['2016-08-29',   16384,  220.92788177,  81.16540254],
['2016-08-30',   16384,  281.97306377,  105.39774744],
['2016-08-31',   16384,  268.46440777,  99.92063741],
['2016-09-01',   16384,  313.65002381,  110.84660666],
['2016-09-02',   16384,  302.5046584,  103.76962651],
['2016-09-03',   16384,  233.962587,  80.3165145],
['2016-09-04',   16384,  89.448083,  33.3400494],
['2016-09-05',   16384,  255.973792,  87.6179771],
['2016-09-06',   16384,  229.682957,  79.288178],
['2016-09-07',   16384,  226.010633,  84.036954],
['2016-09-08',   16384,  208.897004,  76.013808],
['2016-09-09',   16384,  209.64473,  75.918369],
['2016-09-10',   16384,  198.50570,  72.242145],
['2016-09-11',   16384,  100.682402,  36.705253],
['2016-09-12',   16384,  159.837865,  58.805506],
['2016-09-13',   16384,  243.80852,  84.671115],
['2016-09-14',   16384,  201.944088,  74.315805],
['2016-09-15',   16384,  190.79398,  70.725373],
['2016-09-16',   16384,  197.46182,  72.953784],
['2016-09-17',   16384,  180.22967,  65.256331],
['2016-09-18',   16384,  97.527600,  36.946823],
['2016-09-19',   16384,  152.932429,  57.702038],
['2016-09-20',   16384,  216.39693,  79.507297],
['2016-09-21',   16384,  200.41210,  74.814594],
['2016-09-22',   16384,  206.129531,  77.810987],
['2016-09-23',   16384,  211.05023,  78.117254],
['2016-09-24',   16384,  156.246884,  58.315988],
['2016-09-25',   16384,  105.002032,  41.143126],
['2016-09-26',   16384,  155.068952,  58.962266],
['2016-09-27',   16384,  200.283817,  74.688731],
['2016-09-28',   16384,  273.41470,  96.183428],
['2016-09-29',   16384,  207.29601,  77.838797],
['2016-09-30',   16384,  220.69305,  82.303994],
['2016-10-01',   16384,  247.17964,  86.630572],
['2016-10-02',   16384,  150.07037,  55.067886],
['2016-10-03',   16384,  194.38652,  69.615096],
['2016-10-04',   16384,  271.18780,  92.297707],
['2016-10-05',   16384,  337.93057,  108.537068],
['2016-10-06',   16384,  253.16193,  86.049348],
['2016-10-07',   16384,  217.99771,  78.758710],
['2016-10-08',   16384,  174.02191,  63.226322],
['2016-10-09',   16384,  109.588283,  42.206885],
['2016-10-10',   16384,  188.034526,  68.231854],
['2016-10-11',   16384,  209.06347,  76.256738],
['2016-10-12',   16384,  206.74567,  76.072888],
['2016-10-13',   16384,  198.904528,  73.833824],
['2016-10-14',   16384,  207.51410,  76.719543],
['2016-10-15',   16384,  174.64041,  64.138093],
['2016-10-16',   16384,  86.745568,  33.382724],
['2016-10-17',   16384,  192.067754,  70.558049],
['2016-10-18',   16384,  243.35132,  91.020199],
['2016-10-19',   16384,  223.14291,  80.204658],
['2016-10-20',   16384,  191.862857,  72.271806],
['2016-10-21',   16384,  235.91125,  86.950529],
['2016-10-22',   16384,  176.49288,  65.201237],
['2016-10-23',   16384,  118.087092,  42.357872],
['2016-10-24',   16384,  190.27880,  70.616347],
['2016-10-25',   16384,  260.28660,  90.844831],
['2016-10-26',   16384,  347.86343,  118.42281],
['2016-10-27',   16384,  319.21563,  110.602624],
['2016-10-28',   16384,  219.90882,  78.731873],
['2016-10-29',   16384,  258.253244,  99.243392],
['2016-10-30',   16384,  99.698406,  39.295697],
['2016-10-31',   16384,  214.015244,  81.582873],
['2016-11-01',   16384,  248.83287,  88.648521],
['2016-11-02',   16384,  358.70857,  139.818585],
['2016-11-03',   16384,  258.20097,  90.558527],
['2016-11-04',   16384,  275.83557,  94.728517],
['2016-11-05',   16384,  214.30677,  74.892574],
['2016-11-06',   16384,  90.189901,  36.195774],
['2016-11-07',   16384,  126.462934,  48.795147],
['2016-11-08',   16384,  220.58398,  80.258881],
['2016-11-09',   16384,  212.089087,  78.764054],
['2016-11-10',   16384,  247.720862,  92.164943],
['2016-11-11',   16384,  193.589252,  72.325092],
['2016-11-12',   16384,  163.16631,  59.863928],
['2016-11-13',   16384,  111.908616,  43.368000],
['2016-11-14',   16384,  166.782766,  63.161322],
['2016-11-15',   16384,  192.411643,  72.373472],
['2016-11-16',   16384,  47.505372,  17.9663476],
['2016-11-17',   16384,  238.67903,  86.879577],
['2016-11-18',   16384,  224.409253,  84.308608],
['2016-11-19',   16384,  169.265046,  62.298185],
['2016-11-20',   16384,  99.686191,  39.200264],
['2016-11-21',   16384,  175.700183,  66.849231],
['2016-11-22',   16384,  206.167536,  78.785325],
['2016-11-23',   16896,  63.687056,  24.303145588],
['2016-11-24',   16896,  220.42962023,  81.5748192],
['2016-11-25',   16896,  216.45170223,  80.34831231],
['2016-11-26',   16896,  165.98053523,  62.83541217],
['2016-11-27',   16896,  98.38244723,  38.70465755],
['2016-11-28',   16896,  175.69098623,  66.44099555],
['2016-11-29',   16896,  221.14394023,  81.59070379],
['2016-11-30',   16896,  252.19106023,  89.07258651],
['2016-12-01',   16896,  285.91560623,  99.81701145],
['2016-12-02',   16896,  298.18181592,  101.91201169],
['2016-12-03',   16896,  197.2729983,  70.62546372],
['2016-12-04',   16896,  92.4533996,  35.24563632],
['2016-12-05',   16896,  222.935909,  79.2253311],
['2016-12-06',   16896,  275.538609,  95.1929396],
['2016-12-07',   16896,  238.912079,  84.5981868],
['2016-12-08',   16896,  225.766262,  79.7176022],
['2016-12-09',   16896,  208.442206,  76.5163013],
['2016-12-10',   16896,  202.609431,  72.9981292],
['2016-12-11',   16896,  109.3079578,  39.8526373],
['2016-12-12',   16896,  165.589546,  61.5732408],
['2016-12-13',   16896,  225.452731,  81.1830839],
['2016-12-14',   16896,  91.848455,  34.710094],
['2016-12-15',   16896,  271.835324,  96.561540],
['2016-12-16',   16896,  241.337027,  85.487521],
['2016-12-17',   16896,  178.330042,  61.4367255],
['2016-12-18',   16896,  139.459142,  46.005159],
['2016-12-19',   16896,  204.58753,  68.477642],
['2016-12-20',   16896,  254.82995,  85.607318],
['2016-12-21',   16896,  241.98401,  80.819294],
['2016-12-22',   16896,  221.133223,  75.482908],
['2016-12-23',   16896,  236.62694,  81.292287],
['2016-12-24',   16896,  116.544179,  43.589616],
['2016-12-25',   16896,  77.919460,  28.8551832],
['2016-12-26',   16896,  107.019907,  41.236876],
['2016-12-27',   16896,  137.784972,  50.485788],
['2016-12-28',   16896,  154.835623,  57.612852],
['2016-12-29',   16896,  161.490601,  60.027948],
['2016-12-30',   16896,  165.870773,  61.966675],
['2016-12-31',   16896,  133.200759,  50.336228],
['2017-01-01',   16896,  322.24513,  107.259228],
['2017-01-02',   16896,  256.82956,  87.159372],
['2017-01-03',   16896,  268.12183,  92.030009],
['2017-01-04',   16896,  249.00385,  91.254646],
['2017-01-05',   16896,  378.77197,  132.222517],
['2017-01-06',   16896,  213.91608,  79.199805],
['2017-01-07',   16896,  134.097184,  49.478394],
['2017-01-08',   16896,  81.688548,  32.2709441],
['2017-01-09',   16896,  161.723044,  60.256610],
['2017-01-10',   16896,  240.703399,  85.186959],
['2017-01-11',   16896,  339.34303,  124.481494],
['2017-01-12',   16896,  206.106253,  76.180268],
['2017-01-13',   16896,  224.092361,  84.494676],
['2017-01-14',   16896,  171.733196,  65.404625],
['2017-01-15',   16896,  92.186717,  37.423972],
['2017-01-16',   16896,  170.872644,  64.178887],
['2017-01-17',   16896,  225.094084,  84.610668],
['2017-01-18',   16896,  214.29715,  79.218885],
['2017-01-19',   17408,  125.993038,  46.794783588],
['2017-01-20',   17408,  219.62692674,  81.14757436],
['2017-01-21',   17408,  154.6547315,  58.74751719],
['2017-01-22',   17408,  97.284459,  36.3599918],
['2017-01-23',   17408,  172.604065,  65.5857608],
['2017-01-24',   17408,  244.824794,  90.2258461],
['2017-01-25',   17408,  208.999120,  78.0554283],
['2017-01-26',   17408,  213.283222,  79.3010847],
['2017-01-27',   17408,  207.372066,  76.2798737],
['2017-01-28',   17408,  144.579331,  54.7662379],
['2017-01-29',   17408,  84.0916346,  31.8779061],
['2017-01-30',   17408,  152.263755,  58.1936019],
['2017-01-31',   17408,  213.700723,  78.1450561],
['2017-02-01',   17408,  314.466850,  109.4540105],
['2017-02-02',   17408,  299.238767,  104.0564936],
['2017-02-03',   17408,  290.059653,  100.757377],
['2017-02-04',   17408,  236.043711,  82.180661],
['2017-02-05',   17408,  151.973583,  52.4406375],
['2017-02-06',   17408,  172.943868,  64.519593],
['2017-02-07',   17408,  225.145393,  83.270146],
['2017-02-08',   17408,  216.029431,  79.827259],
['2017-02-09',   17408,  224.099456,  81.521668],
['2017-02-10',   17408,  230.424641,  83.758087],
['2017-02-11',   17408,  149.117749,  55.932278],
['2017-02-12',   17408,  85.976641,  31.7609212],
['2017-02-13',   17408,  171.250918,  64.175305],
['2017-02-14',   17408,  262.43668,  92.633034],
['2017-02-15',   17408,  234.641625,  84.219042],
['2017-02-16',   17408,  78.091154,  28.5811897],
['2017-02-17',   17408,  70.630817,  27.072356],
['2017-02-18',   17408,  18.94501519,  7.72203096],
['2017-02-19',   17408,  53.463950,  20.5488151],
['2017-02-20',   17408,  34.279969,  13.5167869],
['2017-02-21',   17408,  284.608383,  102.657520],
['2017-02-22',   17408,  370.69325,  129.284412],
['2017-02-23',   17408,  72.192092,  27.0900839],
['2017-02-24',   17408,  340.133711,  113.795908],
['2017-02-25',   17408,  181.093999,  66.297758],
['2017-02-26',   17408,  121.219737,  42.244584],
['2017-02-27',   17408,  32.354979,  12.5895847],
['2017-02-28',   17408,  304.158741,  107.036081],
['2017-03-01',   17408,  487.82051,  161.065418],
['2017-03-02',   17408,  99.303575,  35.451184],
['2017-03-03',   17408,  350.53902,  120.670731],
['2017-03-04',   17408,  220.89532,  78.901048],
['2017-03-05',   17408,  145.551335,  50.6706858],
['2017-03-06',   17408,  43.342406,  16.6799094],
['2017-03-07',   17408,  272.09054,  97.987095],
['2017-03-08',   17408,  355.11101,  123.845450],
['2017-03-09',   17408,  217.507037,  80.733768],
['2017-03-10',   17408,  245.80437,  90.908369],
['2017-03-11',   17408,  185.755088,  69.750464],
['2017-03-12',   17408,  90.225069,  33.931553],
['2017-03-13',   17408,  193.792964,  76.514850],
['2017-03-14',   17408,  221.172128,  81.596900],
['2017-03-15',   17408,  230.016591,  86.111262],
['2017-03-16',   17408,  243.075281,  92.705290],
['2017-03-17',   17408,  217.522749,  80.486211],
['2017-03-18',   17408,  171.298498,  62.760178],
['2017-03-19',   17408,  68.982204,  27.669946],
['2017-03-20',   17408,  157.17360,  59.543953],
['2017-03-21',   17408,  208.936687,  77.270923],
['2017-03-22',   17408,  207.12719,  77.925910],
['2017-03-23',   17408,  240.786075,  90.929619],
['2017-03-24',   17408,  329.148322,  119.824051],
['2017-03-25',   17408,  305.382572,  111.286915],
['2017-03-26',   17408,  165.466206,  67.229557],
['2017-03-27',   17408,  188.139014,  68.299180],
['2017-03-28',   17408,  214.879362,  81.218621],
['2017-03-29',   17408,  241.493511,  90.282572],
['2017-03-30',   17408,  238.10357,  88.515103],
['2017-03-31',   17920,  252.452317,  94.766807588],
['2017-04-01',   17920,  376.19821727,  126.93470059],
['2017-04-02',   17920,  144.69521827,  48.76866258],
['2017-04-03',   17920,  221.86816874,  78.01040911],
['2017-04-04',   17920,  288.2249396,  99.98157557],
['2017-04-05',   17920,  330.12402,  113.1918608],
['2017-04-06',   17920,  266.905767,  94.105891],
['2017-04-07',   17920,  236.844542,  84.645174],
['2017-04-08',   17920,  200.085618,  71.625191],
['2017-04-09',   17920,  108.076789,  38.3516086],
['2017-04-10',   17920,  214.746427,  78.823643],
['2017-04-11',   17920,  223.298188,  82.359364],
['2017-04-12',   17920,  212.633688,  78.877167],
['2017-04-13',   17920,  219.40011,  82.194503],
['2017-04-14',   17920,  223.93841,  78.856654],
['2017-04-15',   17920,  111.323950,  42.985798],
['2017-04-16',   17920,  74.595946,  28.7975231],
['2017-04-17',   17920,  109.988042,  41.060050],
['2017-04-18',   17920,  187.390471,  69.472574],
['2017-04-19',   17920,  216.372617,  80.550899],
['2017-04-20',   17920,  220.117381,  82.789760],
['2017-04-21',   17920,  244.267786,  88.407058],
['2017-04-22',   17920,  162.400617,  60.065373],
['2017-04-23',   17920,  104.450019,  39.552211],
['2017-04-24',   17920,  170.630787,  64.402123],
['2017-04-25',   17920,  244.597486,  88.821340],
['2017-04-26',   17920,  239.513443,  89.895064],
['2017-04-27',   17920,  242.75074,  89.212721],
['2017-04-28',   17920,  239.047386,  89.016910],
['2017-04-29',   17920,  204.507617,  75.254129],
['2017-04-30',   17920,  96.876295,  36.364737],
['2017-05-01',   17920,  169.039605,  60.731690],
['2017-05-02',   17920,  263.249573,  92.356257],
['2017-05-03',   17920,  274.586259,  95.873505],
['2017-05-04',   17920,  291.260935,  102.623383],
['2017-05-05',   17920,  399.55708,  128.936827],
['2017-05-06',   17920,  396.593659,  126.743624],
['2017-05-07',   17920,  88.550846,  36.574254],
['2017-05-08',   17920,  190.886223,  69.590631],
['2017-05-09',   17920,  241.335043,  88.026429],
['2017-05-10',   18432,  267.039201,  100.011722588],
['2017-05-11',   18432,  220.367399527,  82.132632246],
['2017-05-12',   18432,  335.420248527,  124.714840246],
['2017-05-13',   18432,  292.319868,  107.6148855],
['2017-05-14',   18432,  229.683326,  88.3371776],
['2017-05-15',   18432,  181.7386151,  65.95986591],
['2017-05-16',   18432,  279.6340432,  97.87105414],
['2017-05-17',   18432,  273.8815204,  102.3756401],
['2017-05-18',   18432,  244.282706,  88.781640],
['2017-05-19',   18432,  228.1147657,  85.1507891],
['2017-05-20',   18432,  183.6209513,  69.7469404],
['2017-05-21',   18432,  88.2353176,  36.02111282],
['2017-05-22',   18432,  174.111789,  65.8001736],
['2017-05-23',   18432,  267.621570,  95.9380293],
['2017-05-24',   18944,  230.439605,  86.749265388],
['2017-05-25',   18944,  220.854298,  84.124012588],
['2017-05-26',   18944,  210.35988892,  80.02695167],
['2017-05-27',   18944,  168.99839432,  64.46594233],
['2017-05-28',   18944,  92.32520702,  35.90001050],
['2017-05-29',   18944,  166.21172892,  63.32040883],
['2017-05-30',   18944,  217.13217202,  82.62911403],
['2017-05-31',   18944,  249.42625582,  92.75314013],
['2017-06-01',   18944,  369.04655002,  128.97395043],
['2017-06-02',   18944,  322.71663002,  112.23038813],
['2017-06-03',   18944,  223.31709302,  79.78478753],
['2017-06-04',   18944,  87.65860757,  32.58179597],
['2017-06-05',   18944,  243.43645902,  85.84679437],
['2017-06-06',   18944,  239.56696102,  86.45120457],
['2017-06-07',   18944,  262.49494902,  94.01306773],
['2017-06-08',   18944,  311.76321702,  107.41505498],
['2017-06-09',   18944,  246.75566762,  90.20456507],
['2017-06-10',   18944,  225.01487482,  81.69279693],
['2017-06-11',   18944,  106.19719102,  38.24798125],
['2017-06-12',   18944,  178.08659692,  65.85528723],
['2017-06-13',   18944,  239.80359502,  88.90136043],
['2017-06-14',   18944,  248.2105492,  92.48133551],
['2017-06-15',   18944,  226.289819,  83.2341105],
['2017-06-16',   18944,  205.727598,  77.587105],
['2017-06-17',   18944,  182.9386944,  66.5854051],
['2017-06-18',   18944,  78.5641068,  29.70751466],
['2017-06-19',   18944,  195.081560,  71.5505051],
['2017-06-20',   18944,  218.005280,  81.6608668],
['2017-06-21',   18944,  254.742549,  93.3170147],
['2017-06-22',   18944,  234.431457,  87.1881194],
['2017-06-23',   18944,  237.231796,  88.0061104],
['2017-06-24',   18944,  167.967806,  63.5551793],
['2017-06-25',   18944,  90.365124,  35.1913946],
['2017-06-26',   18944,  187.361786,  69.9476738],
['2017-06-27',   18944,  238.687637,  88.1664147],
['2017-06-28',   18944,  269.816104,  99.2055999],
['2017-06-29',   18944,  269.942846,  100.0048647],
['2017-06-30',   18944,  256.919012,  92.763364],
['2017-07-01',   18944,  286.297807,  101.423209],
['2017-07-02',   18944,  101.873186,  37.7496046],
['2017-07-03',   18944,  229.278930,  82.251905],
['2017-07-04',   18944,  279.345273,  100.330911],
['2017-07-05',   18944,  369.40767,  123.307177],
['2017-07-06',   18944,  249.51108,  89.905913],
['2017-07-07',   18944,  244.282239,  88.076781],
['2017-07-08',   18944,  167.214831,  62.211966],
['2017-07-09',   18944,  85.063166,  33.1719275],
['2017-07-10',   18944,  221.814393,  81.075226],
['2017-07-11',   18944,  238.384702,  87.702312],
['2017-07-12',   18944,  230.056117,  85.475036],
['2017-07-13',   18944,  237.231973,  87.418750],
['2017-07-14',   18944,  219.825629,  81.405929],
['2017-07-15',   18944,  179.182543,  65.691232],
['2017-07-16',   18944,  350.739454,  59.797570],
['2017-07-17',   18944,  184.527654,  66.992571],
['2017-07-18',   18944,  232.030395,  84.765629],
['2017-07-19',   19456,  52.766549,  19.847215288],
['2017-07-20',   19456,  220.4651898,  80.92319143],
['2017-07-21',   19456,  229.43682532,  84.85320216],
['2017-07-22',   19456,  902.188978,  182.335312],
['2017-07-23',   19456,  101.221879,  35.167474],
['2017-07-24',   19456,  210.744977,  70.874941],
['2017-07-25',   19456,  338.101782,  114.808204],
['2017-07-26',   19456,  314.299369,  126.089271],
['2017-07-27',   19456,  266.52929,  96.046680],
['2017-07-28',   19456,  230.55199,  85.915466],
['2017-07-29',   19456,  151.747538,  59.416874],
['2017-07-30',   19456,  103.038757,  40.224688],
['2017-07-31',   19456,  190.009411,  69.928299],
['2017-08-01',   19456,  326.291057,  113.399977],
['2017-08-02',   19456,  306.545107,  104.314967],
['2017-08-03',   19456,  299.37540,  97.898368],
['2017-08-04',   19456,  240.866486,  85.795538],
['2017-08-05',   19456,  224.554388,  78.442071],
['2017-08-06',   19456,  88.091620,  31.964101],
['2017-08-07',   19456,  202.750648,  64.413155],
['2017-08-08',   19456,  227.350683,  81.786090],
['2017-08-09',   19456,  237.02407,  86.108006],
['2017-08-10',   19456,  230.419915,  84.565344],
['2017-08-11',   19456,  79.334503,  29.867566],
['2017-08-12',   19456,  225.198568,  82.208901],
['2017-08-13',   19456,  70.085560,  28.7418064],
['2017-08-14',   19456,  222.040331,  82.929353],
['2017-08-15',   19456,  212.70914,  75.845883],
['2017-08-16',   19456,  216.060143,  78.906714],
['2017-08-17',   19456,  220.01906,  81.324837],
['2017-08-18',   19456,  214.160916,  80.022769],
['2017-08-19',   19456,  218.734368,  77.487421],
['2017-08-20',   19456,  114.797459,  40.834872],
['2017-08-21',   19456,  182.005704,  66.845064],
['2017-08-22',   19456,  238.136488,  85.298618],
['2017-08-23',   19456,  220.647406,  82.539302],
['2017-08-24',   19456,  253.307944,  87.656449],
['2017-08-25',   19456,  224.172615,  82.435284],
['2017-08-26',   19456,  162.127825,  60.341240],
['2017-08-27',   19456,  94.177557,  33.959432],
['2017-08-28',   19456,  190.503932,  70.299289],
['2017-08-29',   19456,  227.381117,  84.586816],
['2017-08-30',   19456,  240.062446,  88.669989],
['2017-08-31',   19456,  257.382581,  93.721612],
['2017-09-01',   19456,  380.497338,  128.776372],
['2017-09-02',   19456,  273.32238,  93.749421],
['2017-09-03',   19456,  110.194497,  38.126620],
['2017-09-04',   19456,  227.572364,  80.757368],
['2017-09-05',   19456,  430.626074,  136.641897],
['2017-09-06',   19456,  276.057655,  95.041815],
['2017-09-07',   19456,  247.632091,  87.898820],
['2017-09-08',   19456,  224.77894,  81.546941],
['2017-09-09',   19456,  152.122711,  56.831587],
['2017-09-10',   19456,  134.986308,  49.8623971],
['2017-09-11',   19456,  206.138389,  73.930114],
['2017-09-12',   19456,  247.943823,  90.415676],
['2017-09-13',   19456,  269.520254,  97.535816],
['2017-09-14',   19456,  264.721098,  93.654550],
['2017-09-15',   19456,  233.140525,  87.135353],
['2017-09-16',   19456,  218.431725,  78.648736],
['2017-09-17',   19456,  127.720026,  46.218857],
['2017-09-18',   19456,  246.969945,  83.082493],
['2017-09-19',   19456,  253.75873,  89.986111],
['2017-09-20',   19456,  263.09635,  93.377780],
['2017-09-21',   19456,  256.06559,  93.242502],
['2017-09-22',   19456,  270.140699,  95.286486],
['2017-09-23',   19456,  170.928825,  63.436341],
['2017-09-24',   19456,  103.233504,  39.790101],
['2017-09-25',   19456,  238.124758,  82.733410],
['2017-09-26',   19456,  271.577925,  100.435890],
['2017-09-27',   19456,  303.804367,  112.686613],
['2017-09-28',   19456,  274.664501,  97.446358],
['2017-09-29',   19456,  277.916891,  96.759348],
['2017-09-30',   19456,  232.81838,  82.645293],
['2017-10-01',   19456,  197.895144,  68.275544],
['2017-10-02',   19456,  236.873132,  80.875797],
['2017-10-03',   19456,  302.36737,  104.207526],
['2017-10-04',   19456,  375.07095,  135.148114],
['2017-10-05',   19456,  306.81265,  105.275550],
['2017-10-06',   19456,  273.943912,  94.649896],
['2017-10-07',   19456,  207.242418,  73.960547],
['2017-10-08',   19456,  125.178008,  44.071119],
['2017-10-09',   19456,  231.388735,  79.459921],
['2017-10-10',   19456,  286.21300,  99.848666],
['2017-10-11',   19456,  242.705943,  87.366271],
['2017-10-12',   19456,  297.852487,  103.455725],
['2017-10-13',   19456,  233.739584,  84.186406],
['2017-10-14',   19456,  186.50943,  66.228794],
['2017-10-15',   19456,  108.013360,  39.463050],
['2017-10-16',   19456,  223.866219,  77.482028],
['2017-10-17',   19456,  275.339741,  96.380685],
['2017-10-18',   19456,  235.33712,  87.956664],
['2017-10-19',   19456,  235.12300,  85.437139],
['2017-10-20',   19456,  244.887308,  89.222624],
['2017-10-21',   19456,  190.128221,  69.415752],
['2017-10-22',   19456,  138.153482,  50.304149],
['2017-10-23',   19456,  257.671246,  91.191069],
['2017-10-24',   19456,  288.049002,  104.371115],
['2017-10-25',   19456,  236.726529,  85.975560],
['2017-10-26',   19456,  285.330042,  104.116254],
['2017-10-27',   19456,  246.827298,  90.186967],
['2017-10-28',   19456,  175.948303,  65.800549],
['2017-10-29',   19456,  107.217402,  41.634254],
['2017-10-30',   19456,  203.122204,  73.621863],
['2017-10-31',   19456,  290.243028,  102.471486],
['2017-11-01',   19456,  303.783731,  102.080185],
['2017-11-02',   19456,  275.753322,  94.957780],
['2017-11-03',   19968,  59.912541,  22.682714588],
['2017-11-04',   19968,  270.29831209,  92.37697348],
['2017-11-05',   19968,  158.17122209,  54.75228416],
['2017-11-06',   19968,  271.81553924,  91.70941121],
['2017-11-07',   19968,  283.390927,  100.4559868],
['2017-11-08',   19968,  244.563523,  89.0229172],
['2017-11-09',   19968,  249.200298,  89.1988621],
['2017-11-10',   19968,  272.779056,  97.8745387],
['2017-11-11',   19968,  249.192581,  88.166282],
['2017-11-12',   19968,  132.114660,  49.7278268],
['2017-11-13',   19968,  235.731101,  84.4972519],
['2017-11-14',   19968,  254.496967,  91.367766],
['2017-11-15',   19968,  242.822671,  91.984477],
['2017-11-16',   19968,  240.847883,  90.786410],
['2017-11-17',   19968,  243.062216,  90.084461],
['2017-11-18',   19968,  178.659925,  68.5364621],
['2017-11-19',   19968,  108.828394,  42.7569373],
['2017-11-20',   19968,  275.181388,  98.309154],
['2017-11-21',   19968,  254.393854,  92.308166],
['2017-11-22',   19968,  321.861228,  114.179255],
['2017-11-23',   19968,  299.359122,  108.429651],
['2017-11-24',   19968,  429.539319,  147.604336],
['2017-11-25',   19968,  569.173874,  181.703206],
['2017-11-26',   19968,  312.274044,  106.196855],
['2017-11-27',   19968,  226.33001,  80.832700],
['2017-11-28',   19968,  275.56671,  98.225197],
['2017-11-29',   19968,  245.83712,  90.429148],
['2017-11-30',   19968,  293.73568,  104.013943],
['2017-12-01',   19968,  418.58013,  141.776211],
['2017-12-02',   19968,  311.09410,  105.828681],
['2017-12-03',   19968,  131.859167,  47.929367],
['2017-12-04',   19968,  290.89785,  94.629928],
['2017-12-05',   19968,  360.98116,  121.386865],
['2017-12-06',   19968,  309.70161,  106.831741],
['2017-12-07',   19968,  293.377164,  103.446521],
['2017-12-08',   19968,  236.895279,  87.486882],
['2017-12-09',   19968,  206.118659,  75.019649],
['2017-12-10',   19968,  161.480819,  59.190811],
['2017-12-11',   19968,  214.693299,  77.022579],
['2017-12-12',   19968,  243.44052,  88.093167],
['2017-12-13',   19968,  266.787274,  96.504292],
['2017-12-14',   19968,  279.220867,  99.905266],
['2017-12-15',   19968,  241.801293,  88.812362],
['2017-12-16',   19968,  185.046469,  68.120425],
['2017-12-17',   19968,  136.622270,  49.719497],
['2017-12-18',   19968,  211.587474,  75.597050],
['2017-12-19',   19968,  241.070972,  87.225037],
['2017-12-20',   19968,  238.802583,  87.970349],
['2017-12-21',   19968,  234.204824,  86.098403],
['2017-12-22',   19968,  223.329088,  82.063118],
['2017-12-23',   19968,  182.858505,  66.232142],
['2017-12-24',   19968,  107.941328,  40.742336],
['2017-12-25',   19968,  123.426762,  44.803836],
['2017-12-26',   19968,  152.489055,  55.712333],
['2017-12-27',   19968,  172.96533,  62.850593],
['2017-12-28',   19968,  180.262839,  65.787620],
['2017-12-29',   19968,  200.83871,  71.169300],
['2017-12-30',   19968,  149.732236,  55.230309],
['2017-12-31',   19968,  114.813842,  41.587172],
['2018-01-01',   19968,  327.33795,  108.323525],
['2018-01-02',   19968,  322.17469,  105.773017],
['2018-01-03',   19968,  351.801527,  117.572286],
['2018-01-04',   20480,  124.569195,  44.768760588],
['2018-01-05',   20480,  322.2433916,  108.076787869],
['2018-01-06',   20480,  191.8489596,  70.169643869],
['2018-01-07',   20480,  101.6697106,  36.570186669],
['2018-01-08',   20480,  218.0094866,  77.523426834],
['2018-01-09',   20480,  275.5358166,  95.754814352],
['2018-01-10',   20480,  284.6691938,  102.7649282],
['2018-01-11',   20480,  294.57659,  101.9639417],
['2018-01-12',   20480,  243.309762,  88.0870252],
['2018-01-13',   20480,  191.808140,  68.3730811],
['2018-01-14',   20480,  102.853070,  36.5912272],
['2018-01-15',   20480,  229.033087,  80.2246783],
['2018-01-16',   20480,  243.956241,  87.8591629],
['2018-01-17',   20480,  245.311933,  89.599727],
['2018-01-18',   20480,  261.593292,  92.744280],
['2018-01-19',   20480,  255.446227,  92.253175],
['2018-01-20',   20480,  220.049231,  78.446866],
['2018-01-21',   20480,  136.884909,  47.6534615],
['2018-01-22',   20480,  283.672802,  95.551018],
['2018-01-23',   20480,  958.369084,  254.749668],
['2018-01-24',   20480,  333.759288,  110.539096],
['2018-01-25',   20480,  251.202951,  91.074137],
['2018-01-26',   20480,  324.040288,  106.805851],
['2018-01-27',   20480,  234.647049,  81.438080],
['2018-01-28',   20480,  113.565156,  40.6763119],
['2018-01-29',   20480,  214.940334,  78.335789],
['2018-01-30',   20480,  355.207719,  112.605063],
['2018-01-31',   20480,  274.327007,  98.886743],
['2018-02-01',   20480,  384.490367,  130.442020],
['2018-02-02',   20480,  401.614316,  131.775271],
['2018-02-03',   20480,  245.700988,  84.107445],
['2018-02-04',   20480,  113.856107,  39.4987187],
['2018-02-05',   20480,  311.044821,  104.699189],
['2018-02-06',   20480,  309.974768,  107.051847],
['2018-02-07',   20480,  271.955763,  93.653593],
['2018-02-08',   20480,  354.74418,  133.870779],
['2018-02-09',   20480,  283.71199,  101.701760],
['2018-02-10',   20480,  245.346494,  87.351810],
['2018-02-11',   20480,  132.637938,  46.487818],
['2018-02-12',   20480,  218.981747,  76.674116],
['2018-02-13',   20480,  262.029807,  94.056730],
['2018-02-14',   20480,  239.40671,  88.238206],
['2018-02-15',   20480,  37.7041112,  14.3927947],
['2018-02-16',   20480,  24.6712604,  9.6801875],
['2018-02-17',   20480,  39.101615,  15.7335178],
['2018-02-18',   20480,  147.559590,  48.577858],
['2018-02-19',   20480,  0,  .006103520],
['2018-02-20',   20480,  198.289869,  62.5586623],
['2018-02-21',   20480,  853.231113,  238.350933],
['2018-02-22',   20480,  831.766771,  230.224040],
['2018-02-23',   20480,  299.063485,  101.771961],
['2018-02-24',   20480,  203.655814,  71.754428],
['2018-02-25',   20480,  122.307167,  45.072811],
['2018-02-26',   20480,  13.1522800,  5.0383165],
['2018-02-27',   20480,  289.303872,  102.596028],
['2018-02-28',   20480,  281.774033,  100.193907],
['2018-03-01',   20480,  368.533019,  127.195507],
['2018-03-02',   20480,  454.86804,  142.555499],
['2018-03-03',   20480,  240.895727,  84.994880],
['2018-03-04',   20480,  119.510577,  41.9711277],
['2018-03-05',   20480,  13.7794755,  5.3671535],
['2018-03-06',   20480,  307.07074,  108.340572],
['2018-03-07',   20480,  315.446799,  111.936211],
['2018-03-08',   20480,  276.250104,  96.538259],
['2018-03-09',   20480,  300.404168,  99.720688],
['2018-03-10',   20480,  247.568000,  86.599545],
['2018-03-11',   20480,  95.501522,  34.5809138],
['2018-03-12',   20480,  200.859376,  73.375998],
['2018-03-13',   20480,  344.092699,  116.731556],
['2018-03-14',   20480,  258.712703,  95.437022],
['2018-03-15',   20480,  257.767742,  92.633903],
['2018-03-16',   20480,  257.15515,  92.587109],
['2018-03-17',   20480,  196.593689,  73.344197],
['2018-03-18',   20480,  108.445812,  40.1445531],
['2018-03-19',   20480,  208.541667,  74.389294],
['2018-03-20',   20480,  318.788293,  108.056951],
['2018-03-21',   20480,  260.675902,  91.292133],
['2018-03-22',   20480,  256.22544,  91.317719],
['2018-03-23',   20480,  253.802005,  92.072952],
['2018-03-24',   20480,  201.656524,  73.701627],
['2018-03-25',   20480,  122.050313,  45.495378],
['2018-03-26',   20480,  74.599784,  28.6018954],
['2018-03-27',   20480,  311.651607,  111.706088],
['2018-03-28',   20480,  270.428343,  98.422897],
['2018-03-29',   20480,  283.080658,  102.628246],
['2018-03-30',   20480,  258.723682,  93.266475],
['2018-03-31',   20480,  162.04381,  60.156764],
['2018-04-01',   20480,  220.234638,  74.848332],
['2018-04-02',   20480,  32.799204,  12.8256101],
['2018-04-03',   20480,  304.869791,  105.755471],
['2018-04-04',   20480,  325.490049,  112.493214],
['2018-04-05',   20480,  767.852302,  220.978368],
['2018-04-06',   20480,  848.46118,  236.936744],
['2018-04-07',   20480,  226.058342,  79.561212],
['2018-04-08',   20480,  143.828121,  50.463651],
['2018-04-09',   20480,  78.786087,  29.8133022],
['2018-04-10',   20480,  349.345658,  120.446322],
['2018-04-11',   20480,  315.20128,  105.406365],
['2018-04-12',   20480,  353.555715,  119.130080],
['2018-04-13',   20480,  283.06626,  103.339009],
['2018-04-14',   20480,  236.667549,  85.093562],
['2018-04-15',   20480,  114.487453,  43.949161],
['2018-04-16',   20480,  84.275745,  31.519586],
['2018-04-17',   20480,  320.076494,  114.759245],
['2018-04-18',   20480,  286.22458,  101.171929],
['2018-04-19',   20480,  352.54701,  118.230292],
['2018-04-20',   20480,  273.468932,  96.883370],
['2018-04-21',   20480,  203.259562,  75.677870],
['2018-04-22',   20480,  125.461944,  46.0105503],
['2018-04-23',   20480,  87.315980,  32.327296],
['2018-04-24',   20480,  315.637712,  110.532074],
['2018-04-25',   20480,  263.777981,  95.896949],
['2018-04-26',   20480,  311.472903,  107.793040],
['2018-04-27',   20480,  264.588019,  94.327299],
['2018-04-28',   20480,  206.996899,  75.114452],
['2018-04-29',   20480,  126.763545,  45.8868625],
['2018-04-30',   20480,  188.705581,  66.690689],
['2018-05-01',   20480,  297.913693,  101.195816],
['2018-05-02',   20480,  352.635866,  113.142045],
['2018-05-03',   20480,  331.912238,  111.665586],
['2018-05-04',   20480,  327.223952,  109.724995],
['2018-05-05',   20480,  316.059471,  105.413770],
['2018-05-06',   20480,  112.053509,  39.9143994],
['2018-05-07',   20480,  238.048614,  81.511004],
['2018-05-08',   20480,  274.172887,  96.906810],
['2018-05-09',   20480,  246.136346,  89.142237],
['2018-05-10',   20480,  271.686756,  97.186284],
['2018-05-11',   20480,  292.721168,  100.476855],
['2018-05-12',   20480,  238.017030,  80.977884],
['2018-05-13',   20480,  122.042656,  42.9755633],
['2018-05-14',   20480,  275.957061,  93.780799],
['2018-05-15',   20480,  283.979198,  99.091773],
['2018-05-16',   20992,  324.545982,  110.887979588],
['2018-05-17',   20992,  278.144514,  99.4448042],
['2018-05-18',   20992,  259.3206585,  93.00365499],
['2018-05-19',   20992,  192.320071,  68.9958511],
['2018-05-20',   20992,  116.7359101,  41.8027647],
['2018-05-21',   20992,  295.7192704,  100.8868415],
['2018-05-22',   20992,  254.107476,  94.2898492],
['2018-05-23',   20992,  360.672628,  127.808686],
['2018-05-24',   20992,  268.706289,  100.5464806],
['2018-05-25',   20992,  303.580556,  108.9369277],
['2018-05-26',   20992,  197.805054,  73.973210],
['2018-05-27',   20992,  118.641738,  44.243243],
['2018-05-28',   20992,  218.639041,  77.275477],
['2018-05-29',   20992,  264.725024,  94.548982],
['2018-05-30',   20992,  252.743332,  91.220894],
['2018-05-31',   20992,  248.630890,  89.218943],
['2018-06-01',   20992,  384.063938,  137.567186],
['2018-06-02',   20992,  287.04646,  100.511486],
['2018-06-03',   20992,  116.511787,  41.4616560],
['2018-06-04',   20992,  263.073456,  91.882972],
['2018-06-05',   20992,  441.580252,  143.745783],
['2018-06-06',   20992,  387.178738,  123.228859],
['2018-06-07',   20992,  285.792235,  103.959837],
['2018-06-08',   20992,  270.077127,  97.419962],
['2018-06-09',   20992,  220.415415,  77.956299],
['2018-06-10',   20992,  156.140095,  57.010129],
['2018-06-11',   20992,  223.068401,  79.611594],
['2018-06-12',   20992,  259.357673,  92.574259],
['2018-06-13',   20992,  262.308423,  95.130691],
['2018-06-14',   20992,  312.950014,  110.103711],
['2018-06-15',   20992,  255.673641,  91.002674],
['2018-06-16',   20992,  197.793466,  72.684695],
['2018-06-17',   20992,  115.170085,  42.8388887],
['2018-06-18',   20992,  216.256268,  77.605983],
['2018-06-19',   20992,  305.779344,  108.586529],
['2018-06-20',   20992,  264.934709,  94.491976],
['2018-06-21',   20992,  263.442805,  95.465962],
['2018-06-22',   20992,  261.443896,  94.070716],
['2018-06-23',   20992,  180.722746,  66.544907],
['2018-06-24',   20992,  156.701706,  55.2748905],
['2018-06-25',   20992,  241.208808,  85.233999],
['2018-06-26',   20992,  262.909383,  95.957897],
['2018-06-27',   20992,  271.578299,  96.310605],
['2018-06-28',   20992,  311.082433,  107.969398],
['2018-06-29',   20992,  291.481161,  103.050789],
['2018-06-30',   20992,  241.016223,  85.545028],
['2018-07-01',   20992,  197.539514,  66.605148],
['2018-07-02',   20992,  296.745462,  102.366228],
['2018-07-03',   20992,  344.997376,  118.267049],
['2018-07-04',   20992,  334.313116,  113.832802],
['2018-07-05',   21504,  0,  .006408696],
['2018-07-06',   21504,  288.533003,  100.663667588],
['2018-07-07',   21504,  202.807697,  70.749275588],
['2018-07-08',   21504,  118.597149,  40.714301288],
['2018-07-09',   21504,  284.899287,  93.892993588],
['2018-07-10',   21504,  302.635468,  105.563105588],
['2018-07-11',   21504,  307.71919474,  106.550785492],
['2018-07-12',   21504,  252.77893766,  94.095275527],
['2018-07-13',   21504,  299.482951,  106.86399883],
['2018-07-14',   21504,  192.3444213,  71.7962173],
['2018-07-15',   21504,  111.3438952,  42.3824925],
['2018-07-16',   21504,  235.843998,  82.6446861],
['2018-07-17',   21504,  258.193785,  94.9755775],
['2018-07-18',   21504,  248.037477,  89.7755264],
['2018-07-19',   21504,  241.6946152,  87.8252723],
['2018-07-20',   21504,  268.1442582,  95.4590442],
['2018-07-21',   21504,  207.2859232,  75.4726425],
['2018-07-22',   21504,  103.1849888,  39.38062005],
['2018-07-23',   21504,  221.492467,  77.4424811],
['2018-07-24',   21504,  274.341961,  98.0766547],
['2018-07-25',   21504,  241.446163,  89.4100251],
['2018-07-26',   21504,  252.338124,  93.675518],
['2018-07-27',   21504,  245.481574,  90.953397],
['2018-07-28',   21504,  176.8027805,  64.8272301],
['2018-07-29',   21504,  93.3386373,  34.1441537],
['2018-07-30',   21504,  221.3042138,  78.7541718],
['2018-07-31',   21504,  259.826889,  92.558575],
['2018-08-01',   21504,  348.434896,  119.6940113],
['2018-08-02',   21504,  332.254406,  112.0863626],
['2018-08-03',   21504,  325.747639,  110.6614456],
['2018-08-04',   21504,  228.9586489,  79.4744859],
['2018-08-05',   21504,  180.9660054,  59.0366298],
['2018-08-06',   21504,  205.5686095,  71.1486934],
['2018-08-07',   21504,  272.1032548,  92.5023299],
['2018-08-08',   21504,  252.523867,  89.0945682],
['2018-08-09',   21504,  257.155059,  91.716113],
['2018-08-10',   21504,  272.452294,  96.3774918],
['2018-08-11',   21504,  207.955335,  72.3131295],
['2018-08-12',   21504,  105.3086782,  36.5743530],
['2018-08-13',   21504,  236.763214,  81.4287644],
['2018-08-14',   21504,  270.811487,  93.6964374],
['2018-08-15',   21504,  208.522603,  75.1096608],
['2018-08-16',   21504,  232.827287,  83.0720823],
['2018-08-17',   21504,  279.525958,  98.5059016],
['2018-08-18',   21504,  191.132544,  67.6568559],
['2018-08-19',   21504,  123.6141431,  43.0788583],
['2018-08-20',   21504,  240.406004,  82.1076523],
['2018-08-21',   21504,  268.466778,  94.4971155],
['2018-08-22',   21504,  267.120722,  94.791345],
['2018-08-23',   21504,  270.301058,  95.768115],
['2018-08-24',   21504,  265.474451,  100.519835],
['2018-08-25',   21504,  193.247271,  71.137751],
['2018-08-26',   21504,  122.004755,  45.6383265],
['2018-08-27',   21504,  239.92844,  87.3850619],
['2018-08-28',   21504,  269.510819,  95.678816],
['2018-08-29',   21504,  291.143344,  101.112493],
['2018-08-30',   21504,  283.978191,  100.895251],
['2018-08-31',   21504,  290.31573,  104.782114],
['2018-09-01',   21504,  301.182001,  102.866568],
['2018-09-02',   21504,  170.574271,  59.862464],
['2018-09-03',   21504,  274.192047,  94.470441],
['2018-09-04',   21504,  355.592399,  121.874841],
['2018-09-05',   21504,  381.585142,  127.241959],
['2018-09-06',   21504,  286.15046,  100.331280],
['2018-09-07',   21504,  272.052703,  96.602629],
['2018-09-08',   21504,  191.634427,  69.194414],
['2018-09-09',   21504,  108.108805,  39.8846077],
['2018-09-10',   21504,  264.676766,  91.197228],
['2018-09-11',   21504,  287.107126,  100.547270],
['2018-09-12',   21504,  278.24730,  97.678918],
['2018-09-13',   21504,  278.309294,  98.244515],
['2018-09-14',   21504,  254.691157,  92.863018],
['2018-09-15',   21504,  218.226953,  78.008546],
['2018-09-16',   21504,  128.572700,  45.326704],
['2018-09-17',   21504,  230.140261,  80.695482],
['2018-09-18',   21504,  260.861709,  94.579285],
['2018-09-19',   21504,  272.921126,  96.306356],
['2018-09-20',   21504,  283.94018,  99.530096],
['2018-09-21',   21504,  256.933351,  93.355237],
['2018-09-22',   21504,  188.044393,  70.986995],
['2018-09-23',   21504,  115.636952,  42.312879],
['2018-09-24',   21504,  214.238234,  76.710684],
['2018-09-25',   21504,  266.734114,  96.417750],
['2018-09-26',   21504,  272.223976,  99.494358],
['2018-09-27',   21504,  274.827794,  100.048150],
['2018-09-28',   21504,  284.242327,  102.217890],
['2018-09-29',   21504,  226.31585,  81.958213],
['2018-09-30',   21504,  147.047171,  55.020032],
['2018-10-01',   21504,  326.769186,  110.819396],
['2018-10-02',   21504,  356.412666,  121.112451],
['2018-10-03',   21504,  321.071535,  110.003723],
['2018-10-04',   21504,  271.08361,  93.606671],
['2018-10-05',   21504,  317.456139,  107.723621],
['2018-10-06',   21504,  218.079279,  77.477210],
['2018-10-07',   21504,  151.722178,  52.157011],
['2018-10-08',   21504,  247.080161,  86.303955],
['2018-10-09',   21504,  265.167456,  95.492321],
['2018-10-10',   21504,  281.566748,  102.520803],
['2018-10-11',   21504,  263.226323,  95.692228],
['2018-10-12',   22016,  384.721575,  127.299182588],
['2018-10-13',   22016,  176.06624316,  64.8432497],
['2018-10-14',   22016,  99.79427716,  35.9789857],
['2018-10-15',   22016,  242.8865106,  85.1773205],
['2018-10-16',   22016,  274.6850783,  98.81620294],
['2018-10-17',   22016,  272.796925,  97.9919422],
['2018-10-18',   22016,  278.469498,  98.94211996],
['2018-10-19',   22016,  288.691173,  100.9101204],
['2018-10-20',   22016,  213.2165609,  76.0044047],
['2018-10-21',   22016,  175.594146,  62.0187905],
['2018-10-22',   22016,  260.660039,  89.9631377],
['2018-10-23',   22016,  267.251399,  95.9795878],
['2018-10-24',   22016,  280.071537,  100.6076393],
['2018-10-25',   22016,  261.519857,  95.8057614],
['2018-10-26',   22016,  258.677924,  94.5892639],
['2018-10-27',   22016,  197.384845,  72.4784278],
['2018-10-28',   22016,  106.421751,  38.6782323],
['2018-10-29',   22016,  229.921226,  81.6542658],
['2018-10-30',   22016,  253.796818,  92.890956],
['2018-10-31',   22016,  265.839183,  95.987896],
['2018-11-01',   22016,  328.351911,  112.206817],
['2018-11-02',   22016,  293.099674,  102.312149],
['2018-11-03',   22016,  226.869285,  79.335529],
['2018-11-04',   22016,  115.333446,  41.7058545],
['2018-11-05',   22016,  326.858771,  107.974882],
['2018-11-06',   22016,  323.13128,  111.110585],
['2018-11-07',   22016,  288.418307,  101.434500],
['2018-11-08',   22016,  266.133557,  94.956345],
['2018-11-09',   22016,  260.856772,  94.529382],
['2018-11-10',   22016,  246.844406,  86.841284],
['2018-11-11',   22016,  142.804294,  51.302756],
['2018-11-12',   22016,  236.519128,  82.481747],
['2018-11-13',   22016,  274.568769,  98.298984],
['2018-11-14',   22016,  269.586147,  96.862022],
['2018-11-15',   22016,  273.14527,  98.539242],
['2018-11-16',   22016,  282.313933,  102.766656],
['2018-11-17',   22016,  192.233586,  69.134949],
['2018-11-18',   22016,  135.767904,  49.712468],
['2018-11-19',   22016,  255.859972,  89.323623],
['2018-11-20',   22016,  290.944862,  102.968851],
['2018-11-21',   22016,  283.479084,  101.076098],
['2018-11-22',   22016,  271.766734,  98.308620],
['2018-11-23',   22016,  278.65520,  100.200774],
['2018-11-24',   22016,  205.800274,  75.178825],
['2018-11-25',   22016,  127.209605,  46.9307123],
['2018-11-26',   22016,  274.047875,  94.629322],
['2018-11-27',   22016,  286.293974,  102.493352],
['2018-11-28',   22016,  318.986006,  117.693204],
['2018-11-29',   22016,  290.707822,  104.107940],
['2018-11-30',   22016,  297.927321,  106.860381],
['2018-12-01',   22016,  343.218451,  115.219853],
['2018-12-02',   22016,  159.009723,  54.373235],
['2018-12-03',   22016,  287.405365,  100.619509],
['2018-12-04',   22528,  379.199524,  129.106942588],
['2018-12-05',   22528,  405.301329,  134.2826691],
['2018-12-06',   22528,  607.752719,  197.1815947],
['2018-12-07',   22528,  272.699244,  99.3466589],
['2018-12-08',   22528,  222.073093,  77.3094139],
['2018-12-09',   22528,  132.853656,  47.2560183],
['2018-12-10',   22528,  266.046491,  92.8923791],
['2018-12-11',   22528,  313.821188,  112.3787498],
['2018-12-12',   22528,  308.597861,  110.718859],
['2018-12-13',   22528,  328.730288,  114.128013],
['2018-12-14',   22528,  299.792367,  106.134882],
['2018-12-15',   22528,  199.940960,  72.9738817],
['2018-12-16',   22528,  144.3016566,  50.5169896],
['2018-12-17',   22528,  249.789958,  87.4968602],
['2018-12-18',   22528,  284.802739,  106.461507],
['2018-12-19',   22528,  293.740027,  110.619227],
['2018-12-20',   22528,  247.562838,  92.588385],
['2018-12-21',   22528,  286.223355,  105.050340],
['2018-12-22',   22528,  269.110696,  95.764375],
['2018-12-23',   22528,  132.610723,  50.7468366],
['2018-12-24',   22528,  151.174152,  54.4770416],
['2018-12-25',   22528,  145.028970,  52.1016007],
['2018-12-26',   22528,  160.173960,  57.956159],
['2018-12-27',   22528,  188.940767,  68.939088],
['2018-12-28',   22528,  211.537155,  77.486146],
['2018-12-29',   22528,  160.736495,  59.608149],
['2018-12-30',   22528,  125.020611,  44.1840021],
['2018-12-31',   22528,  153.955859,  55.127093],
['2019-01-01',   22528,  340.127653,  114.641972],
['2019-01-02',   22528,  335.83180,  114.121856],
['2019-01-03',   22528,  379.930135,  133.808302],
['2019-01-04',   22528,  324.483527,  113.101306],
['2019-01-05',   22528,  311.346933,  103.926776],
['2019-01-06',   22528,  145.272696,  50.537487],
['2019-01-07',   22528,  276.511741,  93.947964],
['2019-01-08',   22528,  329.156535,  112.435926],
['2019-01-09',   22528,  314.19312,  108.278193],
['2019-01-10',   22528,  306.300363,  107.859785],
['2019-01-11',   22528,  284.175801,  102.186652],
['2019-01-12',   22528,  211.406995,  76.711406],
['2019-01-13',   22528,  130.193393,  45.7650348],
['2019-01-14',   22528,  263.73492,  92.502700],
['2019-01-15',   22528,  304.646397,  108.412124],
['2019-01-16',   22528,  271.794409,  98.880676],
['2019-01-17',   22528,  292.574367,  103.705612],
['2019-01-18',   22528,  283.941915,  102.075350],
['2019-01-19',   22528,  198.394251,  72.746183],
['2019-01-20',   22528,  127.627924,  46.1595023],
['2019-01-21',   22528,  250.184815,  89.490380],
['2019-01-22',   22528,  276.102616,  99.536521],
['2019-01-23',   22528,  314.413325,  110.935134],
['2019-01-24',   22528,  264.981181,  95.995814],
['2019-01-25',   22528,  276.266509,  99.580515],
['2019-01-26',   22528,  194.138361,  72.391987],
['2019-01-27',   22528,  116.904329,  42.908367],
['2019-01-28',   22528,  259.508322,  90.887822],
['2019-01-29',   23040,  112.370348,  40.468056588],
['2019-01-30',   23040,  404.89188,  149.222982588],
['2019-01-31',   23040,  331.703614,  120.9540035],
['2019-02-01',   23040,  398.649394,  137.5528523],
['2019-02-02',   23040,  322.559973,  111.1847352],
['2019-02-03',   23040,  128.412485,  45.1323283],
['2019-02-04',   23040,  274.639778,  96.1646946],
['2019-02-05',   23040,  403.733423,  135.899561],
['2019-02-06',   23040,  355.373851,  124.207878],
['2019-02-07',   23040,  372.026905,  129.0885003],
['2019-02-08',   23040,  273.91903,  98.0698597],
['2019-02-09',   23040,  215.381414,  76.4234839],
['2019-02-10',   23040,  165.256835,  59.0723524],
['2019-02-11',   23040,  265.726012,  93.5437341],
['2019-02-12',   23040,  272.390327,  98.686502],
['2019-02-13',   23040,  289.281152,  104.171068],
['2019-02-14',   23040,  286.808576,  103.326711],
['2019-02-15',   23040,  270.554177,  99.640015],
['2019-02-16',   23040,  201.124996,  74.705291],
['2019-02-17',   23040,  130.802602,  47.7694682],
['2019-02-18',   23040,  345.879338,  116.241639],
['2019-02-19',   23040,  316.27208,  119.180260],
['2019-02-20',   23040,  296.71826,  110.963998],
['2019-02-21',   23040,  284.444433,  104.649662],
['2019-02-22',   23040,  274.66490,  101.048596],
['2019-02-23',   23040,  207.425001,  77.183975],
['2019-02-24',   23040,  126.978931,  45.5391236],
['2019-02-25',   23040,  274.180136,  98.354826],
['2019-02-26',   23040,  310.59643,  112.623990],
['2019-02-27',   23040,  322.955331,  118.087794],
['2019-02-28',   23040,  331.530171,  119.062988],
['2019-03-01',   23040,  458.80360,  151.913620],
['2019-03-02',   23040,  316.902721,  107.676630],
['2019-03-03',   23040,  137.394377,  49.3807008],
['2019-03-04',   23040,  273.544274,  95.856762],
['2019-03-05',   23040,  459.602045,  152.178501],
['2019-03-06',   23552,  331.49561,  114.559988588],
['2019-03-07',   23552,  304.49420484,  106.5213354],
['2019-03-08',   23552,  313.26019584,  109.7498744],
['2019-03-09',   23552,  236.51889984,  83.2207234],
['2019-03-10',   23552,  162.85121884,  57.6943611],
['2019-03-11',   23552,  256.87332184,  89.3326574],
['2019-03-12',   23552,  276.17974184,  98.2808024],
['2019-03-13',   23552,  272.40662584,  98.5156934],
['2019-03-14',   23552,  269.913111,  98.557093],
['2019-03-15',   23552,  285.368860,  100.7733863],
['2019-03-16',   23552,  201.880888,  70.7998401],
['2019-03-17',   23552,  105.34712891,  38.51936433],
['2019-03-18',   23552,  237.8093877,  83.84070046],
['2019-03-19',   23552,  273.8833052,  99.28594294],
['2019-03-20',   23552,  306.819810,  106.9779038],
['2019-03-21',   23552,  273.264691,  98.0310354],
['2019-03-22',   23552,  284.372986,  102.0765248],
['2019-03-23',   23552,  194.899317,  71.3505409],
['2019-03-24',   23552,  112.7089028,  42.10189528],
['2019-03-25',   23552,  259.996758,  89.3791286],
['2019-03-26',   23552,  338.197325,  120.385831],
['2019-03-27',   23552,  281.531052,  103.0501264],
['2019-03-28',   23552,  282.005394,  102.3161089],
['2019-03-29',   23552,  277.246841,  101.4481615],
['2019-03-30',   23552,  242.625311,  88.5781307],
['2019-03-31',   23552,  176.0850624,  65.4833390],
['2019-04-01',   23552,  389.258729,  131.8802689],
['2019-04-02',   23552,  387.553726,  132.9042173],
['2019-04-03',   23552,  479.405344,  164.9367606],
['2019-04-04',   23552,  335.874651,  118.7092079],
['2019-04-05',   23552,  330.512225,  112.3858769],
['2019-04-06',   23552,  217.979706,  77.2386551],
['2019-04-07',   23552,  150.861738,  53.107545],
['2019-04-08',   23552,  235.937997,  82.0794745],
['2019-04-09',   23552,  288.825203,  102.875320],
['2019-04-10',   23552,  293.435739,  105.573287],
['2019-04-11',   23552,  282.860393,  100.975003],
['2019-04-12',   23552,  287.499445,  103.424720],
['2019-04-13',   23552,  210.042458,  78.731098],
['2019-04-14',   23552,  335.351124,  86.7255211],
['2019-04-15',   23552,  235.195059,  82.124726],
['2019-04-16',   23552,  267.530947,  96.486449],
['2019-04-17',   23552,  282.180619,  99.069169],
['2019-04-18',   23552,  295.763106,  104.011408],
['2019-04-19',   23552,  244.627922,  88.105052],
['2019-04-20',   23552,  165.221007,  59.662000],
['2019-04-21',   23552,  164.314915,  59.3620111],
['2019-04-22',   23552,  152.505490,  54.4478289],
['2019-04-23',   23552,  238.384380,  85.243262],
['2019-04-24',   23552,  299.720040,  104.292954],
['2019-04-25',   23552,  301.772674,  110.075347],
['2019-04-26',   23552,  301.961121,  112.158597],
['2019-04-27',   23552,  216.102243,  81.322568],
['2019-04-28',   23552,  199.242516,  74.0597792],
['2019-04-29',   23552,  235.489417,  85.877412],
['2019-04-30',   23552,  295.703322,  105.297479],
['2019-05-01',   23552,  342.965364,  118.193801],
['2019-05-02',   23552,  312.44820,  108.615956],
['2019-05-03',   23552,  312.888715,  108.990500],
['2019-05-04',   23552,  234.811968,  81.803363],
['2019-05-05',   23552,  247.424521,  83.305819],
['2019-05-06',   23552,  277.471485,  96.466157],
['2019-05-07',   24064,  54.549810,  20.958809788],
['2019-05-08',   24064,  284.2271373,  102.37658709],
['2019-05-09',   24064,  301.1856835,  108.90770955],
['2019-05-10',   24064,  313.764169,  113.127510],
['2019-05-11',   24064,  24.6207801,  9.6764616],
['2019-05-12',   24064,  83.4357272,  29.9750719],
['2019-05-13',   24064,  83.4357272,  29.9794189],
['2019-05-14',   24064,  83.4357272,  29.9813389],
['2019-05-15',   24064,  83.4357272,  29.9818589],
['2019-05-16',   24064,  83.4357272,  29.9824639],
['2019-05-17',   24064,  83.4357272,  29.9824639],
['2019-05-18',   24064,  83.4357272,  29.9827139],
['2019-05-19',   24064,  83.4357272,  29.9827439],
['2019-05-20',   24064,  83.4357272,  29.9916541],
['2019-05-21',   24064,  83.4357272,  29.9916541],
['2019-05-22',   24064,  83.4357272,  29.9916541],
['2019-05-23',   24064,  83.4357272,  29.9916541],
['2019-05-24',   24064,  83.4357272,  29.9916541],
['2019-05-25',   24064,  83.4357272,  29.9916541],
['2019-05-26',   24064,  83.4357272,  29.9916541],
['2019-05-27',   24064,  83.4357272,  29.9916541],
['2019-05-28',   24064,  83.4357272,  29.9916541],
['2019-05-29',   24064,  83.4357272,  29.9916541],
['2019-05-30',   24064,  83.4357272,  29.9916541],
['2019-05-31',   24064,  83.4357272,  29.9916541],
['2019-06-01',   24064,  83.4357272,  29.9916541],
['2019-06-02',   24064,  83.4357272,  29.9916541],
['2019-06-03',   24064,  83.4357272,  29.9916541],
['2019-06-04',   24064,  83.4357272,  29.9916541],
['2019-06-05',   24064,  83.4357272,  29.9916541],
['2019-06-06',   24064,  83.4357272,  29.9916541],
['2019-06-07',   24064,  83.4357272,  29.9916541],
['2019-06-08',   24064,  83.4357272,  29.9916541],
['2019-06-09',   24064,  83.4357272,  29.9916541],
['2019-06-10',   24064,  83.4357272,  29.9916541],
['2019-06-11',   24064,  83.4357272,  29.9916541],
['2019-06-12',   24064,  83.4357272,  29.9916541],
['2019-06-13',   24064,  83.4357272,  29.9916541],
['2019-06-14',   24064,  83.4357272,  29.9916541],
['2019-06-15',   24064,  83.4357272,  29.9916541],
['2019-06-16',   24064,  83.4357272,  29.9916541],
['2019-06-17',   24064,  83.4357272,  29.9916541],
['2019-06-18',   24064,  83.4357272,  29.9916541],
['2019-06-19',   24064,  83.4357272,  29.9916541],
['2019-06-20',   24064,  83.4357272,  29.9916541],
['2019-06-21',   24064,  83.4357272,  29.9916541],
['2019-06-22',   24064,  83.4357272,  29.9916541],
['2019-06-23',   24064,  83.4357272,  29.9916541],
['2019-06-24',   24064,  83.4357272,  29.9916541],
['2019-06-25',   24064,  83.4357272,  29.9916541],
['2019-06-26',   24064,  83.4357272,  29.9916541],
['2019-06-27',   24064,  83.4357272,  29.9916541],
['2019-06-28',   24064,  83.4357272,  29.9916541],
['2019-06-29',   24064,  83.4357272,  29.9916541],
['2019-06-30',   24064,  83.4357272,  29.9916541],
['2019-07-01',   24064,  83.4357272,  29.9916541],
['2019-07-02',   24064,  83.4357272,  29.9916541],
['2019-07-03',   24064,  83.4357272,  29.9916541],
['2019-07-04',   24064,  83.4357272,  29.9916541],
['2019-07-05',   24064,  83.4357272,  29.9916541],
['2019-07-06',   24064,  83.4357272,  29.9916541],
['2019-07-07',   24064,  83.4357272,  29.9916541],
['2019-07-08',   24064,  83.4357272,  29.9916541],
['2019-07-09',   24064,  83.4357272,  29.9916541],
['2019-07-10',   24064,  83.4357272,  29.9916541],
['2019-07-11',   24064,  83.4357272,  29.9916541],
['2019-07-12',   24064,  83.4357272,  29.9916541],
['2019-07-13',   24064,  83.4357272,  29.9916541],
['2019-07-14',   24064,  83.4357272,  29.9916541],
['2019-07-15',   24064,  83.4357272,  29.9916541],
['2019-07-16',   24064,  83.4357272,  29.9916541],
['2019-07-17',   24064,  83.4357272,  29.9916541],
['2019-07-18',   24064,  83.4357272,  29.9916541],
['2019-07-19',   24064,  83.4357272,  29.9916541],
['2019-07-20',   24064,  83.4357272,  29.9916541],
['2019-07-21',   24064,  83.4357272,  29.9916541],
['2019-07-22',   24064,  83.4357272,  29.9916541],
['2019-07-23',   24064,  83.4357272,  29.9916541],
['2019-07-24',   24064,  83.4357272,  29.9916541],
['2019-07-25',   24064,  83.4357272,  29.9916541],
['2019-07-26',   24064,  83.4357272,  29.9916541],
['2019-07-27',   24064,  83.4357272,  29.9916541],
['2019-07-28',   24064,  83.4357272,  29.9916541],
['2019-07-29',   24064,  83.4357272,  29.9916541],
['2019-07-30',   24064,  83.4357272,  29.9916541],
['2019-07-31',   24064,  83.4357272,  29.9916541],
['2019-08-01',   24064,  83.4357272,  29.9916541],
['2019-08-02',   24064,  83.4357272,  29.9916541],
['2019-08-03',   24064,  83.4357272,  29.9916541],
['2019-08-04',   24064,  83.4357272,  29.9916541],
['2019-08-05',   24064,  83.4357272,  29.9916541],
['2019-08-06',   24064,  83.4357272,  29.9916541],
['2019-08-07',   24064,  83.4357272,  29.9916541],
['2019-08-08',   24064,  83.4357272,  29.9916541],
['2019-08-09',   24064,  83.4357272,  29.9916541],
['2019-08-10',   24064,  83.4357272,  29.9916541],
['2019-08-11',   24064,  83.4357272,  29.9916541],
['2019-08-12',   24064,  83.4357272,  29.9916541],
['2019-08-13',   24064,  83.4357272,  29.9916541],
['2019-08-14',   24064,  83.4357272,  29.9916541],
['2019-08-15',   24064,  83.4357272,  29.9916541],
['2019-08-16',   24064,  83.4357272,  29.9916541],
['2019-08-17',   24064,  83.4357272,  29.9916541],
['2019-08-18',   24064,  83.4357272,  29.9916541],
['2019-08-19',   24064,  83.4357272,  29.9916541],
['2019-08-20',   24064,  83.4357272,  29.9916541],
['2019-08-21',   24064,  83.4357272,  29.9916541],
['2019-08-22',   24064,  83.4357272,  29.9916541],
['2019-08-23',   24064,  83.4357272,  29.9916541],
['2019-08-24',   24064,  83.4357272,  29.9916541],
['2019-08-25',   24064,  83.4357272,  29.9916541],
['2019-08-26',   24064,  83.4357272,  29.9916541],
['2019-08-27',   24064,  83.4357272,  29.9916541],
['2019-08-28',   24064,  83.4357272,  29.9916541],
['2019-08-29',   24064,  83.4357272,  29.9916541],
['2019-08-30',   24064,  83.4357272,  29.9916541],
['2019-08-31',   24064,  83.4357272,  29.9916541],
['2019-09-01',   24064,  83.4357272,  29.9916541],
['2019-09-02',   24064,  83.4357272,  29.9916541],
['2019-09-03',   24064,  83.4357272,  29.9916541],
['2019-09-04',   24064,  83.4357272,  29.9916541],
['2019-09-05',   24064,  83.4357272,  29.9916541],
['2019-09-06',   24064,  83.4357272,  29.9916541],
['2019-09-07',   24064,  83.4357272,  29.9916541],
['2019-09-08',   24064,  83.4357272,  29.9916541],
['2019-09-09',   24064,  83.4357272,  29.9916541],
['2019-09-10',   24064,  83.4357272,  29.9916541],
['2019-09-11',   24064,  83.4357272,  29.9916541],
['2019-09-12',   24064,  83.4357272,  29.9916541],
['2019-09-13',   24064,  83.4357272,  29.9916541],
['2019-09-14',   24064,  83.4357272,  29.9916541],
['2019-09-15',   24064,  83.4357272,  29.9916541],
['2019-09-16',   24064,  83.4357272,  29.9916541],
['2019-09-17',   24064,  83.4357272,  29.9916541],
['2019-09-18',   24064,  83.4357272,  29.9916541],
['2019-09-19',   24064,  83.4357272,  29.9916541],
['2019-09-20',   24064,  83.4357272,  29.9916541],
['2019-09-21',   24064,  83.4357272,  29.9916541],
['2019-09-22',   24064,  83.4357272,  29.9916541],
['2019-09-23',   24064,  83.4357272,  29.9916541],
['2019-09-24',   24064,  83.4357272,  29.9916541],
['2019-09-25',   24064,  83.4357272,  29.9916541],
['2019-09-26',   24064,  83.4357272,  29.9916541],
['2019-09-27',   24064,  83.4357272,  29.9916541],
['2019-09-28',   24064,  83.4357272,  29.9916541],
['2019-09-29',   24064,  83.4357272,  29.9916541],
['2019-09-30',   24064,  83.4357272,  29.9916541],
['2019-10-01',   24064,  83.4357272,  29.9916541],
['2019-10-02',   24064,  83.4357272,  29.9916541]
        ]);
        var options = {
          title: 'Storage report from LDC V9000-1 - ta2dbbkup ',
          chartArea:{left:50,top:50},vAxis:{title:'Gigabytes'},hAxis:{title:'DateTime'}
        };

        var chart = new google.visualization.LineChart(document.getElementById('chart_div'));
        chart.draw(data, options);
      }
    </script>
  </head>
  <body>
    <div id="chart_div" style="width: 1500px; height: 900px;"></div>
  </body>
</html>
