<html>
 <head>
   <script type="text/javascript" src="https://www.google.com/jsapi"></script>
   <script type="text/javascript">
     google.load("visualization", "1", {packages:["corechart"]});
     google.setOnLoadCallback(drawChart);
     function drawChart() {
       var data = google.visualization.arrayToDataTable([
['Date','TAMON017','TAMON055','TAMONVIO00','VMWARE_MONROE'],
['2014-05-13',   3087.018,  0,  0,  3087.018],
['2014-05-14',   3087.018,  0,  0,  3087.018],
['2014-05-15',   3087.018,  0,  0,  3087.018],
['2014-05-16',   3087.018,  0,  0,  3087.018],
['2014-05-17',   3087.018,  0,  0,  3087.018],
['2014-05-18',   3087.018,  0,  0,  3087.018],
['2014-05-19',   3087.018,  0,  0,  3087.018],
['2014-05-20',   3087.018,  0,  0,  3087.018],
['2014-05-21',   3087.018,  0,  0,  3087.018],
['2014-05-22',   3087.018,  0,  0,  3087.018],
['2014-05-23',   3087.018,  0,  0,  3087.018],
['2014-05-24',   3087.018,  0,  0,  3087.018],
['2014-05-25',   3087.018,  0,  0,  3087.018],
['2014-05-26',   3087.018,  0,  0,  3087.018],
['2014-05-27',   3087.018,  0,  0,  3087.018],
['2014-05-28',   3087.018,  0,  0,  3087.018],
['2014-05-29',   3087.018,  0,  0,  3087.018],
['2014-05-30',   3087.018,  0,  0,  3087.018],
['2014-05-31',   3087.018,  0,  0,  3087.018],
['2014-06-01',   3087.018,  0,  0,  3087.018],
['2014-06-02',   3087.018,  0,  0,  3087.018],
['2014-06-03',   3087.018,  0,  0,  3087.018],
['2014-06-04',   3087.018,  0,  0,  3087.018],
['2014-06-05',   3087.018,  0,  0,  3087.018],
['2014-06-06',   3087.018,  0,  0,  3087.018],
['2014-06-07',   3087.018,  0,  0,  3087.018],
['2014-06-08',   3087.018,  0,  0,  3087.018],
['2014-06-09',   3087.018,  0,  0,  3087.018],
['2014-06-10',   3087.018,  0,  0,  3087.018],
['2014-06-11',   3087.018,  0,  0,  3087.018],
['2014-06-12',   3087.018,  0,  0,  3087.018],
['2014-06-13',   3087.018,  0,  0,  3087.018],
['2014-06-14',   3087.018,  0,  0,  3087.018],
['2014-06-15',   3087.018,  0,  0,  3087.018],
['2014-06-16',   3087.018,  0,  0,  3087.018],
['2014-06-17',   3087.018,  0,  0,  3087.018],
['2014-06-18',   3087.018,  0,  0,  3087.018],
['2014-06-19',   3087.018,  0,  0,  3087.018],
['2014-06-20',   3087.018,  0,  0,  3087.018],
['2014-06-21',   3087.018,  0,  0,  3087.018],
['2014-06-22',   3087.018,  0,  0,  3087.018],
['2014-06-23',   3087.018,  0,  0,  3087.018],
['2014-06-24',   3087.018,  0,  0,  3087.018],
['2014-06-25',   3087.018,  0,  0,  3087.018],
['2014-06-26',   3087.018,  0,  0,  3087.018],
['2014-06-27',   3087.018,  0,  0,  3087.018],
['2014-06-28',   3087.018,  0,  0,  3087.018],
['2014-06-29',   3087.018,  0,  0,  3087.018],
['2014-06-30',   3087.018,  0,  0,  3087.018],
['2014-07-01',   3087.018,  0,  0,  3087.018],
['2014-07-02',   3087.018,  0,  0,  3087.018],
['2014-07-03',   3087.018,  0,  0,  3087.018],
['2014-07-04',   3087.018,  0,  0,  3087.018],
['2014-07-05',   3087.018,  0,  0,  3087.018],
['2014-07-06',   3087.018,  0,  0,  3087.018],
['2014-07-07',   3087.018,  0,  0,  3087.018],
['2014-07-08',   3087.018,  0,  0,  3087.018],
['2014-07-09',   3087.018,  0,  0,  3087.018],
['2014-07-10',   3087.018,  0,  0,  3087.018],
['2014-07-11',   3087.018,  0,  0,  3087.018],
['2014-07-12',   3087.018,  0,  0,  3087.018],
['2014-07-13',   3087.018,  0,  0,  3087.018],
['2014-07-14',   3087.018,  0,  0,  3087.018],
['2014-07-15',   3087.018,  0,  0,  3087.018],
['2014-07-16',   3087.018,  0,  0,  3087.018],
['2014-07-17',   3087.018,  0,  0,  3087.018],
['2014-07-18',   3087.018,  0,  0,  3087.018],
['2014-07-19',   3087.018,  0,  0,  3087.018],
['2014-07-20',   3087.018,  0,  0,  3087.018],
['2014-07-21',   3087.018,  0,  0,  3087.018],
['2014-07-22',   3087.018,  0,  0,  3087.018],
['2014-07-23',   3087.018,  0,  0,  3087.018],
['2014-07-24',   3087.018,  0,  0,  3087.018],
['2014-07-25',   3087.018,  19.038,  0,  3087.018],
['2014-07-26',   3087.018,  19.038,  0,  3087.018],
['2014-07-27',   3087.018,  431.841,  0,  3087.018],
['2014-07-28',   3087.018,  431.841,  0,  3087.018],
['2014-07-29',   3087.018,  431.841,  0,  3087.018],
['2014-07-30',   3087.018,  431.841,  0,  3087.018],
['2014-07-31',   3087.018,  431.841,  0,  3087.018],
['2014-08-01',   3087.018,  431.841,  0,  3087.018],
['2014-08-05',   3087.018,  431.841,  0,  3087.018],
['2014-08-06',   3087.018,  431.841,  0,  3087.018],
['2014-08-07',   3087.018,  431.841,  0,  3087.018],
['2014-08-08',   3087.018,  431.841,  0,  3087.018],
['2014-08-09',   3087.018,  431.841,  0,  3087.018],
['2014-08-10',   3087.018,  431.841,  0,  3087.018],
['2014-08-11',   3087.018,  431.841,  0,  3087.018],
['2014-08-12',   3087.018,  431.841,  0,  3087.018],
['2014-08-13',   3087.018,  431.841,  0,  3087.018],
['2014-08-14',   3087.018,  431.841,  0,  3087.018],
['2014-08-15',   3087.018,  431.841,  0,  3087.018],
['2014-08-16',   3087.018,  431.841,  0,  3087.018],
['2014-08-17',   3087.018,  431.841,  0,  3087.018],
['2014-08-18',   3087.018,  431.841,  0,  3087.018],
['2014-08-19',   3087.018,  431.841,  0,  3087.018],
['2014-08-20',   3087.018,  431.841,  0,  3087.018],
['2014-08-21',   3087.018,  431.841,  0,  3087.018],
['2014-08-22',   3087.018,  431.841,  0,  3087.018],
['2014-08-23',   3087.018,  431.841,  0,  3087.018],
['2014-08-24',   3087.018,  431.841,  0,  3087.018],
['2014-08-25',   3087.018,  431.841,  0,  3087.018],
['2014-08-26',   3087.018,  431.841,  0,  3087.018],
['2014-08-27',   3087.018,  431.841,  0,  3087.018],
['2014-08-28',   3087.018,  431.841,  0,  3087.018],
['2014-08-29',   3087.018,  431.841,  0,  3087.018],
['2014-08-30',   3087.018,  431.841,  0,  3087.018],
['2014-08-31',   3087.018,  431.841,  0,  3087.018],
['2014-09-01',   3087.018,  431.841,  0,  3087.018],
['2014-09-02',   3087.018,  431.841,  0,  3087.018],
['2014-09-03',   3087.018,  431.841,  0,  3087.018],
['2014-09-04',   3087.018,  431.841,  0,  3087.018],
['2014-09-05',   3087.018,  431.841,  0,  3087.018],
['2014-09-06',   3087.018,  431.841,  0,  3087.018],
['2014-09-07',   3087.018,  431.841,  0,  3087.018],
['2014-09-08',   3087.018,  431.841,  0,  3087.018],
['2014-09-09',   3087.018,  431.841,  0,  3087.018],
['2014-09-10',   3087.018,  431.841,  0,  3087.018],
['2014-09-11',   3087.018,  431.841,  0,  3087.018],
['2014-09-12',   3087.018,  431.841,  0,  3087.018],
['2014-09-13',   3087.018,  431.841,  0,  3087.018],
['2014-09-14',   3087.018,  431.841,  0,  3087.018],
['2014-09-15',   3087.018,  431.841,  0,  3087.018],
['2014-09-16',   3087.018,  431.841,  0,  3087.018],
['2014-09-17',   3087.018,  431.841,  0,  3087.018],
['2014-09-18',   3087.018,  431.841,  0,  3087.018],
['2014-09-19',   3087.018,  431.841,  0,  3087.018],
['2014-09-20',   3087.018,  431.841,  0,  3087.018],
['2014-09-21',   3087.018,  431.841,  0,  3087.018],
['2014-09-22',   3087.018,  431.841,  0,  3087.018],
['2014-09-23',   3087.018,  431.841,  0,  3087.018],
['2014-09-24',   3087.018,  431.841,  0,  3087.018],
['2014-09-25',   3087.018,  451.880,  0,  3087.018],
['2014-09-26',   3087.018,  451.880,  0,  3087.018],
['2014-09-27',   3087.018,  454.886,  0,  3087.018],
['2014-09-28',   3087.018,  454.886,  0,  3087.018],
['2014-09-29',   3087.018,  454.886,  0,  3087.018],
['2014-09-30',   3087.018,  454.886,  0,  3087.018],
['2014-10-01',   3087.018,  454.886,  0,  3087.018],
['2014-10-02',   3087.018,  454.886,  0,  3087.018],
['2014-10-03',   3087.018,  454.886,  0,  3087.018],
['2014-10-04',   3087.018,  454.886,  0,  3087.018],
['2014-10-05',   3087.018,  454.886,  0,  3087.018],
['2014-10-06',   3087.018,  454.886,  0,  3087.018],
['2014-10-07',   3087.018,  454.886,  0,  3087.018],
['2014-10-08',   3087.018,  454.886,  0,  3087.018],
['2014-10-09',   3087.018,  454.886,  0,  3087.018],
['2014-10-10',   3087.018,  454.886,  0,  3087.018],
['2014-10-11',   3087.018,  454.886,  0,  3087.018],
['2014-10-12',   3087.018,  454.886,  0,  3087.018],
['2014-10-13',   3087.018,  454.886,  0,  3087.018],
['2014-10-14',   3087.018,  454.886,  0,  3087.018],
['2014-10-15',   3087.018,  454.886,  0,  3087.018],
['2014-10-16',   3087.018,  454.886,  0,  3087.018],
['2014-10-17',   3087.018,  454.886,  0,  3087.018],
['2014-10-18',   3087.018,  454.886,  0,  3087.018],
['2014-10-19',   3087.018,  454.886,  0,  3087.018],
['2014-10-20',   3087.018,  454.886,  0,  3087.018],
['2014-10-21',   3087.018,  454.886,  0,  3087.018],
['2014-10-22',   3087.018,  454.886,  0,  3087.018],
['2014-10-23',   3087.018,  454.886,  0,  3087.018],
['2014-10-24',   3087.018,  454.886,  0,  3087.018],
['2014-10-25',   3087.018,  454.886,  0,  3087.018],
['2014-10-26',   3087.018,  454.886,  0,  3087.018],
['2014-10-27',   3087.018,  454.886,  0,  3087.018],
['2014-10-28',   3087.018,  454.886,  0,  3087.018],
['2014-10-29',   3087.018,  454.886,  0,  3087.018],
['2014-10-30',   3087.018,  454.886,  0,  3087.018],
['2014-10-31',   3087.018,  454.886,  0,  3087.018],
['2014-11-01',   3087.018,  454.886,  0,  3087.018],
['2014-11-02',   3087.018,  454.886,  0,  3087.018],
['2014-11-03',   3087.018,  454.886,  0,  3087.018],
['2014-11-04',   3087.018,  454.886,  0,  3087.018],
['2014-11-05',   3087.018,  454.886,  0,  3087.018],
['2014-11-06',   3087.018,  454.886,  0,  3087.018],
['2014-11-07',   3087.018,  454.886,  0,  3087.018],
['2014-11-08',   3087.018,  454.886,  0,  3087.018],
['2014-11-09',   3087.018,  454.886,  0,  3087.018],
['2014-11-10',   3087.018,  454.886,  0,  3087.018],
['2014-11-11',   3087.018,  454.886,  0,  3087.018],
['2014-11-12',   3087.018,  454.886,  0,  3087.018],
['2014-11-13',   3087.018,  454.886,  0,  3087.018],
['2014-11-14',   3087.018,  454.886,  0,  3087.018],
['2014-11-15',   3087.018,  454.886,  0,  3087.018],
['2014-11-16',   3087.018,  454.886,  0,  3087.018],
['2014-11-17',   3087.018,  454.886,  0,  3087.018],
['2014-11-18',   3087.018,  454.886,  0,  3087.018],
['2014-11-19',   3087.018,  454.886,  0,  3087.018],
['2014-11-20',   3087.018,  454.886,  0,  3087.018],
['2014-11-21',   3087.018,  454.886,  0,  3087.018],
['2014-11-22',   3087.018,  454.886,  0,  3087.018],
['2014-11-23',   3087.018,  454.886,  0,  3087.018],
['2014-11-24',   3087.018,  454.886,  0,  3087.018],
['2014-11-25',   3087.018,  454.886,  0,  3087.018],
['2014-11-26',   3087.018,  454.886,  0,  3087.018],
['2014-11-27',   3087.018,  454.886,  0,  3087.018],
['2014-11-28',   3087.018,  454.886,  0,  3087.018],
['2014-11-29',   3087.018,  454.886,  0,  3087.018],
['2014-11-30',   3087.018,  454.886,  0,  3087.018],
['2014-12-01',   3087.018,  455.887,  0,  3087.018],
['2014-12-02',   3087.018,  455.887,  0,  3087.018],
['2014-12-03',   3243.323,  455.887,  0,  3243.323],
['2014-12-04',   3243.323,  455.887,  0,  3243.323],
['2014-12-05',   3243.323,  455.887,  0,  3243.323],
['2014-12-06',   3243.323,  455.887,  0,  3243.323],
['2014-12-07',   3243.323,  455.887,  0,  3243.323],
['2014-12-08',   3243.323,  455.887,  0,  3243.323],
['2014-12-09',   3243.323,  455.887,  0,  3243.323],
['2014-12-10',   3243.323,  455.887,  0,  3243.323],
['2014-12-11',   3243.323,  455.887,  0,  3243.323],
['2014-12-12',   3243.323,  455.887,  0,  3243.323],
['2014-12-13',   3243.323,  455.887,  0,  3243.323],
['2014-12-14',   3243.323,  455.887,  0,  3243.323],
['2014-12-15',   3243.323,  455.887,  0,  3243.323],
['2014-12-16',   3243.323,  455.887,  0,  3243.323],
['2014-12-17',   3243.323,  455.887,  0,  3243.323],
['2014-12-18',   3243.323,  455.887,  0,  3243.323],
['2014-12-19',   3243.323,  455.887,  0,  3243.323],
['2014-12-20',   3243.323,  455.887,  0,  3243.323],
['2014-12-21',   3243.323,  455.887,  0,  3243.323],
['2014-12-22',   3243.323,  455.887,  0,  3243.323],
['2014-12-23',   3243.323,  455.887,  0,  3243.323],
['2014-12-24',   3243.323,  455.887,  0,  3243.323],
['2014-12-25',   3243.323,  455.887,  0,  3243.323],
['2014-12-26',   3243.323,  455.887,  0,  3243.323],
['2014-12-27',   3243.323,  455.887,  0,  3243.323],
['2014-12-28',   3243.323,  455.887,  0,  3243.323],
['2014-12-29',   3243.323,  455.887,  0,  3243.323],
['2014-12-30',   3243.323,  455.887,  0,  3243.323],
['2014-12-31',   3243.323,  455.887,  0,  3243.323],
['2015-01-01',   3243.323,  455.887,  0,  3243.323],
['2015-01-02',   3243.323,  455.887,  0,  3243.323],
['2015-01-03',   3243.323,  455.887,  0,  3243.323],
['2015-01-04',   3243.323,  455.887,  0,  3243.323],
['2015-01-05',   3243.323,  455.887,  0,  3243.323],
['2015-01-06',   3243.323,  455.887,  0,  3243.323],
['2015-01-07',   3243.323,  455.887,  0,  3243.323],
['2015-01-08',   3243.323,  455.887,  0,  3243.323],
['2015-01-09',   3243.323,  455.887,  0,  3243.323],
['2015-01-10',   3243.323,  455.887,  0,  3243.323],
['2015-01-11',   3243.323,  455.887,  0,  3243.323],
['2015-01-12',   3243.323,  455.887,  0,  3243.323],
['2015-01-13',   3243.323,  455.887,  0,  3243.323],
['2015-01-14',   3243.323,  455.887,  0,  3243.323],
['2015-01-15',   3243.323,  455.887,  0,  3243.323],
['2015-01-16',   3243.323,  455.887,  0,  3243.323],
['2015-01-17',   3243.323,  455.887,  0,  3243.323],
['2015-01-18',   3243.323,  455.887,  0,  3243.323],
['2015-01-19',   3243.323,  455.887,  0,  3243.323],
['2015-01-20',   3243.323,  455.887,  0,  3243.323],
['2015-01-21',   3243.323,  455.887,  0,  3243.323],
['2015-01-22',   3243.323,  455.887,  0,  3243.323],
['2015-01-23',   3243.323,  455.887,  0,  3243.323],
['2015-01-24',   3243.323,  455.887,  0,  3243.323],
['2015-01-25',   3243.323,  455.887,  0,  3243.323],
['2015-01-26',   3243.323,  455.887,  0,  3243.323],
['2015-01-27',   3243.323,  455.887,  0,  3243.323],
['2015-01-28',   3243.323,  455.887,  0,  3243.323],
['2015-01-29',   3243.323,  455.887,  0,  3243.323],
['2015-01-30',   3243.323,  455.887,  0,  3243.323],
['2015-01-31',   3243.323,  455.887,  0,  3243.323],
['2015-02-01',   3243.323,  455.887,  0,  3243.323],
['2015-02-02',   3243.323,  455.887,  0,  3243.323],
['2015-02-03',   3243.323,  455.887,  0,  3243.323],
['2015-02-04',   3243.323,  455.887,  0,  3243.323],
['2015-02-05',   3243.323,  455.887,  0,  3243.323],
['2015-02-06',   3243.323,  455.887,  0,  3243.323],
['2015-02-07',   3243.323,  455.887,  0,  3243.323],
['2015-02-08',   3243.323,  455.887,  0,  3243.323],
['2015-02-09',   3243.323,  455.887,  0,  3243.323],
['2015-02-10',   3243.323,  455.887,  0,  3243.323],
['2015-02-11',   3243.323,  455.887,  0,  3243.323],
['2015-02-12',   3243.323,  455.887,  0,  3243.323],
['2015-02-13',   3243.323,  455.887,  0,  3243.323],
['2015-02-14',   3243.323,  455.887,  0,  3243.323],
['2015-02-15',   3243.323,  455.887,  0,  3243.323],
['2015-02-16',   3243.323,  455.887,  0,  3243.323],
['2015-02-17',   3243.323,  455.887,  0,  3243.323],
['2015-02-18',   3243.323,  455.887,  0,  3243.323],
['2015-02-19',   3243.323,  455.887,  0,  3243.323],
['2015-02-20',   3243.323,  455.887,  0,  3243.323],
['2015-02-21',   3243.323,  455.887,  0,  3243.323],
['2015-02-22',   3243.323,  455.887,  0,  3243.323],
['2015-02-23',   3243.323,  455.887,  0,  3243.323],
['2015-02-24',   3243.323,  455.887,  0,  3243.323],
['2015-02-25',   3243.323,  455.887,  0,  3243.323],
['2015-02-26',   3243.323,  455.887,  0,  3243.323],
['2015-02-27',   3243.323,  455.887,  0,  3243.323],
['2015-02-28',   3243.323,  455.887,  0,  3243.323],
['2015-03-01',   3243.323,  455.887,  0,  3243.323],
['2015-03-02',   3243.323,  455.887,  0,  3243.323],
['2015-03-03',   3243.323,  455.887,  0,  3243.323],
['2015-03-04',   3243.323,  455.887,  0,  3243.323],
['2015-03-05',   3243.323,  455.887,  0,  3243.323],
['2015-03-06',   3243.323,  455.887,  0,  3243.323],
['2015-03-07',   3243.323,  455.887,  0,  3243.323],
['2015-03-08',   3243.323,  455.887,  0,  3243.323],
['2015-03-09',   3243.323,  455.887,  0,  3243.323],
['2015-03-10',   3243.323,  455.887,  0,  3243.323],
['2015-03-11',   3243.323,  455.887,  0,  3243.323],
['2015-03-12',   3243.323,  455.887,  0,  3243.323],
['2015-03-13',   3243.323,  455.887,  0,  3243.323],
['2015-03-14',   3243.323,  455.887,  0,  3243.323],
['2015-03-15',   3243.323,  455.887,  0,  3243.323],
['2015-03-16',   3243.323,  455.887,  0,  3243.323],
['2015-03-17',   3243.323,  455.887,  0,  3243.323],
['2015-03-18',   3243.323,  455.887,  0,  3243.323],
['2015-03-19',   3243.323,  465.907,  0,  3243.323],
['2015-03-20',   3243.323,  465.907,  0,  3243.323],
['2015-03-21',   3243.323,  465.907,  0,  3243.323],
['2015-03-22',   3243.323,  465.907,  0,  3243.323],
['2015-03-23',   3243.323,  465.907,  0,  3243.323],
['2015-03-24',   3243.323,  465.907,  0,  3243.323],
['2015-03-25',   3243.323,  465.907,  0,  3243.323],
['2015-03-26',   3243.323,  465.907,  0,  3243.323],
['2015-03-27',   3243.323,  465.907,  0,  3243.323],
['2015-03-28',   3243.323,  465.907,  0,  3243.323],
['2015-03-29',   3243.323,  465.907,  0,  3243.323],
['2015-03-30',   3243.323,  465.907,  0,  3243.323],
['2015-03-31',   3243.323,  465.907,  0,  3243.323],
['2015-04-01',   3243.323,  465.907,  0,  3243.323],
['2015-04-02',   3243.323,  465.907,  0,  3243.323],
['2015-04-03',   3243.323,  467.911,  0,  3243.323],
['2015-04-04',   3243.323,  467.911,  0,  3243.323],
['2015-04-05',   3243.323,  467.911,  0,  3243.323],
['2015-04-06',   3243.323,  467.911,  0,  3243.323],
['2015-04-07',   3243.323,  467.911,  0,  3243.323],
['2015-04-08',   3243.323,  477.931,  0,  3243.323],
['2015-04-09',   3243.323,  477.931,  0,  3243.323],
['2015-04-10',   3243.323,  477.931,  0,  3243.323],
['2015-04-11',   3243.323,  477.931,  0,  3243.323],
['2015-04-12',   3243.323,  477.931,  0,  3243.323],
['2015-04-13',   3243.323,  477.931,  0,  3243.323],
['2015-04-14',   3243.323,  477.931,  0,  3243.323],
['2015-04-15',   3243.323,  477.931,  0,  3243.323],
['2015-04-16',   3243.323,  477.931,  0,  3243.323],
['2015-04-17',   3243.323,  477.931,  0,  3243.323],
['2015-04-18',   3243.323,  477.931,  0,  3243.323],
['2015-04-19',   3243.323,  477.931,  0,  3243.323],
['2015-04-20',   3243.323,  477.931,  0,  3243.323],
['2015-04-21',   3243.323,  477.931,  0,  3243.323],
['2015-04-22',   3243.323,  477.931,  0,  3243.323],
['2015-04-23',   3243.323,  477.931,  0,  3243.323],
['2015-04-24',   3243.323,  477.931,  0,  3243.323],
['2015-04-25',   3243.323,  477.931,  0,  3243.323],
['2015-04-26',   3243.323,  477.931,  0,  3243.323],
['2015-04-27',   3243.323,  477.931,  0,  3243.323],
['2015-04-28',   3243.323,  477.931,  0,  3243.323],
['2015-04-29',   3243.323,  477.931,  0,  3243.323],
['2015-04-30',   3243.323,  477.931,  0,  3243.323],
['2015-05-01',   3243.323,  477.931,  0,  3243.323],
['2015-05-02',   3243.323,  477.931,  0,  3243.323],
['2015-05-03',   3243.323,  477.931,  0,  3243.323],
['2015-05-04',   3243.323,  477.931,  0,  3243.323],
['2015-05-05',   3243.323,  477.931,  0,  3243.323],
['2015-05-06',   3243.323,  477.931,  0,  3243.323],
['2015-05-07',   3243.323,  477.931,  0,  3243.323],
['2015-05-08',   3243.323,  477.931,  0,  3243.323],
['2015-05-09',   3243.323,  477.931,  0,  3243.323],
['2015-05-10',   3243.323,  477.931,  0,  3243.323],
['2015-05-11',   3243.323,  477.931,  0,  3243.323],
['2015-05-12',   3243.323,  477.931,  0,  3243.323],
['2015-05-13',   3243.323,  477.931,  0,  3243.323],
['2015-05-14',   3243.323,  477.931,  0,  3243.323],
['2015-05-15',   3243.323,  477.931,  0,  3243.323],
['2015-05-16',   3243.323,  477.931,  0,  3243.323],
['2015-05-17',   3243.323,  477.931,  0,  3243.323],
['2015-05-18',   3243.323,  477.931,  0,  3243.323],
['2015-05-19',   3243.323,  477.931,  0,  3243.323],
['2015-05-20',   3243.323,  477.931,  0,  3243.323],
['2015-05-21',   3243.323,  477.931,  0,  3243.323],
['2015-05-22',   3243.323,  477.931,  0,  3243.323],
['2015-05-23',   3243.323,  477.931,  0,  3243.323],
['2015-05-24',   3243.323,  477.931,  0,  3243.323],
['2015-05-25',   3243.323,  477.931,  0,  3243.323],
['2015-05-26',   3243.323,  477.931,  0,  3243.323],
['2015-05-27',   3243.323,  477.931,  0,  3243.323],
['2015-05-28',   3243.323,  477.931,  0,  3243.323],
['2015-05-29',   3243.323,  477.931,  0,  3243.323],
['2015-05-30',   3252.341,  477.931,  0,  3252.341],
['2015-05-31',   5489.702,  477.931,  0,  5489.702],
['2015-06-01',   5489.702,  477.931,  0,  5489.702],
['2015-06-02',   2246.379,  477.931,  0,  2246.379],
['2015-06-03',   2251.389,  477.931,  0,  2251.389],
['2015-06-04',   2252.391,  501.978,  0,  2252.391],
['2015-06-05',   2252.391,  501.978,  0,  2252.391],
['2015-06-06',   2253.393,  501.978,  0,  2253.393],
['2015-06-07',   2253.393,  501.978,  0,  2253.393],
['2015-06-08',   2253.393,  501.978,  0,  2253.393],
['2015-06-09',   2253.393,  501.978,  0,  2253.393],
['2015-06-10',   2253.393,  475.928,  0,  2253.393],
['2015-06-11',   2254.395,  475.928,  0,  2254.395],
['2015-06-12',   2254.395,  475.928,  0,  2254.395],
['2015-06-13',   2261.408,  475.928,  0,  2261.408],
['2015-06-14',   2261.408,  475.928,  0,  2261.408],
['2015-06-15',   2261.408,  475.928,  0,  2261.408],
['2015-06-16',   2261.408,  475.928,  0,  2261.408],
['2015-06-17',   2261.408,  475.928,  0,  2261.408],
['2015-06-18',   2261.408,  475.928,  0,  2261.408],
['2015-06-19',   2261.408,  475.928,  0,  2261.408],
['2015-06-20',   2261.408,  475.928,  0,  2261.408],
['2015-06-21',   2261.408,  475.928,  0,  2261.408],
['2015-06-22',   2261.408,  475.928,  0,  2261.408],
['2015-06-23',   2261.408,  475.928,  0,  2261.408],
['2015-06-24',   2261.408,  475.928,  0,  2261.408],
['2015-06-25',   2261.408,  475.928,  0,  2261.408],
['2015-06-26',   2261.408,  475.928,  0,  2261.408],
['2015-06-27',   2261.408,  475.928,  0,  2261.408],
['2015-06-28',   2261.408,  475.928,  0,  2261.408],
['2015-06-29',   2261.408,  475.928,  0,  2261.408],
['2015-06-30',   2261.408,  476.930,  0,  2261.408],
['2015-07-01',   2261.408,  476.930,  0,  2261.408],
['2015-07-02',   2261.408,  476.930,  0,  2261.408],
['2015-07-03',   2261.408,  476.930,  0,  2261.408],
['2015-07-04',   2261.408,  476.930,  0,  2261.408],
['2015-07-05',   2261.408,  476.930,  0,  2261.408],
['2015-07-06',   2261.408,  476.930,  0,  2261.408],
['2015-07-07',   2261.408,  476.930,  0,  2261.408],
['2015-07-08',   2261.408,  476.930,  0,  2261.408],
['2015-07-09',   2262.410,  476.930,  0,  2262.410],
['2015-07-10',   2262.410,  476.930,  0,  2262.410],
['2015-07-11',   2262.410,  476.930,  0,  2262.410],
['2015-07-12',   2262.410,  476.930,  0,  2262.410],
['2015-07-13',   2262.410,  476.930,  0,  2262.410],
['2015-07-14',   2262.410,  476.930,  0,  2262.410],
['2015-07-15',   2262.410,  476.930,  69.135,  2262.410],
['2015-07-16',   2262.410,  476.930,  120.234,  2262.410],
['2015-07-17',   2262.410,  476.930,  247.482,  2262.410],
['2015-07-18',   2262.410,  476.930,  247.482,  2262.410],
['2015-07-19',   2262.410,  476.930,  806.572,  2262.410],
['2015-07-20',   2262.410,  476.930,  809.578,  2262.410],
['2015-07-21',   2318.520,  476.930,  812.584,  2318.520],
['2015-07-22',   2318.520,  476.930,  812.584,  2318.520],
['2015-07-23',   2318.520,  476.930,  812.584,  2318.520],
['2015-07-24',   2352.586,  476.930,  816.592,  2352.586],
['2015-07-25',   2352.586,  0,  833.625,  2352.586],
['2015-07-26',   2352.586,  0,  833.625,  2352.586],
['2015-07-27',   2352.586,  0,  833.625,  2352.586],
['2015-07-28',   2352.586,  0,  833.625,  2352.586],
['2015-07-29',   2352.586,  0,  833.625,  2352.586],
['2015-07-30',   2352.586,  0,  833.625,  2352.586],
['2015-07-31',   2352.586,  0,  838.634,  2352.586],
['2015-08-01',   2352.586,  0,  838.634,  2352.586],
['2015-08-02',   2352.586,  0,  838.634,  2352.586],
['2015-08-03',   2352.586,  0,  838.634,  2352.586],
['2015-08-04',   2352.586,  0,  838.634,  2352.586],
['2015-08-05',   2352.586,  0,  838.634,  2352.586],
['2015-08-06',   2352.586,  0,  841.640,  2352.586],
['2015-08-07',   2352.586,  0,  841.640,  2352.586],
['2015-08-08',   2357.596,  0,  841.640,  2357.596],
['2015-08-09',   2357.596,  0,  842.642,  2357.596],
['2015-08-10',   2357.596,  0,  842.642,  2357.596],
['2015-08-11',   2357.596,  0,  842.642,  2357.596],
['2015-08-12',   2357.596,  0,  842.642,  2357.596],
['2015-08-13',   2357.596,  0,  842.642,  2357.596],
['2015-08-14',   2357.596,  0,  863.683,  2357.596],
['2015-08-15',   2357.596,  0,  863.683,  2357.596],
['2015-08-16',   2357.596,  0,  863.683,  2357.596],
['2015-08-17',   2357.596,  0,  863.683,  2357.596],
['2015-08-18',   2357.596,  0,  863.683,  2357.596],
['2015-08-19',   2357.596,  0,  863.683,  2357.596],
['2015-08-20',   2357.596,  0,  863.683,  2357.596],
['2015-08-21',   2357.596,  0,  863.683,  2357.596],
['2015-08-22',   2357.596,  0,  863.683,  2357.596],
['2015-08-23',   2357.596,  0,  863.683,  2357.596],
['2015-08-24',   2357.596,  0,  863.683,  2357.596],
['2015-08-25',   2357.596,  0,  863.683,  2357.596],
['2015-08-26',   2357.596,  0,  863.683,  2357.596],
['2015-08-27',   2357.596,  0,  863.683,  2357.596],
['2015-08-28',   2357.596,  0,  864.685,  2357.596],
['2015-08-29',   2357.596,  0,  864.685,  2357.596],
['2015-08-30',   2357.596,  0,  864.685,  2357.596],
['2015-08-31',   2357.596,  0,  864.685,  2357.596],
['2015-09-01',   2357.596,  0,  864.685,  2357.596],
['2015-09-02',   2357.596,  0,  864.685,  2357.596],
['2015-09-03',   2358.598,  0,  864.685,  2358.598],
['2015-09-04',   2358.598,  0,  864.685,  2358.598],
['2015-09-05',   2358.598,  0,  864.685,  2358.598],
['2015-09-06',   2358.598,  0,  864.685,  2358.598],
['2015-09-07',   2358.598,  0,  864.685,  2358.598],
['2015-09-08',   2358.598,  0,  864.685,  2358.598],
['2015-09-09',   2358.598,  0,  864.685,  2358.598],
['2015-09-10',   2358.598,  0,  864.685,  2358.598],
['2015-09-11',   2358.598,  0,  864.685,  2358.598],
['2015-09-12',   2358.598,  0,  864.685,  2358.598],
['2015-09-13',   2358.598,  0,  865.687,  2358.598],
['2015-09-14',   2358.598,  0,  865.687,  2358.598],
['2015-09-15',   2358.598,  0,  866.689,  2358.598],
['2015-09-16',   2358.598,  0,  866.689,  2358.598],
['2015-09-17',   2359.600,  0,  866.689,  2359.600],
['2015-09-18',   2359.600,  0,  866.689,  2359.600],
['2015-09-19',   2359.600,  0,  866.689,  2359.600],
['2015-09-20',   2359.600,  0,  867.691,  2359.600],
['2015-09-21',   2359.600,  0,  868.693,  2359.600],
['2015-09-22',   2359.600,  0,  868.693,  2359.600],
['2015-09-23',   2359.600,  0,  868.693,  2359.600],
['2015-09-24',   2359.600,  0,  868.693,  2359.600],
['2015-09-25',   2359.600,  0,  868.693,  2359.600],
['2015-09-26',   2359.600,  0,  868.693,  2359.600],
['2015-09-27',   2360.602,  0,  868.693,  2360.602],
['2015-09-28',   2360.602,  0,  869.695,  2360.602],
['2015-09-29',   2360.602,  0,  869.695,  2360.602],
['2015-09-30',   2360.602,  0,  869.695,  2360.602],
['2015-10-01',   2360.602,  0,  869.695,  2360.602],
['2015-10-02',   2360.602,  0,  870.697,  2360.602],
['2015-10-03',   2360.602,  0,  870.697,  2360.602],
['2015-10-04',   2360.602,  0,  870.697,  2360.602],
['2015-10-05',   2360.602,  0,  870.697,  2360.602],
['2015-10-06',   2360.602,  0,  870.697,  2360.602],
['2015-10-07',   2360.602,  0,  870.697,  2360.602],
['2015-10-08',   2376.633,  0,  870.697,  2376.633],
['2015-10-09',   2520.915,  0,  870.697,  2520.915],
['2015-10-10',   2520.915,  0,  870.697,  2520.915],
['2015-10-11',   2520.915,  0,  870.697,  2520.915],
['2015-10-12',   2520.915,  0,  871.699,  2520.915],
['2015-10-13',   2520.915,  0,  871.699,  2520.915],
['2015-10-14',   2520.915,  0,  871.699,  2520.915],
['2015-10-15',   2520.915,  0,  872.701,  2520.915],
['2015-10-16',   2520.915,  0,  872.701,  2520.915],
['2015-10-18',   2520.915,  0,  872.701,  2520.915],
['2015-10-19',   2520.915,  0,  872.701,  2520.915],
['2015-10-20',   2520.915,  0,  872.701,  2520.915],
['2015-10-21',   2520.915,  0,  872.701,  2520.915],
['2015-10-22',   2520.915,  0,  872.701,  2520.915],
['2015-10-23',   2522.918,  0,  872.701,  2522.918],
['2015-10-24',   2522.918,  0,  872.701,  2522.918],
['2015-10-25',   2522.918,  0,  872.701,  2522.918],
['2015-10-26',   2522.918,  0,  872.701,  2522.918],
['2015-10-27',   2523.920,  0,  872.701,  2523.920],
['2015-10-28',   2524.921,  0,  872.701,  2524.921],
['2015-10-29',   2524.921,  0,  872.701,  2524.921],
['2015-10-30',   2524.921,  0,  872.701,  2524.921],
['2015-10-31',   2524.921,  0,  872.701,  2524.921],
['2015-11-01',   2524.921,  0,  872.701,  2524.921],
['2015-11-02',   2524.921,  0,  872.701,  2524.921],
['2015-11-03',   2524.921,  0,  872.701,  2524.921],
['2015-11-04',   2524.921,  0,  872.701,  2524.921],
['2015-11-05',   2524.921,  0,  872.701,  2524.921],
['2015-11-06',   2524.921,  0,  872.701,  2524.921],
['2015-11-07',   2524.921,  0,  872.701,  2524.921],
['2015-11-08',   2524.921,  0,  872.701,  2524.921],
['2015-11-09',   2524.921,  0,  872.701,  2524.921],
['2015-11-10',   2524.921,  0,  872.701,  2524.921],
['2015-11-14',   2525.923,  0,  872.701,  2525.923],
['2015-11-15',   2525.923,  0,  872.701,  2525.923],
['2015-11-16',   2525.923,  0,  872.701,  2525.923],
['2015-11-17',   2528.929,  0,  872.701,  2528.929],
['2015-11-18',   2530.933,  0,  872.701,  2530.933],
['2015-11-19',   2530.933,  0,  873.703,  2530.933],
['2015-11-20',   2530.933,  0,  876.709,  2530.933],
['2015-11-21',   2530.933,  0,  876.709,  2530.933],
['2015-11-22',   2530.933,  0,  876.709,  2530.933],
['2015-11-23',   2530.933,  0,  876.709,  2530.933],
['2015-11-24',   2530.933,  0,  876.709,  2530.933],
['2015-11-25',   2530.933,  0,  876.709,  2530.933],
['2015-11-26',   2530.933,  0,  876.709,  2530.933],
['2015-11-27',   2530.933,  0,  876.709,  2530.933],
['2015-11-28',   2530.933,  0,  876.709,  2530.933],
['2015-11-29',   2530.933,  0,  876.709,  2530.933],
['2015-11-30',   2530.933,  0,  876.709,  2530.933],
['2015-12-01',   2530.933,  0,  876.709,  2530.933],
['2015-12-02',   2530.933,  0,  876.709,  2530.933],
['2015-12-03',   2530.933,  0,  876.709,  2530.933],
['2015-12-04',   2530.933,  0,  877.711,  2530.933],
['2015-12-05',   2530.933,  0,  877.711,  2530.933],
['2015-12-06',   2530.933,  0,  877.711,  2530.933],
['2015-12-07',   2530.933,  0,  877.711,  2530.933],
['2015-12-08',   2530.933,  0,  877.711,  2530.933],
['2015-12-09',   2530.933,  0,  877.711,  2530.933],
['2015-12-10',   2530.933,  0,  877.711,  2530.933],
['2015-12-11',   2530.933,  0,  877.711,  2530.933],
['2015-12-12',   2530.933,  0,  877.711,  2530.933],
['2015-12-13',   2530.933,  0,  877.711,  2530.933],
['2015-12-14',   2531.935,  0,  877.711,  2531.935],
['2015-12-15',   2531.935,  0,  878.712,  2531.935],
['2015-12-16',   2532.937,  0,  878.712,  2532.937],
['2015-12-17',   2532.937,  0,  878.712,  2532.937],
['2015-12-18',   2532.937,  0,  878.712,  2532.937],
['2015-12-19',   2532.937,  0,  878.712,  2532.937],
['2015-12-20',   2532.937,  0,  878.712,  2532.937],
['2015-12-21',   2532.937,  0,  879.714,  2532.937],
['2015-12-22',   2532.937,  0,  879.714,  2532.937],
['2015-12-23',   2582.033,  0,  879.714,  2582.033],
['2015-12-24',   2582.033,  0,  879.714,  2582.033],
['2015-12-25',   2582.033,  0,  879.714,  2582.033],
['2015-12-26',   2582.033,  0,  879.714,  2582.033],
['2015-12-27',   2582.033,  0,  879.714,  2582.033],
['2015-12-28',   2582.033,  0,  879.714,  2582.033],
['2015-12-29',   2582.033,  0,  879.714,  2582.033],
['2015-12-30',   2582.033,  0,  879.714,  2582.033],
['2015-12-31',   2582.033,  0,  879.714,  2582.033],
['2016-01-01',   2582.033,  0,  879.714,  2582.033],
['2016-01-02',   2582.033,  0,  879.714,  2582.033],
['2016-01-03',   2582.033,  0,  879.714,  2582.033],
['2016-01-04',   2582.033,  0,  879.714,  2582.033],
['2016-01-05',   2582.033,  0,  879.714,  2582.033],
['2016-01-06',   2582.033,  0,  879.714,  2582.033],
['2016-01-07',   2582.033,  0,  879.714,  2582.033],
['2016-01-08',   2583.035,  0,  879.714,  2583.035],
['2016-01-09',   2583.035,  0,  879.714,  2583.035],
['2016-01-10',   2583.035,  0,  879.714,  2583.035],
['2016-01-11',   2583.035,  0,  879.714,  2583.035],
['2016-01-12',   2583.035,  0,  879.714,  2583.035],
['2016-01-13',   2583.035,  0,  879.714,  2583.035],
['2016-01-14',   2583.035,  0,  879.714,  2583.035],
['2016-01-15',   2583.035,  0,  879.714,  2583.035],
['2016-01-16',   2584.037,  0,  880.716,  2584.037],
['2016-01-17',   2584.037,  0,  880.716,  2584.037],
['2016-01-18',   2584.037,  0,  880.716,  2584.037],
['2016-01-19',   2584.037,  0,  880.716,  2584.037],
['2016-01-20',   2584.037,  0,  880.716,  2584.037],
['2016-01-21',   2584.037,  0,  880.716,  2584.037],
['2016-01-22',   2584.037,  0,  880.716,  2584.037],
['2016-01-23',   2584.037,  0,  880.716,  2584.037],
['2016-01-24',   2584.037,  0,  881.718,  2584.037],
['2016-01-25',   2584.037,  0,  881.718,  2584.037],
['2016-01-26',   2584.037,  0,  881.718,  2584.037],
['2016-01-27',   2584.037,  0,  881.718,  2584.037],
['2016-01-28',   2584.037,  0,  881.718,  2584.037],
['2016-01-29',   2584.037,  0,  881.718,  2584.037],
['2016-01-30',   2587.043,  0,  881.718,  2587.043],
['2016-01-31',   2587.043,  0,  881.718,  2587.043],
['2016-02-01',   2588.045,  0,  881.718,  2588.045],
['2016-02-02',   2588.045,  0,  901.757,  2588.045],
['2016-02-03',   2588.045,  0,  901.757,  2588.045],
['2016-02-04',   2588.045,  0,  901.757,  2588.045],
['2016-02-05',   2590.049,  0,  901.757,  2590.049],
['2016-02-06',   2590.049,  0,  901.757,  2590.049],
['2016-02-07',   2590.049,  0,  901.757,  2590.049],
['2016-02-08',   2590.049,  0,  901.757,  2590.049],
['2016-02-09',   2590.049,  0,  901.757,  2590.049],
['2016-02-10',   2590.049,  0,  901.757,  2590.049],
['2016-02-11',   2590.049,  0,  901.757,  2590.049],
['2016-02-12',   2590.049,  0,  901.757,  2590.049],
['2016-02-13',   2590.049,  0,  901.757,  2590.049],
['2016-02-14',   2590.049,  0,  901.757,  2590.049],
['2016-02-15',   2590.049,  0,  901.757,  2590.049],
['2016-02-16',   2590.049,  0,  901.757,  2590.049],
['2016-02-17',   2590.049,  0,  901.757,  2590.049],
['2016-02-18',   2590.049,  0,  901.757,  2590.049],
['2016-02-19',   2590.049,  0,  901.757,  2590.049],
['2016-02-20',   2590.049,  0,  901.757,  2590.049],
['2016-02-21',   2590.049,  0,  901.757,  2590.049],
['2016-02-22',   2590.049,  0,  901.757,  2590.049],
['2016-02-23',   2590.049,  0,  902.759,  2590.049],
['2016-02-24',   2590.049,  0,  902.759,  2590.049],
['2016-02-25',   2590.049,  0,  902.759,  2590.049],
['2016-02-26',   2590.049,  0,  902.759,  2590.049],
['2016-02-27',   2590.049,  0,  902.759,  2590.049],
['2016-02-28',   2590.049,  0,  902.759,  2590.049],
['2016-02-29',   2591.051,  0,  903.761,  2591.051],
['2016-03-01',   2592.053,  0,  903.761,  2592.053],
['2016-03-02',   2592.053,  0,  903.761,  2592.053],
['2016-03-03',   2592.053,  0,  903.761,  2592.053],
['2016-03-04',   2602.072,  0,  903.761,  2602.072],
['2016-03-05',   2602.072,  0,  903.761,  2602.072],
['2016-03-06',   2602.072,  0,  903.761,  2602.072],
['2016-03-07',   2602.072,  0,  903.761,  2602.072],
['2016-03-08',   2602.072,  0,  903.761,  2602.072],
['2016-03-09',   2602.072,  0,  903.761,  2602.072],
['2016-03-10',   2602.072,  0,  903.761,  2602.072],
['2016-03-11',   2603.074,  0,  903.761,  2603.074],
['2016-03-12',   2603.074,  0,  903.761,  2603.074],
['2016-03-13',   2603.074,  0,  904.763,  2603.074],
['2016-03-14',   2603.074,  0,  904.763,  2603.074],
['2016-03-15',   2603.074,  0,  904.763,  2603.074],
['2016-03-16',   2603.074,  0,  904.763,  2603.074],
['2016-03-17',   2603.074,  0,  904.763,  2603.074],
['2016-03-18',   2626.119,  0,  904.763,  2626.119],
['2016-03-19',   2677.219,  0,  904.763,  2677.219],
['2016-03-20',   2679.222,  0,  905.765,  2679.222],
['2016-03-21',   2679.222,  0,  905.765,  2679.222],
['2016-03-22',   2686.236,  0,  905.765,  2686.236],
['2016-03-23',   2705.273,  0,  905.765,  2705.273],
['2016-03-24',   2705.273,  0,  905.765,  2705.273],
['2016-03-25',   2705.273,  0,  905.765,  2705.273],
['2016-03-26',   2705.273,  0,  905.765,  2705.273],
['2016-03-27',   2705.273,  0,  906.767,  2705.273],
['2016-03-28',   2705.273,  0,  906.767,  2705.273],
['2016-03-29',   2705.273,  0,  906.767,  2705.273],
['2016-03-30',   2705.273,  0,  906.767,  2705.273],
['2016-03-31',   2705.273,  0,  906.767,  2705.273],
['2016-04-01',   2705.273,  0,  907.769,  2705.273],
['2016-04-02',   2705.273,  0,  907.769,  2705.273],
['2016-04-03',   2705.273,  0,  908.770,  2705.273],
['2016-04-04',   2706.275,  0,  908.770,  2706.275],
['2016-04-05',   2706.275,  0,  908.770,  2706.275],
['2016-04-06',   2706.275,  0,  908.770,  2706.275],
['2016-04-07',   2706.275,  0,  908.770,  2706.275],
['2016-04-08',   2706.275,  0,  908.770,  2706.275],
['2016-04-09',   2706.275,  0,  908.770,  2706.275],
['2016-04-10',   2706.275,  0,  908.770,  2706.275],
['2016-04-11',   2706.275,  0,  908.770,  2706.275],
['2016-04-12',   2706.275,  0,  908.770,  2706.275],
['2016-04-13',   2706.275,  0,  908.770,  2706.275],
['2016-04-14',   2710.283,  0,  908.770,  2710.283],
['2016-04-15',   2719.300,  0,  908.770,  2719.300],
['2016-04-16',   2720.302,  0,  908.770,  2720.302],
['2016-04-17',   2720.302,  0,  908.770,  2720.302],
['2016-04-18',   2720.302,  0,  908.770,  2720.302],
['2016-04-19',   2738.337,  0,  908.770,  2738.337],
['2016-04-20',   2745.351,  0,  908.770,  2745.351],
['2016-04-21',   2756.372,  0,  908.770,  2756.372],
['2016-04-22',   2764.388,  0,  908.770,  2764.388],
['2016-04-23',   2764.388,  0,  908.770,  2764.388],
['2016-04-24',   2764.388,  0,  908.770,  2764.388],
['2016-04-25',   2764.388,  0,  908.770,  2764.388],
['2016-04-26',   2764.388,  0,  908.770,  2764.388],
['2016-04-27',   2766.392,  0,  908.770,  2766.392],
['2016-04-28',   2766.392,  0,  908.770,  2766.392],
['2016-04-29',   2766.392,  0,  908.770,  2766.392],
['2016-04-30',   2766.392,  0,  908.770,  2766.392],
['2016-05-01',   2766.392,  0,  908.770,  2766.392],
['2016-05-02',   2766.392,  0,  908.770,  2766.392],
['2016-05-03',   2766.392,  0,  908.770,  2766.392],
['2016-05-04',   2766.392,  0,  908.770,  2766.392],
['2016-05-05',   2766.392,  0,  908.770,  2766.392],
['2016-05-06',   2769.398,  0,  908.770,  2769.398],
['2016-05-07',   2769.398,  0,  908.770,  2769.398],
['2016-05-08',   2769.398,  0,  908.770,  2769.398],
['2016-05-09',   2769.398,  0,  908.770,  2769.398],
['2016-05-10',   2769.398,  0,  908.770,  2769.398],
['2016-05-11',   2770.400,  0,  908.770,  2770.400],
['2016-05-12',   2771.402,  0,  910.774,  2771.402],
['2016-05-13',   2772.404,  0,  912.778,  2772.404],
['2016-05-14',   2772.404,  0,  912.778,  2772.404],
['2016-05-15',   2797.453,  0,  912.778,  2797.453],
['2016-05-16',   2797.453,  0,  912.778,  2797.453],
['2016-05-17',   2797.453,  0,  912.778,  2797.453],
['2016-05-18',   2798.455,  0,  912.778,  2798.455],
['2016-05-19',   2799.457,  0,  912.778,  2799.457],
['2016-05-20',   2799.457,  0,  912.778,  2799.457],
['2016-05-21',   2799.457,  0,  912.778,  2799.457],
['2016-05-22',   2800.459,  0,  912.778,  2800.459],
['2016-05-23',   2800.459,  0,  912.778,  2800.459],
['2016-05-24',   2801.461,  0,  912.778,  2801.461],
['2016-05-25',   2801.461,  0,  912.778,  2801.461],
['2016-05-26',   2801.461,  0,  912.778,  2801.461],
['2016-05-27',   2801.461,  0,  912.778,  2801.461],
['2016-05-28',   2802.463,  0,  912.778,  2802.463],
['2016-05-29',   2803.465,  0,  912.778,  2803.465],
['2016-05-30',   2803.465,  0,  912.778,  2803.465],
['2016-05-31',   2803.465,  0,  912.778,  2803.465],
['2016-06-01',   2803.465,  0,  912.778,  2803.465],
['2016-06-02',   2805.469,  0,  912.778,  2805.469],
['2016-06-03',   2809.477,  0,  912.778,  2809.477],
['2016-06-04',   2809.477,  0,  912.778,  2809.477],
['2016-06-05',   2809.477,  0,  912.778,  2809.477],
['2016-06-06',   2809.477,  0,  912.778,  2809.477],
['2016-06-07',   2809.477,  0,  912.778,  2809.477],
['2016-06-08',   2809.477,  0,  912.778,  2809.477],
['2016-06-09',   2809.477,  0,  912.778,  2809.477],
['2016-06-10',   2810.479,  0,  912.778,  2810.479],
['2016-06-11',   2810.479,  0,  912.778,  2810.479],
['2016-06-12',   2810.479,  0,  912.778,  2810.479],
['2016-06-13',   2810.479,  0,  912.778,  2810.479],
['2016-06-14',   2810.479,  0,  912.778,  2810.479],
['2016-06-15',   2829.516,  0,  912.778,  2829.516],
['2016-06-16',   2831.520,  0,  912.778,  2831.520],
['2016-06-17',   2832.522,  0,  913.780,  2832.522],
['2016-06-18',   2835.528,  0,  913.780,  2835.528],
['2016-06-19',   0,  0,  0,  0],
['2016-06-20',   2836.530,  0,  913.780,  2836.530],
['2016-06-21',   2838.534,  0,  913.780,  2838.534],
['2016-06-22',   2842.542,  0,  913.780,  2842.542],
['2016-06-23',   2845.547,  0,  913.780,  2845.547],
['2016-06-24',   2851.559,  0,  914.782,  2851.559],
['2016-06-25',   2852.561,  0,  914.782,  2852.561],
['2016-06-26',   2852.561,  0,  914.782,  2852.561],
['2016-06-27',   2852.561,  0,  914.782,  2852.561],
['2016-06-28',   2857.571,  0,  914.782,  2857.571],
['2016-06-29',   2860.576,  0,  914.782,  2860.576],
['2016-06-30',   2863.582,  0,  914.782,  2863.582],
['2016-07-01',   2866.588,  0,  914.782,  2866.588],
['2016-07-02',   2869.594,  0,  914.782,  2869.594],
['2016-07-03',   2869.594,  0,  914.782,  2869.594],
['2016-07-04',   2869.594,  0,  914.782,  2869.594],
['2016-07-05',   2869.594,  0,  914.782,  2869.594],
['2016-07-06',   2869.594,  0,  915.784,  2869.594],
['2016-07-07',   2883.621,  0,  915.784,  2883.621],
['2016-07-08',   2902.658,  0,  915.784,  2902.658],
['2016-07-09',   2921.695,  0,  915.784,  2921.695],
['2016-07-10',   2927.707,  0,  915.784,  2927.707],
['2016-07-11',   2927.707,  0,  915.784,  2927.707],
['2016-07-12',   2933.719,  0,  918.790,  2933.719],
['2016-07-13',   2935.723,  0,  938.829,  2935.723],
['2016-07-14',   2938.728,  0,  938.829,  2938.728],
['2016-07-15',   2942.736,  0,  938.829,  2942.736],
['2016-07-16',   2942.736,  0,  938.829,  2942.736],
['2016-07-17',   2942.736,  0,  938.829,  2942.736],
['2016-07-18',   2942.736,  0,  938.829,  2942.736],
['2016-07-19',   2942.736,  0,  938.829,  2942.736],
['2016-07-20',   0,  0,  0,  0],
['2016-07-21',   2942.736,  0,  938.829,  2942.736],
['2016-07-22',   2945.742,  0,  938.829,  2945.742],
['2016-07-23',   2947.746,  0,  938.829,  2947.746],
['2016-07-24',   2947.746,  0,  938.829,  2947.746],
['2016-07-25',   2947.746,  0,  938.829,  2947.746],
['2016-07-26',   2947.746,  0,  938.829,  2947.746],
['2016-07-27',   2947.746,  0,  938.829,  2947.746],
['2016-07-28',   2947.746,  0,  938.829,  2947.746],
['2016-07-29',   2947.746,  0,  938.829,  2947.746],
['2016-07-30',   2947.746,  0,  938.829,  2947.746],
['2016-07-31',   2947.746,  0,  938.829,  2947.746],
['2016-08-01',   2947.746,  0,  938.829,  2947.746],
['2016-08-02',   2947.746,  0,  938.829,  2947.746],
['2016-08-03',   2947.746,  0,  938.829,  2947.746],
['2016-08-04',   2947.746,  0,  938.829,  2947.746],
['2016-08-05',   2949.750,  0,  938.829,  2949.750],
['2016-08-06',   0,  0,  0,  0],
['2016-08-07',   0,  0,  0,  0],
['2016-08-08',   2951.754,  0,  938.829,  2951.754],
['2016-08-09',   2951.754,  0,  938.829,  2951.754],
['2016-08-10',   0,  0,  0,  0],
['2016-08-11',   2952.756,  0,  938.829,  2952.756],
['2016-08-12',   2952.756,  0,  938.829,  2952.756],
['2016-08-13',   2952.756,  0,  938.829,  2952.756],
['2016-08-14',   2952.756,  0,  938.829,  2952.756],
['2016-08-15',   2952.756,  0,  938.829,  2952.756],
['2016-08-16',   2952.756,  0,  938.829,  2952.756],
['2016-08-17',   2952.756,  0,  938.829,  2952.756],
['2016-08-18',   2952.756,  0,  938.829,  2952.756],
['2016-08-19',   2952.756,  0,  938.829,  2952.756],
['2016-08-20',   2952.756,  0,  938.829,  2952.756],
['2016-08-21',   2953.758,  0,  938.829,  2953.758],
['2016-08-22',   2953.758,  0,  938.829,  2953.758],
['2016-08-23',   2953.758,  0,  938.829,  2953.758],
['2016-08-24',   2953.758,  0,  938.829,  2953.758],
['2016-08-25',   2953.758,  0,  938.829,  2953.758],
['2016-08-26',   2953.758,  0,  938.829,  2953.758],
['2016-08-27',   2953.758,  0,  938.829,  2953.758],
['2016-08-28',   2953.758,  0,  938.829,  2953.758],
['2016-08-29',   2953.758,  0,  938.829,  2953.758],
['2016-08-30',   2953.758,  0,  938.829,  2953.758],
['2016-08-31',   2953.758,  0,  938.829,  2953.758],
['2016-09-01',   2954.760,  0,  938.829,  2954.760],
['2016-09-02',   2954.760,  0,  938.829,  2954.760],
['2016-09-03',   2956.764,  0,  938.829,  2956.764],
['2016-09-04',   2956.764,  0,  938.829,  2956.764],
['2016-09-05',   2956.764,  0,  938.829,  2956.764],
['2016-09-06',   2956.764,  0,  938.829,  2956.764],
['2016-09-07',   2956.764,  0,  938.829,  2956.764],
['2016-09-08',   2956.764,  0,  938.829,  2956.764],
['2016-09-09',   2957.766,  0,  938.829,  2957.766],
['2016-09-10',   2958.768,  0,  938.829,  2958.768],
['2016-09-11',   2958.768,  0,  938.829,  2958.768],
['2016-09-12',   2958.768,  0,  938.829,  2958.768],
['2016-09-13',   2960.772,  0,  938.829,  2960.772],
['2016-09-14',   2962.776,  0,  938.829,  2962.776],
['2016-09-15',   2965.782,  0,  938.829,  2965.782],
['2016-09-16',   2965.782,  0,  938.829,  2965.782],
['2016-09-17',   2965.782,  0,  938.829,  2965.782],
['2016-09-18',   2965.782,  0,  938.829,  2965.782],
['2016-09-19',   2965.782,  0,  938.829,  2965.782],
['2016-09-20',   2965.782,  0,  938.829,  2965.782],
['2016-09-21',   2965.782,  0,  939.831,  2965.782],
['2016-09-22',   2965.782,  0,  939.831,  2965.782],
['2016-09-23',   2987.825,  0,  939.831,  2987.825],
['2016-09-24',   2988.827,  0,  939.831,  2988.827],
['2016-09-25',   2988.827,  0,  939.831,  2988.827],
['2016-09-26',   2988.827,  0,  939.831,  2988.827],
['2016-09-27',   2988.827,  0,  939.831,  2988.827],
['2016-09-28',   2988.827,  0,  939.831,  2988.827],
['2016-09-29',   2988.827,  0,  939.831,  2988.827],
['2016-09-30',   2991.832,  0,  939.831,  2991.832],
['2016-10-01',   2992.834,  0,  939.831,  2992.834],
['2016-10-02',   2992.834,  0,  939.831,  2992.834],
['2016-10-03',   2992.834,  0,  939.831,  2992.834],
['2016-10-04',   2992.834,  0,  939.831,  2992.834],
['2016-10-05',   2992.834,  0,  939.831,  2992.834],
['2016-10-06',   2992.834,  0,  939.831,  2992.834],
['2016-10-07',   3002.854,  0,  939.831,  3002.854],
['2016-10-08',   3010.870,  0,  939.831,  3010.870],
['2016-10-09',   3010.870,  0,  939.831,  3010.870],
['2016-10-10',   3010.870,  0,  939.831,  3010.870],
['2016-10-11',   3010.870,  0,  939.831,  3010.870],
['2016-10-12',   3010.870,  0,  939.831,  3010.870],
['2016-10-13',   3010.870,  0,  939.831,  3010.870],
['2016-10-14',   3012.873,  0,  939.831,  3012.873],
['2016-10-15',   3013.875,  0,  939.831,  3013.875],
['2016-10-16',   3013.875,  0,  939.831,  3013.875],
['2016-10-17',   3013.875,  0,  939.831,  3013.875],
['2016-10-18',   3013.875,  0,  940.833,  3013.875],
['2016-10-19',   3013.875,  0,  940.833,  3013.875],
['2016-10-20',   3014.877,  0,  940.833,  3014.877],
['2016-10-21',   3018.885,  0,  940.833,  3018.885],
['2016-10-22',   3020.889,  0,  940.833,  3020.889],
['2016-10-23',   3020.889,  0,  940.833,  3020.889],
['2016-10-24',   3021.891,  0,  940.833,  3021.891],
['2016-10-25',   3021.891,  0,  940.833,  3021.891],
['2016-10-26',   3023.895,  0,  940.833,  3023.895],
['2016-10-27',   3028.905,  0,  940.833,  3028.905],
['2016-10-28',   3069.985,  0,  940.833,  3069.985],
['2016-10-29',   3072.991,  0,  940.833,  3072.991],
['2016-10-30',   3073.993,  0,  940.833,  3073.993],
['2016-10-31',   3073.993,  0,  940.833,  3073.993],
['2016-11-01',   3073.993,  0,  940.833,  3073.993],
['2016-11-02',   3073.993,  0,  940.833,  3073.993],
['2016-11-03',   3073.993,  0,  940.833,  3073.993],
['2016-11-04',   3074.995,  0,  940.833,  3074.995],
['2016-11-05',   3074.995,  0,  940.833,  3074.995],
['2016-11-06',   3074.995,  0,  940.833,  3074.995],
['2016-11-07',   3074.995,  0,  940.833,  3074.995],
['2016-11-08',   3074.995,  0,  940.833,  3074.995],
['2016-11-09',   3074.995,  0,  941.835,  3074.995],
['2016-11-10',   3074.995,  0,  941.835,  3074.995],
['2016-11-11',   3079.003,  0,  941.835,  3079.003],
['2016-11-12',   3080.005,  0,  941.835,  3080.005],
['2016-11-13',   3080.005,  0,  941.835,  3080.005],
['2016-11-14',   3080.005,  0,  941.835,  3080.005],
['2016-11-15',   3080.005,  0,  941.835,  3080.005],
['2016-11-16',   3080.005,  0,  941.835,  3080.005],
['2016-11-17',   3092.028,  0,  941.835,  3092.028],
['2016-11-18',   3095.034,  0,  941.835,  3095.034],
['2016-11-19',   3101.046,  0,  941.835,  3101.046],
['2016-11-20',   3101.046,  0,  941.835,  3101.046],
['2016-11-21',   3101.046,  0,  941.835,  3101.046],
['2016-11-22',   3102.048,  0,  962.875,  3102.048],
['2016-11-23',   3102.048,  0,  962.875,  3102.048],
['2016-11-24',   3103.049,  0,  962.875,  3103.049],
['2016-11-25',   3103.049,  0,  962.875,  3103.049],
['2016-11-26',   3103.049,  0,  962.875,  3103.049],
['2016-11-27',   3103.049,  0,  962.875,  3103.049],
['2016-11-28',   3103.049,  0,  962.875,  3103.049],
['2016-11-29',   3103.049,  0,  962.875,  3103.049],
['2016-11-30',   3103.049,  0,  962.875,  3103.049],
['2016-12-01',   3103.049,  0,  962.875,  3103.049],
['2016-12-02',   3103.049,  0,  962.875,  3103.049],
['2016-12-03',   3103.049,  0,  962.875,  3103.049],
['2016-12-04',   3103.049,  0,  962.875,  3103.049],
['2016-12-05',   3103.049,  0,  962.875,  3103.049],
['2016-12-06',   3103.049,  0,  962.875,  3103.049],
['2016-12-07',   3104.051,  0,  962.875,  3104.051],
['2016-12-08',   3104.051,  0,  962.875,  3104.051],
['2016-12-09',   3104.051,  0,  962.875,  3104.051],
['2016-12-10',   3104.051,  0,  962.875,  3104.051],
['2016-12-11',   3104.051,  0,  962.875,  3104.051],
['2016-12-12',   3104.051,  0,  962.875,  3104.051],
['2016-12-13',   3104.051,  0,  962.875,  3104.051],
['2016-12-14',   3104.051,  0,  962.875,  3104.051],
['2016-12-15',   3104.051,  0,  963.877,  3104.051],
['2016-12-16',   3104.051,  0,  963.877,  3104.051],
['2016-12-17',   3104.051,  0,  963.877,  3104.051],
['2016-12-18',   3104.051,  0,  963.877,  3104.051],
['2016-12-19',   3104.051,  0,  963.877,  3104.051],
['2016-12-20',   3104.051,  0,  963.877,  3104.051],
['2016-12-21',   3105.053,  0,  965.881,  3105.053],
['2016-12-22',   3105.053,  0,  965.881,  3105.053],
['2016-12-23',   3105.053,  0,  965.881,  3105.053],
['2016-12-24',   3105.053,  0,  965.881,  3105.053],
['2016-12-25',   3105.053,  0,  965.881,  3105.053],
['2016-12-26',   3105.053,  0,  965.881,  3105.053],
['2016-12-27',   3105.053,  0,  965.881,  3105.053],
['2016-12-28',   3105.053,  0,  965.881,  3105.053],
['2016-12-29',   3105.053,  0,  965.881,  3105.053],
['2016-12-30',   3105.053,  0,  965.881,  3105.053],
['2016-12-31',   3105.053,  0,  965.881,  3105.053],
['2017-01-01',   3105.053,  0,  965.881,  3105.053],
['2017-01-02',   3105.053,  0,  965.881,  3105.053],
['2017-01-03',   3105.053,  0,  965.881,  3105.053],
['2017-01-04',   3105.053,  0,  965.881,  3105.053],
['2017-01-05',   3110.063,  0,  965.881,  3110.063],
['2017-01-06',   3116.074,  0,  965.881,  3116.074],
['2017-01-07',   3118.078,  0,  965.881,  3118.078],
['2017-01-08',   3121.084,  0,  965.881,  3121.084],
['2017-01-09',   3124.090,  0,  965.881,  3124.090],
['2017-01-10',   3126.094,  0,  965.881,  3126.094],
['2017-01-11',   3128.098,  0,  965.881,  3128.098],
['2017-01-12',   3131.104,  0,  965.881,  3131.104],
['2017-01-13',   3133.108,  0,  965.881,  3133.108],
['2017-01-14',   3140.121,  0,  965.881,  3140.121],
['2017-01-15',   3142.125,  0,  965.881,  3142.125],
['2017-01-16',   3145.131,  0,  965.881,  3145.131],
['2017-01-17',   3147.135,  0,  965.881,  3147.135],
['2017-01-18',   3148.137,  0,  965.881,  3148.137],
['2017-01-19',   3148.137,  0,  986.922,  3148.137],
['2017-01-20',   3149.139,  0,  986.922,  3149.139],
['2017-01-21',   3153.147,  0,  986.922,  3153.147],
['2017-01-22',   3153.147,  0,  986.922,  3153.147],
['2017-01-23',   3153.147,  0,  986.922,  3153.147],
['2017-01-24',   3157.155,  0,  986.922,  3157.155],
['2017-01-25',   3158.157,  0,  986.922,  3158.157],
['2017-01-26',   3158.157,  0,  986.922,  3158.157],
['2017-01-27',   3159.159,  0,  986.922,  3159.159],
['2017-01-28',   3161.163,  0,  986.922,  3161.163],
['2017-01-29',   3163.167,  0,  986.922,  3163.167],
['2017-01-30',   3166.173,  0,  986.922,  3166.173],
['2017-01-31',   3168.176,  0,  986.922,  3168.176],
['2017-02-01',   3171.182,  0,  986.922,  3171.182],
['2017-02-02',   3172.184,  0,  986.922,  3172.184],
['2017-02-03',   3172.184,  0,  986.922,  3172.184],
['2017-02-04',   3172.184,  0,  986.922,  3172.184],
['2017-02-05',   3174.188,  0,  986.922,  3174.188],
['2017-02-06',   3174.188,  0,  986.922,  3174.188],
['2017-02-07',   3174.188,  0,  986.922,  3174.188],
['2017-02-08',   3175.190,  0,  987.924,  3175.190],
['2017-02-09',   3175.190,  0,  987.924,  3175.190],
['2017-02-10',   3175.190,  0,  987.924,  3175.190],
['2017-02-11',   3175.190,  0,  987.924,  3175.190],
['2017-02-12',   3176.192,  0,  987.924,  3176.192],
['2017-02-13',   3176.192,  0,  987.924,  3176.192],
['2017-02-14',   3176.192,  0,  987.924,  3176.192],
['2017-02-15',   3176.192,  0,  987.924,  3176.192],
['2017-02-16',   3176.192,  0,  987.924,  3176.192],
['2017-02-17',   3176.192,  0,  987.924,  3176.192],
['2017-02-18',   3176.192,  0,  987.924,  3176.192],
['2017-02-19',   3176.192,  0,  987.924,  3176.192],
['2017-02-20',   3176.192,  0,  987.924,  3176.192],
['2017-02-21',   3176.192,  0,  996.942,  3176.192],
['2017-02-22',   3178.196,  0,  996.942,  3178.196],
['2017-02-23',   3178.196,  0,  996.942,  3178.196],
['2017-02-24',   3178.196,  0,  1024.997,  3178.196],
['2017-02-25',   3178.196,  0,  1024.997,  3178.196],
['2017-02-26',   3178.196,  0,  1024.997,  3178.196],
['2017-02-27',   3178.196,  0,  1024.997,  3178.196],
['2017-02-28',   3179.198,  0,  1024.997,  3179.198],
['2017-03-01',   3179.198,  0,  1024.997,  3179.198],
['2017-03-02',   3179.198,  0,  1024.997,  3179.198],
['2017-03-03',   3179.198,  0,  1024.997,  3179.198],
['2017-03-04',   3179.198,  0,  1024.997,  3179.198],
['2017-03-05',   3186.211,  0,  1024.997,  3186.211],
['2017-03-06',   3186.211,  0,  1024.997,  3186.211],
['2017-03-07',   3188.215,  0,  1025.999,  3188.215],
['2017-03-08',   3188.215,  0,  1025.999,  3188.215],
['2017-03-09',   3189.217,  0,  1025.999,  3189.217],
['2017-03-10',   3189.217,  0,  1025.999,  3189.217],
['2017-03-11',   3189.217,  0,  1025.999,  3189.217],
['2017-03-12',   3189.217,  0,  1025.999,  3189.217],
['2017-03-13',   3189.217,  0,  1025.999,  3189.217],
['2017-03-14',   3189.217,  0,  1025.999,  3189.217],
['2017-03-15',   3189.217,  0,  1025.999,  3189.217],
['2017-03-16',   3191.221,  0,  1025.999,  3191.221],
['2017-03-17',   3191.221,  0,  1025.999,  3191.221],
['2017-03-18',   3191.221,  0,  1025.999,  3191.221],
['2017-03-19',   3191.221,  0,  1025.999,  3191.221],
['2017-03-20',   3191.221,  0,  1025.999,  3191.221],
['2017-03-21',   3191.221,  0,  1025.999,  3191.221],
['2017-03-22',   3191.221,  0,  1025.999,  3191.221],
['2017-03-23',   3191.221,  0,  1025.999,  3191.221],
['2017-03-24',   3191.221,  0,  1025.999,  3191.221],
['2017-03-25',   3191.221,  0,  1025.999,  3191.221],
['2017-03-26',   3191.221,  0,  1025.999,  3191.221],
['2017-03-27',   3191.221,  0,  1025.999,  3191.221],
['2017-03-28',   3191.221,  0,  1025.999,  3191.221],
['2017-03-29',   3192.223,  0,  1047.040,  3192.223],
['2017-03-30',   3192.223,  0,  1047.040,  3192.223],
['2017-03-31',   3192.223,  0,  1048.042,  3192.223],
['2017-04-01',   3192.223,  0,  1048.042,  3192.223],
['2017-04-02',   3192.223,  0,  1048.042,  3192.223],
['2017-04-03',   3192.223,  0,  1048.042,  3192.223],
['2017-04-04',   3192.223,  0,  1048.042,  3192.223],
['2017-04-05',   3192.223,  0,  1048.042,  3192.223],
['2017-04-06',   3197.233,  0,  1050.046,  3197.233],
['2017-04-07',   3197.233,  0,  1050.046,  3197.233],
['2017-04-08',   3197.233,  0,  1050.046,  3197.233],
['2017-04-09',   3200.239,  0,  1050.046,  3200.239],
['2017-04-10',   3200.239,  0,  1050.046,  3200.239],
['2017-04-11',   3200.239,  0,  1050.046,  3200.239],
['2017-04-12',   3202.243,  0,  1050.046,  3202.243],
['2017-04-13',   3202.243,  0,  1050.046,  3202.243],
['2017-04-14',   3202.243,  0,  1050.046,  3202.243],
['2017-04-15',   3202.243,  0,  1050.046,  3202.243],
['2017-04-16',   3202.243,  0,  1050.046,  3202.243],
['2017-04-17',   3202.243,  0,  1050.046,  3202.243],
['2017-04-18',   3202.243,  0,  1050.046,  3202.243],
['2017-04-19',   3202.243,  0,  1050.046,  3202.243],
['2017-04-20',   3202.243,  0,  1050.046,  3202.243],
['2017-04-21',   3202.243,  0,  1050.046,  3202.243],
['2017-04-22',   3202.243,  0,  1050.046,  3202.243],
['2017-04-23',   3203.245,  0,  1050.046,  3203.245],
['2017-04-24',   3203.245,  0,  1050.046,  3203.245],
['2017-04-25',   3203.245,  0,  1050.046,  3203.245],
['2017-04-26',   3203.245,  0,  1050.046,  3203.245],
['2017-04-27',   3203.245,  0,  1050.046,  3203.245],
['2017-04-28',   3203.245,  0,  1050.046,  3203.245],
['2017-04-29',   3203.245,  0,  1050.046,  3203.245],
['2017-04-30',   3203.245,  0,  1050.046,  3203.245],
['2017-05-01',   3203.245,  0,  1050.046,  3203.245],
['2017-05-02',   3203.245,  0,  1050.046,  3203.245],
['2017-05-03',   3203.245,  0,  1050.046,  3203.245],
['2017-05-04',   3216.270,  0,  1050.046,  3216.270],
['2017-05-05',   3216.270,  0,  1050.046,  3216.270],
['2017-05-06',   3216.270,  0,  1050.046,  3216.270],
['2017-05-07',   3216.270,  0,  1050.046,  3216.270],
['2017-05-08',   3216.270,  0,  1050.046,  3216.270],
['2017-05-09',   3216.270,  0,  1050.046,  3216.270],
['2017-05-10',   3217.272,  0,  1050.046,  3217.272],
['2017-05-11',   3217.272,  0,  1050.046,  3217.272],
['2017-05-12',   3217.272,  0,  1050.046,  3217.272],
['2017-05-13',   3217.272,  0,  1050.046,  3217.272],
['2017-05-14',   3217.272,  0,  1050.046,  3217.272],
['2017-05-15',   3217.272,  0,  1050.046,  3217.272],
['2017-05-16',   3218.274,  0,  1050.046,  3218.274],
['2017-05-17',   3218.274,  0,  1050.046,  3218.274],
['2017-05-18',   3219.275,  0,  1050.046,  3219.275],
['2017-05-19',   3219.275,  0,  1050.046,  3219.275],
['2017-05-20',   3219.275,  0,  1050.046,  3219.275],
['2017-05-21',   3220.277,  0,  1050.046,  3220.277],
['2017-05-22',   3224.285,  0,  1050.046,  3224.285],
['2017-05-23',   3225.287,  0,  1050.046,  3225.287],
['2017-05-24',   3225.287,  0,  1050.046,  3225.287],
['2017-05-25',   3225.287,  0,  1050.046,  3225.287],
['2017-05-26',   3225.287,  0,  1051.048,  3225.287],
['2017-05-27',   3225.287,  0,  1051.048,  3225.287],
['2017-05-28',   3225.287,  0,  1051.048,  3225.287],
['2017-05-29',   3225.287,  0,  1051.048,  3225.287],
['2017-05-30',   3225.287,  0,  1051.048,  3225.287],
['2017-05-31',   3225.287,  0,  1051.048,  3225.287],
['2017-06-01',   3225.287,  0,  1051.048,  3225.287],
['2017-06-02',   3225.287,  0,  1051.048,  3225.287],
['2017-06-03',   3269.373,  0,  1051.048,  3269.373],
['2017-06-04',   3269.373,  0,  1051.048,  3269.373],
['2017-06-05',   3269.373,  0,  1051.048,  3269.373],
['2017-06-06',   3270.375,  0,  1051.048,  3270.375],
['2017-06-07',   3271.377,  0,  1051.048,  3271.377],
['2017-06-08',   3275.385,  0,  1051.048,  3275.385],
['2017-06-09',   3275.385,  0,  1051.048,  3275.385],
['2017-06-10',   3275.385,  0,  1051.048,  3275.385],
['2017-06-11',   3275.385,  0,  1051.048,  3275.385],
['2017-06-12',   3275.385,  0,  1051.048,  3275.385],
['2017-06-13',   3275.385,  0,  1051.048,  3275.385],
['2017-06-14',   3275.385,  0,  1051.048,  3275.385],
['2017-06-15',   3275.385,  0,  1051.048,  3275.385],
['2017-06-16',   3275.385,  0,  1051.048,  3275.385],
['2017-06-17',   3275.385,  0,  1051.048,  3275.385],
['2017-06-18',   3275.385,  0,  1051.048,  3275.385],
['2017-06-19',   3275.385,  0,  1051.048,  3275.385],
['2017-06-20',   3275.385,  0,  1051.048,  3275.385],
['2017-06-21',   3275.385,  0,  1051.048,  3275.385],
['2017-06-22',   3275.385,  0,  1051.048,  3275.385],
['2017-06-23',   3275.385,  0,  1051.048,  3275.385],
['2017-06-24',   3275.385,  0,  1051.048,  3275.385],
['2017-06-25',   3275.385,  0,  1051.048,  3275.385],
['2017-06-26',   3275.385,  0,  1051.048,  3275.385],
['2017-06-27',   3275.385,  0,  1051.048,  3275.385],
['2017-06-28',   3275.385,  0,  1051.048,  3275.385],
['2017-06-29',   3275.385,  0,  1051.048,  3275.385],
['2017-06-30',   4853.461,  0,  1052.050,  4853.461],
['2017-07-01',   4853.461,  0,  1052.050,  4853.461],
['2017-07-02',   4853.461,  0,  1052.050,  4853.461],
['2017-07-03',   4853.461,  0,  1052.050,  4853.461],
['2017-07-04',   4853.461,  0,  1052.050,  4853.461],
['2017-07-05',   4853.461,  0,  1052.050,  4853.461],
['2017-07-06',   5174.086,  0,  1052.050,  5174.086],
['2017-07-07',   4271.326,  0,  1052.050,  4271.326],
['2017-07-08',   4272.328,  0,  1052.050,  4272.328],
['2017-07-09',   4272.328,  0,  1052.050,  4272.328],
['2017-07-10',   4272.328,  0,  1052.050,  4272.328],
['2017-07-11',   4272.328,  0,  1052.050,  4272.328],
['2017-07-12',   4273.330,  0,  1052.050,  4273.330],
['2017-07-13',   4273.330,  0,  1052.050,  4273.330],
['2017-07-14',   4273.330,  0,  1052.050,  4273.330],
['2017-07-15',   4273.330,  0,  1052.050,  4273.330],
['2017-07-16',   4273.330,  0,  1052.050,  4273.330],
['2017-07-17',   4273.330,  0,  1052.050,  4273.330],
['2017-07-18',   4273.330,  0,  1052.050,  4273.330],
['2017-07-19',   4273.330,  0,  1052.050,  4273.330],
['2017-07-20',   4273.330,  0,  1053.052,  4273.330],
['2017-07-21',   4273.330,  0,  1055.056,  4273.330],
['2017-07-22',   4273.330,  0,  1055.056,  4273.330],
['2017-07-23',   4273.330,  0,  1055.056,  4273.330],
['2017-07-24',   4273.330,  0,  1055.056,  4273.330],
['2017-07-25',   4273.330,  0,  1055.056,  4273.330],
['2017-07-26',   4273.330,  0,  1055.056,  4273.330],
['2017-07-27',   4273.330,  0,  1055.056,  4273.330],
['2017-07-28',   4273.330,  0,  1055.056,  4273.330],
['2017-07-29',   4273.330,  0,  1055.056,  4273.330],
['2017-07-30',   4273.330,  0,  1055.056,  4273.330],
['2017-07-31',   4273.330,  0,  1055.056,  4273.330],
['2017-08-01',   4306.394,  0,  1055.056,  4306.394],
['2017-08-02',   4358.496,  0,  1055.056,  4358.496],
['2017-08-03',   4445.666,  0,  1055.056,  4445.666],
['2017-08-04',   4459.693,  0,  1055.056,  4459.693],
['2017-08-05',   4459.693,  0,  1055.056,  4459.693],
['2017-08-06',   4459.693,  0,  1055.056,  4459.693],
['2017-08-07',   4459.693,  0,  1055.056,  4459.693],
['2017-08-08',   4459.693,  0,  1055.056,  4459.693],
['2017-08-09',   4459.693,  0,  1055.056,  4459.693],
['2017-08-10',   4459.693,  0,  1055.056,  4459.693],
['2017-08-11',   4459.693,  0,  1055.056,  4459.693],
['2017-08-12',   4459.693,  0,  1055.056,  4459.693],
['2017-08-13',   4459.693,  0,  1055.056,  4459.693],
['2017-08-14',   4459.693,  0,  1055.056,  4459.693],
['2017-08-15',   4459.693,  0,  1055.056,  4459.693],
['2017-08-16',   4459.693,  0,  1055.056,  4459.693],
['2017-08-17',   4459.693,  0,  1055.056,  4459.693],
['2017-08-18',   4459.693,  0,  1055.056,  4459.693],
['2017-08-19',   4459.693,  0,  1055.056,  4459.693],
['2017-08-20',   4459.693,  0,  1055.056,  4459.693],
['2017-08-21',   4459.693,  0,  1055.056,  4459.693],
['2017-08-22',   4459.693,  0,  1055.056,  4459.693],
['2017-08-23',   4459.693,  0,  1055.056,  4459.693],
['2017-08-24',   4459.693,  0,  1055.056,  4459.693],
['2017-08-25',   4459.693,  0,  1055.056,  4459.693],
['2017-08-26',   4459.693,  0,  1055.056,  4459.693],
['2017-08-27',   4459.693,  0,  1055.056,  4459.693],
['2017-08-28',   4459.693,  0,  1055.056,  4459.693],
['2017-08-29',   4459.693,  0,  1055.056,  4459.693],
['2017-08-30',   4459.693,  0,  1055.056,  4459.693],
['2017-08-31',   4459.693,  0,  1055.056,  4459.693],
['2017-09-01',   4459.693,  0,  1055.056,  4459.693],
['2017-09-02',   4459.693,  0,  1055.056,  4459.693],
['2017-09-03',   4459.693,  0,  1055.056,  4459.693],
['2017-09-04',   4459.693,  0,  1055.056,  4459.693],
['2017-09-05',   4459.693,  0,  1055.056,  4459.693],
['2017-09-06',   4459.693,  0,  1055.056,  4459.693],
['2017-09-07',   4490.754,  0,  1055.056,  4490.754],
['2017-09-08',   4499.772,  0,  1055.056,  4499.772],
['2017-09-09',   4499.772,  0,  1055.056,  4499.772],
['2017-09-10',   4499.772,  0,  1055.056,  4499.772],
['2017-09-11',   4499.772,  0,  1055.056,  4499.772],
['2017-09-12',   4499.772,  0,  1055.056,  4499.772],
['2017-09-13',   4499.772,  0,  1056.058,  4499.772],
['2017-09-14',   4511.795,  0,  1056.058,  4511.795],
['2017-09-15',   4511.795,  0,  1056.058,  4511.795],
['2017-09-16',   4511.795,  0,  1056.058,  4511.795],
['2017-09-17',   4511.795,  0,  1056.058,  4511.795],
['2017-09-18',   4511.795,  0,  1056.058,  4511.795],
['2017-09-19',   4511.795,  0,  1056.058,  4511.795],
['2017-09-29',   4530.832,  0,  1064.074,  4530.832],
['2017-09-30',   4530.832,  0,  1064.074,  4530.832],
['2017-10-01',   4530.832,  0,  1064.074,  4530.832],
['2017-10-02',   4530.832,  0,  1064.074,  4530.832],
['2017-10-03',   4534.840,  0,  1064.074,  4534.840],
['2017-10-04',   4535.842,  0,  1064.074,  4535.842],
['2017-10-05',   4536.844,  0,  1064.074,  4536.844],
['2017-10-06',   4537.846,  0,  1064.074,  4537.846],
['2017-10-07',   4540.852,  0,  1064.074,  4540.852],
['2017-10-08',   4540.852,  0,  1064.074,  4540.852],
['2017-10-09',   4540.852,  0,  1064.074,  4540.852],
['2017-10-10',   4540.852,  0,  1064.074,  4540.852],
['2017-10-11',   4540.852,  0,  1064.074,  4540.852],
['2017-10-12',   4540.852,  0,  1064.074,  4540.852],
['2017-10-13',   4540.852,  0,  1064.074,  4540.852],
['2017-10-14',   4540.852,  0,  1064.074,  4540.852],
['2017-10-15',   4540.852,  0,  1064.074,  4540.852],
['2017-10-16',   4540.852,  0,  1064.074,  4540.852],
['2017-10-17',   4540.852,  0,  1064.074,  4540.852],
['2017-10-18',   4540.852,  0,  1064.074,  4540.852],
['2017-10-19',   4540.852,  0,  1064.074,  4540.852],
['2017-10-20',   4540.852,  0,  1064.074,  4540.852],
['2017-10-21',   4540.852,  0,  1064.074,  4540.852],
['2017-10-22',   4540.852,  0,  1064.074,  4540.852],
['2017-10-23',   4540.852,  0,  1064.074,  4540.852],
['2017-10-24',   4540.852,  0,  1064.074,  4540.852],
['2017-10-25',   4540.852,  0,  1064.074,  4540.852],
['2017-10-26',   4540.852,  0,  1064.074,  4540.852],
['2017-10-27',   4540.852,  0,  1064.074,  4540.852],
['2017-10-28',   4540.852,  0,  1064.074,  4540.852],
['2017-10-29',   4540.852,  0,  1064.074,  4540.852],
['2017-10-30',   4540.852,  0,  1064.074,  4540.852],
['2017-10-31',   4540.852,  0,  1064.074,  4540.852],
['2017-11-01',   4540.852,  0,  1064.074,  4540.852],
['2017-11-02',   4540.852,  0,  1064.074,  4540.852],
['2017-11-03',   4540.852,  0,  1064.074,  4540.852],
['2017-11-04',   4540.852,  0,  1065.076,  4540.852],
['2017-11-05',   4540.852,  0,  1065.076,  4540.852],
['2017-11-06',   4540.852,  0,  1065.076,  4540.852],
['2017-11-07',   4540.852,  0,  1065.076,  4540.852],
['2017-11-08',   4540.852,  0,  1065.076,  4540.852],
['2017-11-09',   4540.852,  0,  1065.076,  4540.852],
['2017-11-10',   4540.852,  0,  1065.076,  4540.852],
['2017-11-11',   4540.852,  0,  1065.076,  4540.852],
['2017-11-12',   4540.852,  0,  1065.076,  4540.852],
['2017-11-13',   4540.852,  0,  1065.076,  4540.852],
['2017-11-14',   4540.852,  0,  1065.076,  4540.852],
['2017-11-15',   4540.852,  0,  1065.076,  4540.852],
['2017-11-16',   4540.852,  0,  1065.076,  4540.852],
['2017-11-17',   4540.852,  0,  1065.076,  4540.852],
['2017-11-18',   4540.852,  0,  1065.076,  4540.852],
['2017-11-19',   4540.852,  0,  1065.076,  4540.852],
['2017-11-20',   4540.852,  0,  1065.076,  4540.852],
['2017-11-21',   4540.852,  0,  1065.076,  4540.852],
['2017-11-22',   4540.852,  0,  1065.076,  4540.852],
['2017-11-23',   4540.852,  0,  1065.076,  4540.852],
['2017-11-24',   4540.852,  0,  1065.076,  4540.852],
['2017-11-25',   4540.852,  0,  1065.076,  4540.852],
['2017-11-26',   4540.852,  0,  1065.076,  4540.852],
['2017-11-27',   4540.852,  0,  1065.076,  4540.852],
['2017-11-28',   4540.852,  0,  1065.076,  4540.852],
['2017-11-29',   4540.852,  0,  1065.076,  4540.852],
['2017-11-30',   4540.852,  0,  1065.076,  4540.852],
['2017-12-02',   4540.852,  0,  1065.076,  4540.852],
['2017-12-03',   4540.852,  0,  1065.076,  4540.852],
['2017-12-04',   4540.852,  0,  1065.076,  4540.852],
['2017-12-05',   4540.852,  0,  1065.076,  4540.852],
['2017-12-06',   4540.852,  0,  1065.076,  4540.852],
['2017-12-07',   4540.852,  0,  1065.076,  4540.852],
['2017-12-08',   4540.852,  0,  1065.076,  4540.852],
['2017-12-09',   4540.852,  0,  1065.076,  4540.852],
['2017-12-10',   4540.852,  0,  1065.076,  4540.852],
['2017-12-11',   4540.852,  0,  1065.076,  4540.852],
['2017-12-12',   4540.852,  0,  1065.076,  4540.852],
['2017-12-13',   4540.852,  0,  1085.115,  4540.852],
['2017-12-14',   4540.852,  0,  1087.119,  4540.852],
['2017-12-15',   4540.852,  0,  1087.119,  4540.852],
['2017-12-16',   4540.852,  0,  1087.119,  4540.852],
['2017-12-17',   4540.852,  0,  1087.119,  4540.852],
['2017-12-18',   4540.852,  0,  1087.119,  4540.852],
['2017-12-19',   4540.852,  0,  1087.119,  4540.852],
['2017-12-20',   4540.852,  0,  1087.119,  4540.852],
['2017-12-21',   4540.852,  0,  1087.119,  4540.852],
['2017-12-22',   4540.852,  0,  1087.119,  4540.852],
['2017-12-23',   4540.852,  0,  1087.119,  4540.852],
['2017-12-24',   4540.852,  0,  1087.119,  4540.852],
['2017-12-25',   4540.852,  0,  1087.119,  4540.852],
['2017-12-26',   4540.852,  0,  1087.119,  4540.852],
['2017-12-27',   4540.852,  0,  1087.119,  4540.852],
['2017-12-28',   4540.852,  0,  1087.119,  4540.852],
['2017-12-29',   4540.852,  0,  1088.121,  4540.852],
['2017-12-30',   4540.852,  0,  1088.121,  4540.852],
['2017-12-31',   4540.852,  0,  1088.121,  4540.852],
['2018-01-01',   4540.852,  0,  1088.121,  4540.852],
['2018-01-02',   4540.852,  0,  1088.121,  4540.852],
['2018-01-03',   4540.852,  0,  1088.121,  4540.852],
['2018-01-04',   4540.852,  0,  1088.121,  4540.852],
['2018-01-05',   4540.852,  0,  1090.125,  4540.852],
['2018-01-06',   4540.852,  0,  1090.125,  4540.852],
['2018-01-07',   4540.852,  0,  1090.125,  4540.852],
['2018-01-08',   4540.852,  0,  1090.125,  4540.852],
['2018-01-09',   4540.852,  0,  1090.125,  4540.852],
['2018-01-10',   4540.852,  0,  1090.125,  4540.852],
['2018-01-11',   4540.852,  0,  1090.125,  4540.852],
['2018-01-12',   4540.852,  0,  1090.125,  4540.852],
['2018-01-14',   4551.873,  0,  1090.125,  4551.873],
['2018-01-15',   4551.873,  0,  1090.125,  4551.873],
['2018-01-16',   4552.875,  0,  1090.125,  4552.875],
['2018-01-17',   4552.875,  0,  1090.125,  4552.875],
['2018-01-18',   4552.875,  0,  1090.125,  4552.875],
['2018-01-19',   4552.875,  0,  1090.125,  4552.875],
['2018-01-20',   4552.875,  0,  1090.125,  4552.875],
['2018-01-21',   4552.875,  0,  1090.125,  4552.875],
['2018-01-22',   4552.875,  0,  1090.125,  4552.875],
['2018-01-23',   4552.875,  0,  1090.125,  4552.875],
['2018-01-24',   4552.875,  0,  1090.125,  4552.875],
['2018-01-25',   4552.875,  0,  1090.125,  4552.875],
['2018-01-26',   4552.875,  0,  1090.125,  4552.875],
['2018-01-27',   4552.875,  0,  1090.125,  4552.875],
['2018-01-28',   4552.875,  0,  1090.125,  4552.875],
['2018-01-29',   4552.875,  0,  1090.125,  4552.875],
['2018-01-30',   4552.875,  0,  1090.125,  4552.875],
['2018-01-31',   4552.875,  0,  1090.125,  4552.875],
['2018-02-01',   4552.875,  0,  1090.125,  4552.875],
['2018-02-02',   4552.875,  0,  1090.125,  4552.875],
['2018-02-03',   4552.875,  0,  1090.125,  4552.875],
['2018-02-04',   4552.875,  0,  1090.125,  4552.875],
['2018-02-05',   4552.875,  0,  1090.125,  4552.875],
['2018-02-06',   4552.875,  0,  1090.125,  4552.875],
['2018-02-07',   4552.875,  0,  1090.125,  4552.875],
['2018-02-08',   4552.875,  0,  1090.125,  4552.875],
['2018-02-09',   4552.875,  0,  1090.125,  4552.875],
['2018-02-10',   4552.875,  0,  1090.125,  4552.875],
['2018-02-11',   4552.875,  0,  1090.125,  4552.875],
['2018-02-12',   4552.875,  0,  1090.125,  4552.875],
['2018-02-13',   4552.875,  0,  1090.125,  4552.875],
['2018-02-14',   4552.875,  0,  1090.125,  4552.875],
['2018-02-15',   4552.875,  0,  1090.125,  4552.875],
['2018-02-16',   4552.875,  0,  1090.125,  4552.875],
['2018-02-17',   4552.875,  0,  1090.125,  4552.875],
['2018-02-18',   4552.875,  0,  1090.125,  4552.875],
['2018-02-19',   4552.875,  0,  1090.125,  4552.875],
['2018-02-20',   4552.875,  0,  1090.125,  4552.875],
['2018-02-21',   4552.875,  0,  1090.125,  4552.875],
['2018-02-22',   4552.875,  0,  1090.125,  4552.875],
['2018-02-23',   4552.875,  0,  1090.125,  4552.875],
['2018-02-24',   4552.875,  0,  1091.127,  4552.875],
['2018-02-25',   4552.875,  0,  1091.127,  4552.875],
['2018-02-26',   4552.875,  0,  1091.127,  4552.875],
['2018-02-27',   4552.875,  0,  1091.127,  4552.875],
['2018-02-28',   4552.875,  0,  1091.127,  4552.875],
['2018-03-01',   4552.875,  0,  1091.127,  4552.875],
['2018-03-02',   4552.875,  0,  1093.131,  4552.875],
['2018-03-03',   4552.875,  0,  1093.131,  4552.875],
['2018-03-04',   4552.875,  0,  1093.131,  4552.875],
['2018-03-05',   4552.875,  0,  1093.131,  4552.875],
['2018-03-06',   4552.875,  0,  1093.131,  4552.875],
['2018-03-07',   4552.875,  0,  1093.131,  4552.875],
['2018-03-08',   4552.875,  0,  1093.131,  4552.875],
['2018-03-09',   4552.875,  0,  1093.131,  4552.875],
['2018-03-10',   4552.875,  0,  1093.131,  4552.875],
['2018-03-11',   4552.875,  0,  1093.131,  4552.875],
['2018-03-12',   4552.875,  0,  1093.131,  4552.875],
['2018-03-13',   4552.875,  0,  1093.131,  4552.875],
['2018-03-14',   4552.875,  0,  1093.131,  4552.875],
['2018-03-15',   4552.875,  0,  1099.143,  4552.875],
['2018-03-16',   4552.875,  0,  1099.143,  4552.875],
['2018-03-17',   4552.875,  0,  1099.143,  4552.875],
['2018-03-18',   4552.875,  0,  1099.143,  4552.875],
['2018-03-19',   4552.875,  0,  1099.143,  4552.875],
['2018-03-20',   4552.875,  0,  1099.143,  4552.875],
['2018-03-21',   4552.875,  0,  1099.143,  4552.875],
['2018-03-22',   4552.875,  0,  1099.143,  4552.875],
['2018-03-23',   4552.875,  0,  1099.143,  4552.875],
['2018-03-24',   4552.875,  0,  1099.143,  4552.875],
['2018-03-25',   4552.875,  0,  1099.143,  4552.875],
['2018-03-26',   4552.875,  0,  1099.143,  4552.875],
['2018-03-27',   4552.875,  0,  1099.143,  4552.875],
['2018-03-28',   4552.875,  0,  1099.143,  4552.875],
['2018-03-29',   4552.875,  0,  1099.143,  4552.875],
['2018-03-30',   0,  0,  0,  0]
        ]);
        var options = {
          title: 'Storage usage by storage groups - Array monvnxspa ',
          chartArea:{left:50,top:50},vAxis:{title:'GigaBytes'},hAxis:{title:'DateTime'}
        };

        var chart = new google.visualization.LineChart(document.getElementById('chart_div'));
        chart.draw(data, options);
      }
    </script>
  </head>
  <body>
    <div id="chart_div" style="width: 1500px; height: 900px;"></div>
  </body>
</html>


[[san:stats:tamon017.vnx|TAMON017 Usage on VNX]]


[[san:stats:tamon055.vnx|TAMON055 Usage on VNX]]


[[san:stats:tamonvio00.vnx|TAMONVIO00 Usage on VNX]]


[[san:stats:vmware_monroe.vnx|VMWARE_MONROE Usage on VNX]]

