<html>
 <head>
   <script type="text/javascript" src="https://www.google.com/jsapi"></script>
   <script type="text/javascript">
     google.load("visualization", "1", {packages:["corechart"]});
     google.setOnLoadCallback(drawChart);
     function drawChart() {
       var data = google.visualization.arrayToDataTable([
['Date','Celerra_edens120cs','TAEDE024','TAEDE055','UNIX_taede651','UNIX_taede652','VMWARE_farm'],
['2014-05-13',   26427014,  7013580,  1967754,  512000,  512000,  6552780],
['2014-05-14',   26427014,  7013580,  1967754,  512000,  512000,  6552780],
['2014-05-15',   26427014,  7013580,  1967754,  512000,  512000,  6552780],
['2014-05-16',   26427014,  7013580,  1967754,  512000,  512000,  6552780],
['2014-05-17',   26427014,  7013580,  1967754,  512000,  512000,  6552780],
['2014-05-18',   26427014,  7013580,  1967754,  512000,  512000,  6552780],
['2014-05-19',   26427014,  7013580,  1967754,  512000,  512000,  6552780],
['2014-05-20',   26427014,  7013580,  1967754,  512000,  512000,  6552780],
['2014-05-21',   26427014,  7013580,  1967754,  512000,  512000,  6552780],
['2014-05-22',   26427014,  7013580,  1967754,  512000,  512000,  6552780],
['2014-05-23',   26427014,  7013580,  1967754,  512000,  512000,  6552780],
['2014-05-24',   26427014,  7013580,  1967754,  512000,  512000,  6552780],
['2014-05-25',   26427014,  7013580,  1967754,  512000,  512000,  6552780],
['2014-05-26',   26427014,  7013580,  1967754,  512000,  512000,  6552780],
['2014-05-27',   26427014,  7013580,  1967754,  512000,  512000,  6552780],
['2014-05-28',   26427014,  7013580,  1967754,  512000,  512000,  6552780],
['2014-05-29',   26427014,  7013580,  1967754,  512000,  512000,  6552780],
['2014-05-30',   26427014,  7013580,  1967754,  512000,  512000,  6552780],
['2014-05-31',   26427014,  7013580,  1967754,  512000,  512000,  6552780],
['2014-06-01',   26427014,  7013580,  1967754,  512000,  512000,  6552780],
['2014-06-02',   26427014,  7013580,  1967754,  512000,  512000,  6552780],
['2014-06-03',   26427014,  7013580,  1967754,  512000,  512000,  6552780],
['2014-06-04',   26427014,  7013580,  1967754,  512000,  512000,  6552780],
['2014-06-05',   26427014,  7013580,  1967754,  512000,  512000,  6552780],
['2014-06-06',   26427014,  7013580,  1967754,  512000,  512000,  6552780],
['2014-06-07',   26427014,  7013580,  1967754,  512000,  512000,  6552780],
['2014-06-08',   26427014,  7013580,  1967754,  512000,  512000,  6552780],
['2014-06-09',   26427014,  7013580,  1967754,  512000,  512000,  6552780],
['2014-06-10',   26427014,  7013580,  1967754,  512000,  512000,  6552780],
['2014-06-11',   26427014,  7013580,  1967754,  512000,  512000,  6552780],
['2014-06-12',   26427014,  7013580,  1967754,  512000,  512000,  6552780],
['2014-06-13',   26427014,  7013580,  1967754,  512000,  512000,  6552780],
['2014-06-14',   26427014,  7013580,  1967754,  512000,  512000,  6552780],
['2014-06-15',   26427014,  7013580,  1967754,  512000,  512000,  6552780],
['2014-06-16',   26427014,  7013580,  1967754,  512000,  512000,  6552780],
['2014-06-17',   26427014,  7013580,  1967754,  512000,  512000,  6552780],
['2014-06-18',   26427014,  7013580,  1967754,  512000,  512000,  6552780],
['2014-06-19',   26427014,  7013580,  1967754,  512000,  512000,  6552780],
['2014-06-20',   26427014,  7013580,  1967754,  512000,  512000,  6552780],
['2014-06-21',   26427014,  7013580,  1967754,  512000,  512000,  6552780],
['2014-06-22',   26427014,  7013580,  1967754,  512000,  512000,  6552780],
['2014-06-23',   26427014,  7013580,  1967754,  512000,  512000,  6552780],
['2014-06-24',   26427014,  7013580,  1967754,  512000,  512000,  6552780],
['2014-06-25',   26427014,  7013580,  1967754,  512000,  512000,  6552780],
['2014-06-26',   26427014,  7013580,  1967754,  512000,  512000,  6552780],
['2014-06-27',   26427014,  7013580,  1967754,  512000,  512000,  6552780],
['2014-06-28',   26427014,  7013580,  1967754,  512000,  512000,  6552780],
['2014-06-29',   26427014,  7013580,  1967754,  512000,  512000,  6552780],
['2014-06-30',   26427014,  7013580,  1967754,  512000,  512000,  6552780],
['2014-07-01',   26427014,  7013580,  1967754,  512000,  512000,  6552780],
['2014-07-02',   26427014,  7013580,  1967754,  512000,  512000,  6552780],
['2014-07-03',   26427014,  7013580,  1967754,  512000,  512000,  6552780],
['2014-07-04',   26427014,  7013580,  1967754,  512000,  512000,  6552780],
['2014-07-05',   26427014,  7013580,  1967754,  512000,  512000,  6552780],
['2014-07-06',   26427014,  7013580,  1967754,  512000,  512000,  6552780],
['2014-07-07',   26427014,  7013580,  1967754,  512000,  512000,  6552780],
['2014-07-08',   26427014,  7013580,  1967754,  512000,  512000,  6552780],
['2014-07-09',   26427014,  7013580,  1967754,  512000,  512000,  6552780],
['2014-07-10',   26427014,  7013580,  1967754,  512000,  512000,  6552780],
['2014-07-11',   26427014,  7320780,  1967754,  512000,  512000,  6552780],
['2014-07-12',   26427014,  7320780,  1967754,  512000,  512000,  6552780],
['2014-07-13',   26427014,  7320780,  1967754,  512000,  512000,  6552780],
['2014-07-14',   26427014,  7320780,  1967754,  512000,  512000,  6552780],
['2014-07-15',   26427014,  7320780,  1967754,  512000,  512000,  6552780],
['2014-07-16',   26427014,  7320780,  1967754,  512000,  512000,  6552780],
['2014-07-17',   26427014,  7320780,  1967754,  512000,  512000,  6552780],
['2014-07-18',   26427014,  7320780,  1967754,  512000,  512000,  6552780],
['2014-07-19',   26427014,  7320780,  1967754,  512000,  512000,  6552780],
['2014-07-20',   26427014,  7320780,  1967754,  512000,  512000,  6552780],
['2014-07-21',   26427014,  7320780,  1967754,  512000,  512000,  6552780],
['2014-07-22',   26427014,  7320780,  1967754,  512000,  512000,  6552780],
['2014-07-23',   26427014,  7320780,  1967754,  512000,  512000,  6552780],
['2014-07-24',   26427014,  7320780,  1967754,  512000,  512000,  6552780],
['2014-07-25',   26427014,  7320780,  1967754,  512000,  512000,  6552780],
['2014-07-26',   26427014,  7320780,  1967754,  512000,  512000,  6552780],
['2014-07-27',   26427014,  7320780,  1967754,  512000,  512000,  6552780],
['2014-07-28',   26427014,  7320780,  1967754,  512000,  512000,  6552780],
['2014-07-29',   26427014,  7320780,  1967754,  512000,  512000,  6552780],
['2014-07-30',   26427014,  7320780,  1967754,  512000,  512000,  6552780],
['2014-07-31',   26427014,  7320780,  1967754,  512000,  512000,  6552780],
['2014-08-01',   26427014,  7320780,  1967754,  512000,  512000,  6552780],
['2014-08-02',   26427014,  7320780,  1967754,  512000,  512000,  6552780],
['2014-08-03',   26427014,  7320780,  1967754,  512000,  512000,  6552780],
['2014-08-21',   26427014,  7320780,  1967754,  512000,  512000,  6552780],
['2014-08-22',   26427014,  7320780,  1967754,  512000,  512000,  6552780],
['2014-08-23',   26427014,  7320780,  1967754,  512000,  512000,  6552780],
['2014-08-24',   26427014,  7320780,  1967754,  512000,  512000,  6552780],
['2014-08-25',   26427014,  7320780,  1967754,  512000,  512000,  6552780],
['2014-08-26',   26427014,  7320780,  1967754,  512000,  512000,  6552780],
['2014-08-27',   26427014,  7320780,  1967754,  512000,  512000,  6552780],
['2014-08-28',   26427014,  7320780,  1967754,  512000,  512000,  6552780],
['2014-08-29',   26427014,  7320780,  1967754,  512000,  512000,  6552780],
['2014-08-30',   26427014,  7320780,  1967754,  512000,  512000,  6552780],
['2014-08-31',   26427014,  7320780,  1967754,  512000,  512000,  6552780],
['2014-09-01',   26427014,  7320780,  1967754,  512000,  512000,  6552780],
['2014-09-02',   26427014,  7320780,  1967754,  512000,  512000,  6552780],
['2014-09-03',   26427014,  7320780,  1967754,  512000,  512000,  6552780],
['2014-09-04',   26427014,  7320780,  1967754,  512000,  512000,  6552780],
['2014-09-05',   26427014,  7320780,  1967754,  512000,  512000,  6552780],
['2014-09-06',   26427014,  7320780,  1967754,  512000,  512000,  6552780],
['2014-09-07',   26427014,  7320780,  1967754,  512000,  512000,  6552780],
['2014-09-08',   26427014,  7320780,  1967754,  512000,  512000,  6552780],
['2014-09-09',   26427014,  7320780,  1967754,  512000,  512000,  6552780],
['2014-09-10',   26427014,  7320780,  1967754,  512000,  512000,  6552780],
['2014-09-11',   26427014,  7320780,  1967754,  512000,  512000,  6552780],
['2014-09-12',   26427014,  7320780,  1967754,  512000,  512000,  6552780],
['2014-09-13',   26427014,  7320780,  1967754,  512000,  512000,  6552780],
['2014-09-14',   26427014,  7320780,  1967754,  512000,  512000,  6552780],
['2014-09-15',   26427014,  7320780,  1967754,  512000,  512000,  6552780],
['2014-09-16',   26427014,  7320780,  1967754,  512000,  512000,  6552780],
['2014-09-17',   26427014,  7320780,  1967754,  512000,  512000,  6552780],
['2014-09-18',   26427014,  7320780,  1967754,  512000,  512000,  6552780],
['2014-09-19',   26427014,  7320780,  1967754,  512000,  512000,  6552780],
['2014-09-20',   26427014,  7320780,  1967754,  512000,  512000,  6552780],
['2014-09-21',   26427014,  7320780,  1967754,  512000,  512000,  6552780],
['2014-09-22',   26427014,  7320780,  1967754,  512000,  512000,  6552780],
['2014-09-23',   26427014,  7320780,  1967754,  512000,  512000,  6552780],
['2014-09-24',   26427014,  7320780,  1967754,  512000,  512000,  6552780],
['2014-09-25',   26427014,  7320780,  1967754,  512000,  512000,  6552780],
['2014-09-26',   26427014,  7320780,  1967754,  512000,  512000,  6552780],
['2014-09-27',   26427014,  7320780,  1967754,  512000,  512000,  6552780],
['2014-09-28',   26427014,  7320780,  1967754,  512000,  512000,  6552780],
['2014-09-29',   26427014,  7320780,  1967754,  512000,  512000,  6552780],
['2014-09-30',   26427014,  7320780,  1967754,  512000,  512000,  6552780],
['2014-10-01',   26427014,  7320780,  1967754,  512000,  512000,  6552780],
['2014-10-02',   26427014,  7320780,  1967754,  512000,  512000,  6552780],
['2014-10-03',   26427014,  7320780,  1967754,  512000,  512000,  6552780],
['2014-10-04',   26427014,  7320780,  1967754,  512000,  512000,  6552780],
['2014-10-05',   26427014,  7320780,  1967754,  512000,  512000,  6552780],
['2014-10-06',   26427014,  7320780,  1967754,  512000,  512000,  6552780],
['2014-10-07',   26427014,  7320780,  1967754,  512000,  512000,  6552780],
['2014-10-08',   27526328,  7320780,  1967754,  512000,  512000,  6552780],
['2014-10-09',   27526328,  7320780,  1967754,  512000,  512000,  6552780],
['2014-10-10',   27526328,  7320780,  1967754,  512000,  512000,  6552780],
['2014-10-11',   27526328,  7320780,  1967754,  512000,  512000,  6552780],
['2014-10-12',   27526328,  7320780,  1967754,  512000,  512000,  6552780],
['2014-10-13',   27526328,  7320780,  1967754,  512000,  512000,  6552780],
['2014-10-14',   27526328,  7320780,  1967754,  512000,  512000,  6552780],
['2014-10-15',   27526328,  7320780,  1967754,  512000,  512000,  6552780],
['2014-10-16',   27526328,  7320780,  1967754,  512000,  512000,  6552780],
['2014-10-17',   27526328,  7320780,  1967754,  512000,  512000,  6552780],
['2014-10-18',   27526328,  7320780,  1967754,  512000,  512000,  6552780],
['2014-10-19',   27526328,  7320780,  1967754,  512000,  512000,  6552780],
['2014-10-20',   27526328,  7320780,  1967754,  512000,  512000,  6552780],
['2014-10-21',   27526328,  7320780,  1967754,  512000,  512000,  6552780],
['2014-10-22',   27526328,  7320780,  1967754,  512000,  512000,  6552780],
['2014-10-23',   27526328,  7320780,  1967754,  512000,  512000,  6552780],
['2014-10-24',   27526328,  7320780,  2071320,  512000,  512000,  6552780],
['2014-10-25',   27526328,  7320780,  2071320,  512000,  512000,  6552780],
['2014-10-26',   27526328,  7320780,  2071320,  512000,  512000,  6552780],
['2014-10-27',   27526328,  7320780,  2071320,  512000,  512000,  6552780],
['2014-10-28',   27526328,  7320780,  2071320,  512000,  512000,  6552780],
['2014-10-29',   27526328,  7320780,  2071320,  512000,  512000,  6552780],
['2014-10-30',   27526328,  7320780,  2071320,  512000,  512000,  6552780],
['2014-10-31',   27526328,  7320780,  2071320,  512000,  512000,  6552780],
['2014-11-01',   27526328,  7320780,  2071320,  512000,  512000,  6552780],
['2014-11-02',   27526328,  7320780,  2071320,  512000,  512000,  6552780],
['2014-11-03',   27526328,  7320780,  2071320,  512000,  512000,  6552780],
['2014-11-04',   27526328,  7320780,  2071320,  512000,  512000,  6552780],
['2014-11-05',   27526328,  7320780,  2071320,  512000,  512000,  6552780],
['2014-11-06',   27526328,  7320780,  2071320,  512000,  512000,  6552780],
['2014-11-07',   27526328,  7320780,  2071320,  512000,  512000,  6552780],
['2014-11-08',   27526328,  7320780,  2071320,  512000,  512000,  6552780],
['2014-11-09',   27526328,  7320780,  2071320,  512000,  512000,  6552780],
['2014-11-10',   27526328,  7320780,  2071320,  512000,  512000,  6552780],
['2014-11-11',   27526328,  7320780,  2071320,  512000,  512000,  6552780],
['2014-11-12',   27526328,  7320780,  2071320,  512000,  512000,  6552780],
['2014-11-13',   27526328,  7320780,  2071320,  512000,  512000,  6552780],
['2014-11-14',   27526328,  7320780,  2071320,  512000,  512000,  6552780],
['2014-11-15',   27526328,  7320780,  2071320,  512000,  512000,  6552780],
['2014-11-16',   27526328,  7320780,  2071320,  512000,  512000,  6552780],
['2014-11-17',   27526328,  7320780,  2071320,  512000,  512000,  6552780],
['2014-11-18',   27526328,  7320780,  2071320,  512000,  512000,  6552780],
['2014-11-19',   27526328,  7320780,  2071320,  512000,  512000,  6552780],
['2014-11-20',   27526328,  7320780,  2071320,  512000,  512000,  6552780],
['2014-11-21',   27526328,  7320780,  2071320,  512000,  512000,  6552780],
['2014-11-22',   27526328,  7320780,  2071320,  512000,  512000,  6552780],
['2014-11-23',   27526328,  7320780,  2071320,  512000,  512000,  6552780],
['2014-11-24',   27526328,  7320780,  2071320,  512000,  512000,  6552780],
['2014-11-25',   27526328,  7320780,  2071320,  512000,  512000,  6552780],
['2014-11-26',   27526328,  7320780,  2071320,  512000,  512000,  6552780],
['2014-11-27',   27526328,  7320780,  2071320,  512000,  512000,  6552780],
['2014-11-28',   27526328,  7320780,  2071320,  512000,  512000,  6552780],
['2014-11-29',   27526328,  7320780,  2071320,  512000,  512000,  6552780],
['2014-11-30',   27526328,  7320780,  2071320,  512000,  512000,  6552780],
['2014-12-01',   27526328,  7320780,  2071320,  512000,  512000,  6552780],
['2014-12-02',   27526328,  7320780,  2071320,  512000,  512000,  6552780],
['2014-12-03',   27526328,  7320780,  2071320,  512000,  512000,  6552780],
['2014-12-04',   27526328,  7320780,  2071320,  512000,  512000,  6552780],
['2014-12-05',   27526328,  7320780,  2071320,  512000,  512000,  6552780],
['2014-12-06',   27526328,  7320780,  2071320,  512000,  512000,  6552780],
['2014-12-07',   27526328,  7320780,  2071320,  512000,  512000,  6552780],
['2014-12-08',   27526328,  7320780,  2071320,  512000,  512000,  6552780],
['2014-12-09',   27526328,  7320780,  2071320,  512000,  512000,  6552780],
['2014-12-10',   27526328,  7320780,  2071320,  512000,  512000,  6552780],
['2014-12-11',   27526328,  7320780,  2071320,  512000,  512000,  6552780],
['2014-12-12',   27526328,  7320780,  2071320,  512000,  512000,  6552780],
['2014-12-13',   27526328,  7320780,  2071320,  512000,  512000,  6552780],
['2014-12-14',   27526328,  7320780,  2071320,  512000,  512000,  6552780],
['2014-12-15',   27526328,  7320780,  2071320,  512000,  512000,  6552780],
['2014-12-16',   27526328,  7320780,  2071320,  512000,  512000,  6552780],
['2014-12-17',   27526328,  7320780,  2071320,  512000,  512000,  6552780],
['2014-12-18',   27526328,  7320780,  2071320,  512000,  512000,  6552780],
['2014-12-19',   27526328,  7320780,  2071320,  512000,  512000,  6552780],
['2014-12-20',   27526328,  7320780,  2071320,  512000,  512000,  6552780],
['2014-12-21',   27526328,  7320780,  2071320,  512000,  512000,  6552780],
['2014-12-22',   27526328,  7320780,  2071320,  512000,  512000,  6552780],
['2014-12-23',   27526328,  7320780,  2071320,  512000,  512000,  6552780],
['2014-12-24',   27526328,  7320780,  2071320,  512000,  512000,  6552780],
['2014-12-25',   27526328,  7320780,  2071320,  512000,  512000,  6552780],
['2014-12-26',   27526328,  7320780,  2071320,  512000,  512000,  6552780],
['2014-12-27',   27526328,  7320780,  2071320,  512000,  512000,  6552780],
['2014-12-28',   27526328,  7320780,  2071320,  512000,  512000,  6552780],
['2014-12-29',   27526328,  7320780,  2071320,  512000,  512000,  6552780],
['2014-12-30',   27526328,  7320780,  2071320,  512000,  512000,  6552780],
['2014-12-31',   27526328,  7320780,  2071320,  512000,  512000,  6552780],
['2015-01-01',   27526328,  7320780,  2071320,  512000,  512000,  6552780],
['2015-01-02',   27526328,  7320780,  2071320,  512000,  512000,  6552780],
['2015-01-03',   27526328,  7320780,  2071320,  512000,  512000,  6552780],
['2015-01-04',   27526328,  7320780,  2071320,  719132,  719132,  6552780],
['2015-01-05',   27526328,  7320780,  2071320,  719132,  719132,  6552780],
['2015-01-06',   27526328,  7320780,  2071320,  719132,  719132,  6552780],
['2015-01-07',   27526328,  7320780,  2071320,  719132,  719132,  6552780],
['2015-01-08',   27526328,  7320780,  2071320,  719132,  1444094,  6552780],
['2015-01-09',   27526328,  7320780,  2071320,  719132,  1444094,  6552780],
['2015-01-10',   27526328,  7320780,  2071320,  719132,  1444094,  6552780],
['2015-01-11',   27526328,  7320780,  2071320,  719132,  1444094,  6552780],
['2015-01-12',   27526328,  7320780,  2071320,  719132,  1444094,  6552780],
['2015-01-13',   27526328,  7320780,  2071320,  719132,  1444094,  6552780],
['2015-01-14',   27526328,  7320780,  2071320,  719132,  1444094,  6552780],
['2015-01-15',   27526328,  7320780,  2071320,  719132,  724962,  6552780],
['2015-01-16',   27526328,  7320780,  2071320,  719132,  724962,  6552780],
['2015-01-17',   27526328,  7320780,  2071320,  719132,  724962,  6552780],
['2015-01-18',   27526328,  7320780,  2071320,  719132,  724962,  6552780],
['2015-01-19',   27526328,  7320780,  2071320,  719132,  724962,  6552780],
['2015-01-20',   27526328,  7320780,  2071320,  719132,  724962,  6552780],
['2015-01-21',   27526328,  7320780,  2174886,  719132,  724962,  6552780],
['2015-01-22',   27526328,  7320780,  2174886,  719132,  724962,  6552780],
['2015-01-23',   27526328,  7320780,  2174886,  719132,  724962,  6552780],
['2015-01-24',   27526328,  7320780,  2174886,  719132,  724962,  6552780],
['2015-01-25',   27526328,  7320780,  2174886,  719132,  724962,  6552780],
['2015-01-26',   27526328,  7320780,  2174886,  719132,  724962,  6552780],
['2015-01-27',   27526328,  7320780,  2174886,  719132,  724962,  6552780],
['2015-01-28',   27526328,  7320780,  2174886,  719132,  724962,  6552780],
['2015-01-29',   27526328,  7320780,  2174886,  719132,  724962,  6552780],
['2015-01-30',   27526328,  7320780,  2174886,  719132,  724962,  6552780],
['2015-01-31',   27526328,  7320780,  2174886,  719132,  724962,  6552780],
['2015-02-01',   27526328,  7320780,  2174886,  719132,  724962,  6552780],
['2015-02-02',   27526328,  7320780,  2174886,  719132,  724962,  6552780],
['2015-02-03',   27526328,  7320780,  2174886,  719132,  724962,  6552780],
['2015-02-04',   27526328,  7320780,  2174886,  719132,  724962,  6552780],
['2015-02-05',   27526328,  7320780,  2174886,  719132,  724962,  6552780],
['2015-02-06',   27526328,  7320780,  2174886,  719132,  724962,  6552780],
['2015-02-07',   27526328,  7320780,  2174886,  719132,  724962,  6552780],
['2015-02-08',   27526328,  7320780,  2174886,  719132,  724962,  6552780],
['2015-02-09',   27526328,  7320780,  2174886,  719132,  724962,  6552780],
['2015-02-10',   27526328,  7320780,  2174886,  719132,  724962,  6552780],
['2015-02-11',   27526328,  7320780,  2174886,  719132,  724962,  6552780],
['2015-02-12',   27526328,  7320780,  2174886,  719132,  724962,  6552780],
['2015-02-13',   27526328,  7320780,  2174886,  719132,  724962,  6552780],
['2015-02-14',   27526328,  7320780,  2174886,  719132,  724962,  6552780],
['2015-02-15',   27526328,  7320780,  2174886,  719132,  724962,  6552780],
['2015-02-16',   27526328,  7320780,  2174886,  719132,  724962,  6552780],
['2015-02-17',   27526328,  7320780,  2174886,  719132,  724962,  6552780],
['2015-02-18',   27526328,  7320780,  2174886,  719132,  724962,  6552780],
['2015-02-19',   27526328,  7320780,  2174886,  719132,  724962,  6552780],
['2015-02-20',   27526328,  7320780,  2174886,  719132,  724962,  6552780],
['2015-02-21',   27526328,  7320780,  2174886,  719132,  724962,  6552780],
['2015-02-22',   27526328,  7320780,  2174886,  719132,  724962,  6552780],
['2015-02-23',   27526328,  7320780,  2174886,  719132,  724962,  6552780],
['2015-02-24',   27526328,  7320780,  2174886,  719132,  724962,  6552780],
['2015-02-25',   27526328,  7320780,  2174886,  719132,  724962,  6552780],
['2015-02-26',   27526328,  7320780,  2174886,  719132,  724962,  6552780],
['2015-02-27',   27526328,  7320780,  2174886,  719132,  724962,  6552780],
['2015-02-28',   27526328,  7320780,  2278452,  719132,  724962,  6552780],
['2015-03-01',   27526328,  7320780,  2278452,  719132,  724962,  6552780],
['2015-03-02',   27526328,  7320780,  2278452,  719132,  724962,  6552780],
['2015-03-03',   27526328,  7320780,  2278452,  719132,  724962,  6552780],
['2015-03-04',   27526328,  7320780,  2278452,  719132,  724962,  6552780],
['2015-03-05',   27526328,  7320780,  2278452,  719132,  724962,  6552780],
['2015-03-06',   27526328,  7320780,  2278452,  719132,  724962,  6552780],
['2015-03-07',   27526328,  7320780,  2278452,  719132,  724962,  6552780],
['2015-03-08',   27526328,  7320780,  2278452,  719132,  724962,  6552780],
['2015-03-09',   27526328,  7320780,  2278452,  719132,  724962,  6552780],
['2015-03-10',   27526328,  7320780,  2278452,  719132,  724962,  6552780],
['2015-03-11',   27526328,  7320780,  2278452,  719132,  724962,  6552780],
['2015-03-12',   27526328,  7320780,  2278452,  719132,  724962,  6552780],
['2015-03-13',   27526328,  7320780,  2278452,  719132,  724962,  6552780],
['2015-03-14',   27526328,  7320780,  2278452,  719132,  724962,  6552780],
['2015-03-15',   27526328,  7320780,  2278452,  719132,  724962,  6552780],
['2015-03-16',   27526328,  7320780,  2278452,  719132,  724962,  6552780],
['2015-03-17',   27526328,  7320780,  2278452,  719132,  724962,  6552780],
['2015-03-18',   27526328,  7320780,  2278452,  719132,  724962,  6552780],
['2015-03-19',   27526328,  7320780,  2278452,  719132,  724962,  6552780],
['2015-03-20',   27526328,  7320780,  2278452,  719132,  724962,  6552780],
['2015-03-21',   27526328,  7320780,  2278452,  719132,  724962,  6552780],
['2015-03-22',   27526328,  7320780,  2278452,  719132,  724962,  6552780],
['2015-03-23',   27526328,  7320780,  2278452,  719132,  724962,  6552780],
['2015-03-24',   27526328,  7320780,  2278452,  719132,  724962,  6552780],
['2015-03-25',   27526328,  7320780,  2278452,  719132,  724962,  6552780],
['2015-03-26',   27526328,  7320780,  2278452,  719132,  724962,  6552780],
['2015-03-27',   27526328,  7320780,  2278452,  719132,  724962,  6552780],
['2015-03-28',   27526328,  7320780,  2278452,  719132,  724962,  6552780],
['2015-03-29',   27526328,  7320780,  2278452,  719132,  724962,  6552780],
['2015-03-30',   27526328,  7320780,  2278452,  719132,  724962,  6552780],
['2015-03-31',   27526328,  7320780,  2278452,  719132,  724962,  6552780],
['2015-04-01',   27526328,  7320780,  2278452,  719132,  724962,  6552780],
['2015-04-02',   27526328,  7320780,  2278452,  719132,  724962,  6552780],
['2015-04-03',   27526328,  7320780,  2278452,  719132,  724962,  6552780],
['2015-04-04',   27526328,  7320780,  2278452,  719132,  724962,  6552780],
['2015-04-05',   27526328,  7320780,  2278452,  719132,  724962,  6552780],
['2015-04-06',   27526328,  7320780,  2278452,  719132,  724962,  6552780],
['2015-04-07',   27526328,  7320780,  2278452,  719132,  724962,  6552780],
['2015-04-08',   27526328,  7320780,  2278452,  719132,  724962,  6552780],
['2015-04-09',   27526328,  7320780,  2278452,  719132,  724962,  6552780],
['2015-04-10',   27526328,  7320780,  2382018,  719132,  724962,  6552780],
['2015-04-11',   27526328,  7320780,  2382018,  719132,  724962,  6552780],
['2015-04-12',   27526328,  7320780,  2382018,  719132,  724962,  6552780],
['2015-04-13',   27526328,  7320780,  2382018,  719132,  724962,  6552780],
['2015-04-14',   27526328,  7320780,  2382018,  719132,  724962,  6552780],
['2015-04-15',   27526328,  7320780,  2382018,  719132,  724962,  6552780],
['2015-04-16',   27526328,  7320780,  2382018,  719132,  724962,  6552780],
['2015-04-17',   27526328,  7320780,  2382018,  719132,  724962,  6552780],
['2015-04-18',   27526328,  7320780,  2382018,  719132,  724962,  6552780],
['2015-04-19',   27526328,  7320780,  2382018,  719132,  724962,  6552780],
['2015-04-20',   27526328,  7320780,  2382018,  719132,  724962,  6552780],
['2015-04-21',   27526328,  7320780,  2382018,  719132,  724962,  6552780],
['2015-04-22',   27526328,  7320780,  2382018,  719132,  724962,  6552780],
['2015-04-23',   27526328,  7320780,  2382018,  719132,  724962,  6552780],
['2015-04-24',   27526328,  7320780,  2382018,  719132,  724962,  6552780],
['2015-04-25',   27526328,  7320780,  2382018,  719132,  724962,  6552780],
['2015-04-26',   27526328,  7320780,  2382018,  719132,  724962,  6552780],
['2015-04-27',   27526328,  7320780,  2382018,  719132,  724962,  6552780],
['2015-04-28',   27526328,  7320780,  2382018,  719132,  724962,  6552780],
['2015-04-29',   27526328,  7320780,  2382018,  719132,  724962,  6552780],
['2015-04-30',   27526328,  7320780,  2382018,  719132,  724962,  6552780],
['2015-05-01',   27526328,  7320780,  2382018,  857222,  724962,  6552780],
['2015-05-02',   27526328,  7320780,  2382018,  857222,  724962,  6552780],
['2015-05-03',   27526328,  7320780,  2382018,  857222,  724962,  6552780],
['2015-05-04',   27526328,  7320780,  2382018,  857222,  724962,  6552780],
['2015-05-05',   27526328,  7320780,  2382018,  857222,  724962,  6552780],
['2015-05-06',   27526328,  7320780,  2382018,  857222,  724962,  6552780],
['2015-05-07',   27526328,  7320780,  2382018,  857222,  724962,  6552780],
['2015-05-08',   27526328,  7320780,  2382018,  857222,  724962,  6552780],
['2015-05-09',   27526328,  7320780,  2382018,  857222,  724962,  6552780],
['2015-05-10',   27526328,  7320780,  2382018,  857222,  724962,  6552780],
['2015-05-11',   27526328,  7320780,  2382018,  857222,  724962,  6552780],
['2015-05-12',   27526328,  7320780,  2382018,  857222,  724962,  6552780],
['2015-05-13',   27526328,  7320780,  2382018,  719132,  724962,  6552780],
['2015-05-14',   27526328,  7320780,  2382018,  719132,  724962,  6552780],
['2015-05-15',   27526328,  7320780,  2382018,  719132,  724962,  6552780],
['2015-05-16',   27526328,  7320780,  2382018,  719132,  724962,  6552780],
['2015-05-17',   27526328,  7320780,  2382018,  719132,  724962,  6552780],
['2015-05-18',   27526328,  7320780,  2382018,  719132,  724962,  6552780],
['2015-05-19',   27526328,  7320780,  2382018,  719132,  724962,  6552780],
['2015-05-20',   27526328,  7320780,  2382018,  719132,  724962,  6552780],
['2015-05-21',   27526328,  7320780,  2382018,  719132,  724962,  6552780],
['2015-05-22',   27526328,  7320780,  2382018,  719132,  724962,  6552780],
['2015-05-23',   27526328,  7320780,  2382018,  719132,  724962,  6552780],
['2015-05-24',   27526328,  7320780,  2382018,  719132,  724962,  6552780],
['2015-05-25',   27526328,  7320780,  2382018,  719132,  724962,  6552780],
['2015-05-26',   27526328,  7320780,  2382018,  719132,  724962,  6552780],
['2015-05-27',   27526328,  7320780,  2382018,  719132,  724962,  6552780],
['2015-05-28',   27526328,  7320780,  2382018,  719132,  724962,  6552780],
['2015-05-29',   27526328,  7320780,  2382018,  719132,  724962,  6552780],
['2015-05-30',   27526328,  7320780,  2382018,  719132,  724962,  6552780],
['2015-05-31',   27526328,  7320780,  2382018,  719132,  724962,  6552780],
['2015-06-01',   27526328,  7320780,  2382018,  719132,  724962,  6552780],
['2015-06-02',   27526328,  7320780,  2382018,  719132,  724962,  6552780],
['2015-06-03',   28075985,  7320780,  2382018,  719132,  724962,  6552780],
['2015-06-04',   28075985,  7320780,  2382018,  719132,  724962,  6552780],
['2015-06-05',   28075985,  7320780,  2382018,  719132,  724962,  6552780],
['2015-06-06',   28075985,  7320780,  2382018,  719132,  724962,  6552780],
['2015-06-07',   28075985,  7320780,  2382018,  719132,  724962,  6552780],
['2015-06-08',   28075985,  7320780,  2382018,  719132,  724962,  6552780],
['2015-06-09',   28075985,  7320780,  2382018,  719132,  724962,  6552780],
['2015-06-10',   28075985,  7320780,  2382018,  719132,  724962,  6552780],
['2015-06-11',   28075985,  7320780,  2382018,  719132,  724962,  6552780],
['2015-06-12',   28075985,  7320780,  2382018,  719132,  724962,  6552780],
['2015-06-13',   28075985,  7320780,  2382018,  719132,  724962,  6552780],
['2015-06-14',   28075985,  7320780,  2382018,  719132,  724962,  6552780],
['2015-06-15',   28075985,  7320780,  2382018,  719132,  724962,  6552780],
['2015-06-16',   28075985,  7320780,  2382018,  719132,  724962,  6552780],
['2015-06-17',   28075985,  7320780,  2485584,  719132,  724962,  6552780],
['2015-06-18',   28075985,  7320780,  2485584,  719132,  724962,  6552780],
['2015-06-19',   28075985,  7320780,  2485584,  719132,  724962,  6552780],
['2015-06-20',   28075985,  7320780,  2485584,  719132,  724962,  6552780],
['2015-06-21',   28075985,  7320780,  2485584,  719132,  724962,  6552780],
['2015-06-22',   28075985,  7320780,  2485584,  719132,  724962,  6552780],
['2015-06-23',   28075985,  7320780,  2485584,  719132,  724962,  6552780],
['2015-06-24',   28075985,  7320780,  2485584,  719132,  724962,  6552780],
['2015-06-25',   28075985,  7320780,  2485584,  719132,  724962,  6552780],
['2015-06-26',   28075985,  7320780,  2485584,  719132,  724962,  6552780],
['2015-06-27',   28075985,  7320780,  2485584,  719132,  724962,  6552780],
['2015-06-28',   28075985,  7320780,  2485584,  719132,  724962,  6552780],
['2015-06-29',   28075985,  7320780,  2485584,  719132,  724962,  6552780],
['2015-06-30',   28075985,  7320780,  2485584,  719132,  724962,  6552780],
['2015-07-01',   28075985,  7320780,  2485584,  719132,  724962,  6552780],
['2015-07-02',   28075985,  7320780,  2485584,  719132,  724962,  6552780],
['2015-07-03',   28075985,  7320780,  2485584,  719132,  724962,  6552780],
['2015-07-04',   28075985,  7320780,  2485584,  719132,  724962,  6552780],
['2015-07-05',   28075985,  7320780,  2485584,  719132,  724962,  6552780],
['2015-07-06',   28075985,  7320780,  2485584,  719132,  724962,  6552780],
['2015-07-07',   28075985,  7320780,  2485584,  719132,  724962,  6552780],
['2015-07-08',   28075985,  7320780,  2485584,  719132,  724962,  6552780],
['2015-07-09',   28075985,  7320780,  2485584,  719132,  724962,  6552780],
['2015-07-10',   28075985,  7320780,  2485584,  719132,  724962,  6552780],
['2015-07-11',   28075985,  7320780,  2485584,  719132,  724962,  6552780],
['2015-07-12',   28075985,  7320780,  2485584,  719132,  724962,  6552780],
['2015-07-13',   28075985,  7320780,  2485584,  719132,  724962,  6552780],
['2015-07-14',   28075985,  7320780,  2485584,  719132,  724962,  6552780],
['2015-07-15',   28075985,  7320780,  2485584,  719132,  724962,  6552780],
['2015-07-16',   28075985,  7320780,  2485584,  719132,  724962,  6552780],
['2015-07-17',   28075985,  7320780,  2485584,  719132,  724962,  6552780],
['2015-07-18',   28075985,  7320780,  2485584,  719132,  724962,  6552780],
['2015-07-19',   28075985,  7320780,  2485584,  719132,  724962,  6552780],
['2015-07-20',   28075985,  7320780,  2485584,  719132,  724962,  6552780],
['2015-07-21',   28075985,  7320780,  2485584,  719132,  724962,  6552780],
['2015-07-22',   28075985,  7320780,  2485584,  719132,  724962,  6552780],
['2015-07-23',   28075985,  7320780,  2485584,  719132,  724962,  6552780],
['2015-07-24',   28075985,  7320780,  2485584,  719132,  724962,  6552780],
['2015-07-25',   28075985,  7320780,  2485584,  719132,  724962,  6552780],
['2015-07-26',   28075985,  7320780,  2485584,  719132,  724962,  6552780],
['2015-07-27',   28075985,  7320780,  2485584,  719132,  724962,  6552780],
['2015-07-28',   28075985,  7320780,  2485584,  719132,  724962,  6552780],
['2015-07-29',   28075985,  7320780,  2485584,  719132,  724962,  6552780],
['2015-07-30',   28075985,  7320780,  2485584,  719132,  724962,  6552780],
['2015-07-31',   28075985,  7320780,  2485584,  719132,  724962,  6552780],
['2015-08-01',   28075985,  7320780,  2485584,  719132,  724962,  6552780],
['2015-08-02',   28075985,  7320780,  2485584,  719132,  724962,  6552780],
['2015-08-03',   28075985,  7320780,  2485584,  719132,  724962,  6552780],
['2015-08-04',   28075985,  7320780,  2485584,  719132,  724962,  6552780],
['2015-08-05',   28075985,  7320780,  2589150,  719132,  724962,  6552780],
['2015-08-06',   28075985,  7320780,  2589150,  719132,  724962,  6552780],
['2015-08-07',   28075985,  7320780,  2589150,  719132,  724962,  6552780],
['2015-08-08',   28075985,  7320780,  2589150,  719132,  724962,  6552780],
['2015-08-09',   28075985,  7320780,  2589150,  719132,  724962,  6552780],
['2015-08-10',   28075985,  7320780,  2589150,  719132,  724962,  6552780],
['2015-08-11',   28075985,  7320780,  2589150,  719132,  724962,  6552780],
['2015-08-12',   28075985,  7320780,  2589150,  719132,  724962,  6552780],
['2015-08-13',   28075985,  7320780,  2589150,  719132,  724962,  6552780],
['2015-08-14',   28075985,  7320780,  2589150,  719132,  724962,  6552780],
['2015-08-15',   28075985,  7320780,  2589150,  719132,  724962,  6552780],
['2015-08-16',   28075985,  7320780,  2589150,  719132,  724962,  6552780],
['2015-08-17',   28075985,  7320780,  2589150,  719132,  724962,  6552780],
['2015-08-18',   28075985,  7320780,  2589150,  719132,  724962,  6552780],
['2015-08-19',   28075985,  7320780,  2589150,  719132,  724962,  6552780],
['2015-08-20',   28075985,  7320780,  2589150,  719132,  724962,  6552780],
['2015-08-21',   28075985,  7320780,  2589150,  719132,  724962,  6552780],
['2015-08-22',   28075985,  7320780,  2589150,  719132,  724962,  6552780],
['2015-08-23',   28075985,  7320780,  2589150,  719132,  724962,  6552780],
['2015-08-24',   28075985,  7320780,  2589150,  719132,  724962,  6552780],
['2015-08-25',   28075985,  7320780,  2589150,  719132,  724962,  6552780],
['2015-08-26',   28075985,  7320780,  2589150,  719132,  724962,  6552780],
['2015-08-27',   28075985,  7320780,  2589150,  719132,  724962,  6552780],
['2015-08-28',   28075985,  7320780,  2589150,  719132,  724962,  6552780],
['2015-08-29',   28075985,  7320780,  2589150,  719132,  724962,  6552780],
['2015-08-30',   28075985,  7320780,  2589150,  719132,  724962,  6552780],
['2015-08-31',   28075985,  7320780,  2589150,  719132,  724962,  6552780],
['2015-09-01',   28075985,  7320780,  2589150,  719132,  724962,  6552780],
['2015-09-02',   28075985,  7320780,  2589150,  719132,  724962,  6552780],
['2015-09-03',   28075985,  7320780,  2589150,  719132,  724962,  6552780],
['2015-09-04',   28075985,  7320780,  2589150,  719132,  724962,  6552780],
['2015-09-05',   28075985,  7320780,  2589150,  719132,  724962,  6552780],
['2015-09-06',   28075985,  7320780,  2589150,  719132,  724962,  6552780],
['2015-09-07',   28075985,  7320780,  2589150,  719132,  724962,  6552780],
['2015-09-08',   28075985,  7320780,  2589150,  719132,  724962,  6552780],
['2015-09-09',   28075985,  7320780,  2589150,  719132,  724962,  6552780],
['2015-09-10',   28075985,  7320780,  2589150,  719132,  724962,  6552780],
['2015-09-11',   28075985,  7320780,  2589150,  719132,  724962,  6552780],
['2015-09-12',   28075985,  7320780,  2589150,  719132,  724962,  6552780],
['2015-09-13',   28075985,  7320780,  2589150,  719132,  724962,  6552780],
['2015-09-14',   28075985,  7320780,  2589150,  719132,  724962,  6552780],
['2015-09-15',   28075985,  7320780,  2589150,  719132,  724962,  6552780],
['2015-09-16',   28075985,  6552780,  2589150,  719132,  724962,  6552780],
['2015-09-17',   28075985,  6552780,  2589150,  719132,  724962,  6552780],
['2015-09-18',   28075985,  6552780,  2589150,  719132,  724962,  6552780],
['2015-09-19',   28075985,  6552780,  2899848,  719132,  724962,  6552780],
['2015-09-20',   28075985,  6552780,  2899848,  719132,  724962,  6552780],
['2015-09-21',   28075985,  6552780,  2899848,  719132,  724962,  6552780],
['2015-09-22',   28075985,  6552780,  2899848,  719132,  724962,  6552780],
['2015-09-23',   28075985,  6552780,  2899848,  719132,  724962,  6552780],
['2015-09-24',   28075985,  6552780,  2899848,  719132,  724962,  6552780],
['2015-09-25',   28075985,  6552780,  2899848,  719132,  724962,  6552780],
['2015-09-26',   28075985,  6552780,  2899848,  719132,  724962,  6552780],
['2015-09-27',   28075985,  6552780,  2899848,  719132,  724962,  6552780],
['2015-09-28',   28075985,  6552780,  2899848,  719132,  724962,  6552780],
['2015-09-29',   28075985,  6552780,  2899848,  719132,  724962,  6552780],
['2015-09-30',   28075985,  6552780,  2899848,  719132,  724962,  6552780],
['2015-10-01',   28075985,  6552780,  2899848,  719132,  724962,  6552780],
['2015-10-02',   28075985,  6552780,  2899848,  719132,  724962,  6552780],
['2015-10-03',   28075985,  6552780,  2899848,  719132,  724962,  6552780],
['2015-10-04',   28075985,  6552780,  2899848,  719132,  724962,  6552780],
['2015-10-05',   28075985,  6552780,  2899848,  719132,  724962,  6552780],
['2015-10-06',   28075985,  6552780,  2899848,  719132,  724962,  6552780],
['2015-10-07',   28075985,  6552780,  2899848,  719132,  724962,  6552780],
['2015-10-08',   28075985,  6552780,  2899848,  719132,  724962,  6552780],
['2015-10-09',   28075985,  6552780,  2899848,  719132,  724962,  6552780],
['2015-10-10',   28075985,  6552780,  2899848,  719132,  724962,  6552780],
['2015-10-11',   28075985,  6552780,  2899848,  719132,  724962,  6552780],
['2015-10-12',   28075985,  6552780,  2899848,  719132,  724962,  6552780],
['2015-10-13',   28075985,  6552780,  2899848,  719132,  724962,  6552780],
['2015-10-14',   28075985,  6552780,  2899848,  719132,  724962,  6552780],
['2015-10-15',   28075985,  6552780,  2899848,  719132,  724962,  6552780],
['2015-10-16',   28075985,  6552780,  2899848,  719132,  724962,  6552780],
['2015-10-17',   28075985,  6552780,  2899848,  719132,  724962,  6552780],
['2015-10-18',   28075985,  6552780,  2899848,  719132,  724962,  6552780],
['2015-10-19',   28075985,  6552780,  2899848,  719132,  724962,  6552780],
['2015-10-20',   28075985,  6552780,  2899848,  719132,  724962,  6552780],
['2015-10-21',   28075985,  6552780,  2899848,  719132,  724962,  6552780],
['2015-10-22',   28075985,  6552780,  2899848,  719132,  724962,  6552780],
['2015-10-23',   28075985,  6552780,  2899848,  719132,  724962,  6552780],
['2015-10-24',   28625642,  6552780,  2899848,  719132,  724962,  6552780],
['2015-10-25',   28625642,  6552780,  2899848,  719132,  724962,  6552780],
['2015-10-26',   28625642,  6552780,  2899848,  719132,  724962,  6552780],
['2015-10-27',   28625642,  6552780,  2899848,  719132,  724962,  6552780],
['2015-10-28',   28625642,  6552780,  2899848,  719132,  724962,  6552780],
['2015-10-29',   28625642,  6552780,  2899848,  719132,  724962,  6552780],
['2015-10-30',   28625642,  6552780,  2899848,  719132,  724962,  6552780],
['2015-10-31',   28625642,  6552780,  2899848,  719132,  724962,  6552780],
['2015-11-01',   28625642,  6552780,  2899848,  719132,  724962,  6552780],
['2015-11-02',   28625642,  6552780,  2899848,  719132,  724962,  6552780],
['2015-11-03',   28625642,  6552780,  2899848,  719132,  724962,  6552780],
['2015-11-04',   28625642,  6552780,  2899848,  719132,  724962,  6552780],
['2015-11-05',   28625642,  6552780,  2899848,  719132,  724962,  6552780],
['2015-11-06',   28625642,  6552780,  2899848,  719132,  724962,  6552780],
['2015-11-07',   28625642,  6552780,  2899848,  719132,  724962,  6552780],
['2015-11-08',   28625642,  6552780,  2899848,  719132,  724962,  6552780],
['2015-11-09',   28625642,  6552780,  2899848,  719132,  724962,  6552780],
['2015-11-10',   28625642,  6552780,  2899848,  719132,  724962,  6552780],
['2015-11-14',   28625642,  6552780,  2899848,  719132,  724962,  6552780],
['2015-11-15',   28625642,  6552780,  2899848,  719132,  724962,  6552780],
['2015-11-16',   28625642,  6552780,  2899848,  719132,  724962,  6552780],
['2015-11-17',   28625642,  6552780,  2899848,  719132,  724962,  6552780],
['2015-11-18',   28625642,  6552780,  2899848,  719132,  724962,  6552780],
['2015-11-19',   28625642,  6552780,  2899848,  719132,  724962,  6552780],
['2015-11-20',   28625642,  6552780,  2899848,  719132,  724962,  6552780],
['2015-11-21',   28625642,  6552780,  2899848,  719132,  724962,  6552780],
['2015-11-22',   28625642,  6552780,  2899848,  719132,  724962,  6552780],
['2015-11-23',   28625642,  6552780,  2899848,  719132,  724962,  6552780],
['2015-11-24',   28625642,  6552780,  2899848,  719132,  724962,  6552780],
['2015-11-25',   28738282,  6552780,  2899848,  719132,  724962,  6552780],
['2015-11-26',   28738282,  6552780,  2899848,  719132,  724962,  6552780],
['2015-11-27',   28738282,  6552780,  2899848,  719132,  724962,  6552780],
['2015-11-28',   28738282,  6552780,  2899848,  719132,  724962,  6552780],
['2015-11-29',   28738282,  6552780,  2899848,  719132,  724962,  6552780],
['2015-11-30',   28738282,  6552780,  2899848,  719132,  724962,  6552780],
['2015-12-01',   28738282,  6552780,  2899848,  719132,  724962,  6552780],
['2015-12-02',   28738282,  6552780,  2899848,  719132,  724962,  6552780],
['2015-12-03',   28738282,  6552780,  2899848,  719132,  724962,  6552780],
['2015-12-04',   28738282,  6552780,  3106980,  719132,  724962,  6552780],
['2015-12-05',   28738282,  6552780,  3106980,  719132,  724962,  6552780],
['2015-12-06',   28738282,  6552780,  3106980,  719132,  724962,  6552780],
['2015-12-07',   28738282,  6552780,  3106980,  719132,  724962,  6552780],
['2015-12-08',   28738282,  6552780,  3106980,  719132,  724962,  6552780],
['2015-12-09',   29393642,  6552780,  3106980,  719132,  724962,  6552780],
['2015-12-10',   29393642,  6552780,  3106980,  719132,  724962,  6552780],
['2015-12-11',   29393642,  6552780,  3106980,  719132,  724962,  6552780],
['2015-12-12',   29393642,  6552780,  3106980,  719132,  724962,  6552780],
['2015-12-13',   29393642,  6552780,  3106980,  719132,  724962,  6552780],
['2015-12-14',   29393642,  6552780,  3106980,  719132,  724962,  6552780],
['2015-12-15',   29393642,  6552780,  3106980,  719132,  724962,  6552780],
['2015-12-16',   29393642,  6552780,  3106980,  719132,  724962,  6552780],
['2015-12-17',   29393642,  6552780,  3106980,  719132,  724962,  6552780],
['2015-12-19',   29393642,  6552780,  3106980,  719132,  724962,  6552780],
['2015-12-20',   29393642,  6552780,  3106980,  719132,  724962,  6552780],
['2015-12-21',   29393642,  6552780,  3106980,  719132,  724962,  6552780],
['2015-12-22',   29393642,  6552780,  3106980,  719132,  724962,  6552780],
['2015-12-23',   29393642,  6552780,  3106980,  719132,  724962,  6552780],
['2015-12-24',   29393642,  6552780,  3106980,  719132,  724962,  6552780],
['2015-12-25',   29393642,  6552780,  3106980,  719132,  724962,  6552780],
['2015-12-26',   29393642,  6552780,  3106980,  719132,  724962,  6552780],
['2015-12-27',   29393642,  6552780,  3106980,  719132,  724962,  6552780],
['2015-12-28',   29393642,  6552780,  3106980,  719132,  724962,  6552780],
['2015-12-29',   29393642,  6552780,  3106980,  719132,  724962,  6552780],
['2015-12-30',   29393642,  6552780,  3106980,  719132,  724962,  6552780],
['2015-12-31',   29393642,  6552780,  3106980,  719132,  724962,  6552780],
['2016-01-01',   29393642,  6552780,  3106980,  719132,  724962,  6552780],
['2016-01-02',   29393642,  6552780,  3106980,  719132,  724962,  6552780],
['2016-01-03',   29393642,  6552780,  3106980,  719132,  724962,  6552780],
['2016-01-04',   29393642,  6552780,  3106980,  719132,  724962,  6552780],
['2016-01-05',   29393642,  6552780,  3106980,  719132,  724962,  6552780],
['2016-01-06',   29393642,  6552780,  3106980,  719132,  724962,  6552780],
['2016-01-07',   29393642,  6552780,  3106980,  719132,  724962,  6552780],
['2016-01-08',   29393642,  6552780,  3106980,  719132,  724962,  6552780],
['2016-01-09',   29393642,  6552780,  3106980,  719132,  724962,  6552780],
['2016-01-10',   29393642,  6552780,  3106980,  719132,  724962,  6552780],
['2016-01-11',   29393642,  6552780,  3106980,  719132,  724962,  6552780],
['2016-01-12',   29393642,  6552780,  3106980,  719132,  724962,  6552780],
['2016-01-13',   29393642,  6552780,  3106980,  719132,  724962,  6552780],
['2016-01-14',   29393642,  6552780,  3106980,  719132,  724962,  6552780],
['2016-01-15',   29393642,  6552780,  3106980,  719132,  724962,  6552780],
['2016-01-16',   29393642,  6552780,  3106980,  719132,  724962,  6552780],
['2016-01-17',   29393642,  6552780,  3106980,  719132,  724962,  6552780],
['2016-01-18',   29393642,  6552780,  3106980,  719132,  724962,  6552780],
['2016-01-19',   29547242,  6552780,  3106980,  719132,  724962,  6552780],
['2016-01-20',   29547242,  6552780,  3106980,  719132,  724962,  6552780],
['2016-01-21',   29547242,  6552780,  3106980,  719132,  724962,  6552780],
['2016-01-22',   29547242,  6552780,  3106980,  719132,  724962,  6552780],
['2016-01-23',   29547242,  6552780,  3106980,  719132,  724962,  6552780],
['2016-01-24',   29547242,  6552780,  3106980,  719132,  724962,  6552780],
['2016-01-25',   29547242,  6552780,  3106980,  719132,  724962,  6552780],
['2016-01-26',   29547242,  6552780,  3106980,  719132,  724962,  6552780],
['2016-01-27',   29547242,  6552780,  3106980,  719132,  724962,  6552780],
['2016-01-28',   29547242,  6552780,  3106980,  719132,  724962,  6552780],
['2016-01-29',   29547242,  6552780,  3106980,  719132,  724962,  6552780],
['2016-01-30',   29547242,  6552780,  3106980,  719132,  724962,  6552780],
['2016-01-31',   29547242,  6552780,  3106980,  719132,  724962,  6552780],
['2016-02-01',   29547242,  6552780,  3106980,  719132,  724962,  6552780],
['2016-02-02',   29547242,  6552780,  3106980,  719132,  724962,  6552780],
['2016-02-03',   29547242,  6552780,  3106980,  719132,  724962,  6552780],
['2016-02-04',   29547242,  6552780,  3106980,  719132,  724962,  6552780],
['2016-02-05',   29547242,  6552780,  3106980,  719132,  724962,  6552780],
['2016-02-06',   29547242,  6552780,  3106980,  719132,  0,  6552780],
['2016-02-07',   29547242,  6552780,  3106980,  719132,  0,  6552780],
['2016-02-08',   29547242,  6552780,  3106980,  719132,  0,  6552780],
['2016-02-09',   29752042,  6552780,  3106980,  719132,  0,  6552780],
['2016-02-10',   29752042,  6552780,  3106980,  719132,  0,  6552780],
['2016-02-12',   29752042,  6552780,  3106980,  0,  0,  6552780],
['2016-02-13',   29752042,  6552780,  3106980,  0,  0,  6552780],
['2016-02-14',   29752042,  6552780,  3106980,  0,  0,  6552780],
['2016-02-15',   29752042,  6552780,  3106980,  0,  0,  6552780],
['2016-02-16',   29752042,  6552780,  3106980,  0,  0,  6552780],
['2016-02-17',   29752042,  6552780,  3106980,  0,  0,  6552780],
['2016-02-18',   29752042,  6552780,  3106980,  0,  0,  6552780],
['2016-02-19',   29752042,  6552780,  3106980,  0,  0,  6552780],
['2016-02-20',   29752042,  6552780,  3106980,  0,  0,  6552780],
['2016-02-21',   29752042,  6552780,  3106980,  0,  0,  6552780],
['2016-02-22',   29752042,  6552780,  3106980,  0,  0,  6552780],
['2016-02-23',   29956842,  6552780,  3106980,  0,  0,  6552780],
['2016-02-24',   29956842,  6552780,  3106980,  0,  0,  6552780],
['2016-02-25',   29956842,  6552780,  3106980,  0,  0,  6552780],
['2016-02-26',   29956842,  6552780,  3106980,  0,  0,  6552780],
['2016-02-27',   29956842,  6552780,  3106980,  0,  0,  6552780],
['2016-02-28',   29956842,  6552780,  3106980,  0,  0,  6552780],
['2016-02-29',   29956842,  6552780,  3106980,  0,  0,  6552780],
['2016-03-01',   30161642,  6552780,  3106980,  0,  0,  6552780],
['2016-03-02',   30161642,  6552780,  3106980,  0,  0,  0],
['2016-03-03',   30161642,  6552780,  3106980,  0,  0,  0],
['2016-03-04',   30161642,  6552780,  3106980,  0,  0,  0],
['2016-03-05',   0,  0,  0,  0,  0,  0],
['2016-03-06',   30161642,  6552780,  3106980,  0,  0,  0],
['2016-03-07',   30161642,  6552780,  3106980,  0,  0,  0],
['2016-03-08',   30161642,  6552780,  3106980,  0,  0,  0],
['2016-03-09',   30161642,  6552780,  3106980,  0,  0,  0],
['2016-03-10',   30161642,  6552780,  3106980,  0,  0,  0],
['2016-03-11',   30161642,  6552780,  3106980,  0,  0,  0],
['2016-03-12',   30161642,  6552780,  3106980,  0,  0,  0],
['2016-03-13',   30161642,  6552780,  3106980,  0,  0,  0],
['2016-03-15',   30161642,  6552780,  3106980,  0,  0,  0],
['2016-03-16',   30161642,  6552780,  3106980,  0,  0,  0],
['2016-03-17',   30161642,  6552780,  3106980,  0,  0,  0],
['2016-03-18',   30161642,  6552780,  3106980,  0,  0,  0],
['2016-03-19',   30161642,  6552780,  3106980,  0,  0,  0],
['2016-03-20',   30161642,  6552780,  3106980,  0,  0,  0],
['2016-03-21',   30161642,  6552780,  3106980,  0,  0,  0],
['2016-03-22',   30161642,  6552780,  3106980,  0,  0,  0],
['2016-03-23',   30161642,  6552780,  3106980,  0,  0,  0],
['2016-03-24',   30161642,  6552780,  3106980,  0,  0,  0],
['2016-03-25',   30161642,  6552780,  3106980,  0,  0,  0],
['2016-03-26',   30161642,  6552780,  3106980,  0,  0,  0],
['2016-03-27',   30161642,  6552780,  3106980,  0,  0,  0],
['2016-03-28',   30161642,  6552780,  3106980,  0,  0,  0],
['2016-03-29',   30161642,  6552780,  3106980,  0,  0,  0],
['2016-03-30',   30161642,  6552780,  3106980,  0,  0,  0],
['2016-03-31',   30161642,  6552780,  3106980,  0,  0,  0],
['2016-04-01',   30161642,  6552780,  3106980,  0,  0,  0],
['2016-04-02',   30673642,  6552780,  3106980,  0,  0,  0],
['2016-04-03',   30673642,  6552780,  3106980,  0,  0,  0],
['2016-04-04',   30673642,  6552780,  3106980,  0,  0,  0],
['2016-04-05',   30673642,  6552780,  3106980,  0,  0,  0],
['2016-04-06',   30673642,  6552780,  3106980,  0,  0,  0],
['2016-04-07',   30673642,  6552780,  0,  0,  0,  0],
['2016-04-08',   30673642,  6552780,  0,  0,  0,  0],
['2016-04-09',   30673642,  6552780,  0,  0,  0,  0],
['2016-04-10',   30673642,  6552780,  0,  0,  0,  0],
['2016-04-11',   30673642,  6552780,  0,  0,  0,  0],
['2016-04-12',   30673642,  6552780,  0,  0,  0,  0],
['2016-04-13',   30673642,  6552780,  0,  0,  0,  0],
['2016-04-14',   30673642,  6552780,  0,  0,  0,  0],
['2016-04-15',   30673642,  6552780,  0,  0,  0,  0],
['2016-04-16',   30673642,  6552780,  0,  0,  0,  0],
['2016-04-17',   30673642,  6552780,  0,  0,  0,  0],
['2016-04-18',   30673642,  6552780,  0,  0,  0,  0],
['2016-04-19',   30673642,  6552780,  0,  0,  0,  0],
['2016-04-20',   30673642,  6552780,  0,  0,  0,  0],
['2016-04-21',   30673642,  6552780,  0,  0,  0,  0],
['2016-04-22',   30673642,  6552780,  0,  0,  0,  0],
['2016-04-23',   30673642,  6552780,  0,  0,  0,  0],
['2016-04-24',   30673642,  6552780,  0,  0,  0,  0],
['2016-04-25',   30673642,  6552780,  0,  0,  0,  0],
['2016-04-26',   30673642,  6552780,  0,  0,  0,  0],
['2016-04-27',   30673642,  6552780,  0,  0,  0,  0],
['2016-04-28',   30673642,  6552780,  0,  0,  0,  0],
['2016-04-29',   30673642,  6552780,  0,  0,  0,  0],
['2016-04-30',   30673642,  6552780,  0,  0,  0,  0],
['2016-05-01',   30673642,  6552780,  0,  0,  0,  0],
['2016-05-02',   30673642,  6552780,  0,  0,  0,  0],
['2016-05-03',   30673642,  6552780,  0,  0,  0,  0],
['2016-05-04',   30673642,  6552780,  0,  0,  0,  0],
['2016-05-05',   30673642,  6552780,  0,  0,  0,  0],
['2016-05-06',   30673642,  6552780,  0,  0,  0,  0],
['2016-05-07',   30673642,  6552780,  0,  0,  0,  0],
['2016-05-08',   30673642,  6552780,  0,  0,  0,  0],
['2016-05-09',   30673642,  6552780,  0,  0,  0,  0],
['2016-05-10',   30673642,  6552780,  0,  0,  0,  0],
['2016-05-11',   30673642,  6552780,  0,  0,  0,  0],
['2016-05-12',   30673642,  6552780,  0,  0,  0,  0],
['2016-05-13',   30673642,  6552780,  0,  0,  0,  0],
['2016-05-14',   30673642,  6552780,  0,  0,  0,  0],
['2016-05-15',   30673642,  6552780,  0,  0,  0,  0],
['2016-05-16',   30673642,  6552780,  0,  0,  0,  0],
['2016-05-17',   30673642,  6552780,  0,  0,  0,  0],
['2016-05-18',   30673642,  6552780,  0,  0,  0,  0],
['2016-05-19',   30673642,  6552780,  0,  0,  0,  0],
['2016-05-20',   30673642,  6552780,  0,  0,  0,  0],
['2016-05-21',   30673642,  6552780,  0,  0,  0,  0],
['2016-05-22',   30673642,  6552780,  0,  0,  0,  0],
['2016-05-23',   30673642,  6552780,  0,  0,  0,  0],
['2016-05-24',   30673642,  6552780,  0,  0,  0,  0],
['2016-05-25',   30673642,  6552780,  0,  0,  0,  0],
['2016-05-26',   30673642,  6552780,  0,  0,  0,  0],
['2016-05-27',   30673642,  6552780,  0,  0,  0,  0],
['2016-05-28',   2492230,  6552780,  0,  0,  0,  0],
['2016-05-29',   2492230,  6552780,  0,  0,  0,  0],
['2016-05-30',   2492230,  6552780,  0,  0,  0,  0],
['2016-05-31',   2492230,  6552780,  0,  0,  0,  0],
['2016-06-01',   2492230,  0,  0,  0,  0,  0],
['2016-06-02',   293602,  0,  0,  0,  0,  0],
['2016-06-03',   0,  0,  0,  0,  0,  0],
['2016-06-04',   0,  0,  0,  0,  0,  0],
['2016-06-05',   0,  0,  0,  0,  0,  0],
['2016-06-06',   0,  0,  0,  0,  0,  0]
        ]);
        var options = {
          title: 'Storage usage by storage groups - Array edens120spa ',
          chartArea:{left:50,top:50},vAxis:{title:'MegaBytes'},hAxis:{title:'DateTime'}
        };

        var chart = new google.visualization.LineChart(document.getElementById('chart_div'));
        chart.draw(data, options);
      }
    </script>
  </head>
  <body>
    <div id="chart_div" style="width: 1500px; height: 900px;"></div>
  </body>
</html>


[[san:stats:celerra_edens120cs.vnx|Celerra_edens120cs Usage on VNX]]


[[san:stats:taede024.vnx|TAEDE024 Usage on VNX]]


[[san:stats:taede055.vnx|TAEDE055 Usage on VNX]]


[[san:stats:unix_taede651.vnx|UNIX_taede651 Usage on VNX]]


[[san:stats:unix_taede652.vnx|UNIX_taede652 Usage on VNX]]


[[san:stats:vmware_farm.vnx|VMWARE_farm Usage on VNX]]

