|2013-10-11| 42.672| 23.5664| 16.5939|19.1056| 40.5791| 32.7102| 17.2592|7.8689|
|2013-10-12| 42.672| 23.5664| 16.6066|19.1056| 40.5791| 32.7102| 17.2768|7.8689|
|2013-10-13| 42.672| 23.5664| 16.6134|19.1056| 40.5791| 32.7102| 17.2768|7.8689|
|2013-10-14| 42.672| 23.5664| 16.6232|19.1056| 40.5791| 32.7102| 17.2788|7.8689|
|2013-10-15| 42.672| 23.5664| 16.6252|19.1056| 40.5791| 33.8688| 17.3718|6.7103|
|2013-10-16| 42.672| 23.5664| 16.6311|19.1056| 40.5791| 33.8688| 18.3052|6.7103|
|2013-10-17| 42.672| 23.5664| 16.635|19.1056| 40.5791| 33.8688| 18.631|6.7103|
|2013-10-18| 42.672| 23.6036| 16.6526|19.0684| 40.5791| 34.0781| 18.6438|6.5010|
|2013-10-19| 42.672| 23.6036| 16.6614|19.0684| 40.5791| 34.0781| 18.6555|6.5010|
|2013-10-20| 42.672| 23.6036| 16.6682|19.0684| 40.5791| 34.0781| 18.6624|6.5010|
|2013-10-21| 42.672| 23.6036| 16.6682|19.0684| 40.5791| 34.0781| 18.723|6.5010|
|2013-10-22| 42.672| 23.6036| 16.6702|19.0684| 40.5791| 34.0781| 18.723|6.5010|
|2013-10-23| 42.672| 23.6036| 16.6751|19.0684| 40.5791| 34.0781| 18.724|6.5010|
|2013-10-24| 42.672| 23.6036| 16.681|19.0684| 40.5791| 34.0781| 18.7348|6.5010|
|2013-10-25| 42.672| 23.6036| 16.6907|19.0684| 40.5791| 34.0781| 18.7455|6.5010|
|2013-10-26| 42.672| 23.6036| 16.6976|19.0684| 40.5791| 34.0781| 18.771|6.5010|
|2013-10-27| 42.672| 23.6036| 16.7172|19.0684| 40.5791| 34.0781| 18.771|6.5010|
|2013-10-28| 42.672| 23.6036| 16.7181|19.0684| 40.5791| 34.0781| 18.771|6.5010|
|2013-10-29| 42.672| 23.6036| 16.722|19.0684| 40.5791| 34.0781| 18.771|6.5010|
|2013-10-30| 42.672| 23.6408| 16.7514|19.0312| 40.5791| 34.0781| 18.771|6.5010|
|2013-10-31| 42.672| 24.6711| 16.7563|18.0009| 40.5791| 34.0781| 18.7729|6.5010|
|2013-11-01| 42.672| 24.6711| 16.7808|18.0009| 40.5791| 34.0781| 18.7905|6.5010|
|2013-11-02| 42.672| 24.6711| 16.8111|18.0009| 40.5791| 34.0781| 18.7915|6.5010|
|2013-11-03| 42.672| 24.6711| 16.814|18.0009| 40.5791| 34.0781| 18.7925|6.5010|
|2013-11-04| 42.672| 24.6711| 16.815|18.0009| 40.5791| 34.0781| 18.7925|6.5010|
|2013-11-05| 42.672| 25.1751| 17.3189|17.4969| 40.5791| 34.0781| 18.7925|6.5010|
|2013-11-06| 42.672| 25.1751| 17.3307|17.4969| 40.5791| 34.0781| 18.7925|6.5010|
|2013-11-07| 42.672| 25.1751| 17.3522|17.4969| 40.5791| 34.0781| 18.7935|6.5010|
|2013-11-08| 46.8579| 25.1751| 17.3669|21.6828| 40.5791| 34.1525| 18.813|6.4266|
|2013-11-09| 46.8579| 25.1751| 17.4031|21.6828| 40.5791| 34.1525| 18.8228|6.4266|
|2013-11-10| 46.8579| 25.1751| 17.4031|21.6828| 40.5791| 34.1525| 18.8238|6.4266|
|2013-11-11| 46.8579| 25.1751| 17.4031|21.6828| 40.5791| 34.1525| 18.8238|6.4266|
|2013-11-12| 46.8579| 25.1751| 17.4138|21.6828| 40.5791| 34.1525| 18.8346|6.4266|
|2013-11-13| 46.8579| 25.1751| 17.4168|21.6828| 40.5791| 34.1525| 18.8385|6.4266|
|2013-11-14| 46.8579| 25.1751| 17.4246|21.6828| 40.5791| 34.1525| 18.8395|6.4266|
|2013-11-15| 46.8579| 25.1751| 17.4393|21.6828| 40.5791| 34.9539| 19.1633|5.6252|
|2013-11-16| 46.8579| 25.1751| 17.4579|21.6828| 40.5791| 34.9539| 19.1868|5.6252|
|2013-11-17| 46.8579| 25.1751| 17.4823|21.6828| 40.5791| 34.9539| 19.1888|5.6252|
|2013-11-18| 46.8579| 25.1751| 17.4911|21.6828| 40.5791| 34.9539| 19.1937|5.6252|
|2013-11-19| 46.8579| 25.1751| 17.4931|21.6828| 40.5791| 34.9539| 19.222|5.6252|
|2013-11-20| 46.8579| 25.1751| 17.5038|21.6828| 40.5791| 34.9539| 19.2289|5.6252|
|2013-11-21| 46.8579| 25.1751| 17.5283|21.6828| 40.5791| 34.9539| 19.2582|5.6252|
|2013-11-22| 46.8579| 25.1751| 17.5342|21.6828| 40.5791| 34.9539| 19.269|5.6252|
|2013-11-23| 46.8579| 25.1751| 17.544|21.6828| 40.5791| 34.9539| 19.269|5.6252|
|2013-11-24| 46.8579| 25.1751| 17.5537|21.6828| 40.5791| 34.9539| 19.2778|5.6252|
|2013-11-25| 46.8579| 25.1751| 17.5547|21.6828| 40.5791| 34.9539| 19.2798|5.6252|
|2013-11-26| 46.8579| 25.1751| 17.5782|21.6828| 40.5791| 34.9539| 19.2905|5.6252|
|2013-11-27| 46.8579| 25.1751| 17.5792|21.6828| 40.5791| 34.9539| 19.3091|5.6252|
|2013-11-28| 46.8579| 25.1751| 17.5802|21.6828| 40.5791| 34.9539| 19.3121|5.6252|
|2013-11-29| 46.8579| 25.1751| 17.5802|21.6828| 40.5791| 34.9539| 19.314|5.6252|
|2013-11-30| 46.8579| 25.1751| 17.5958|21.6828| 40.5791| 36.2484| 19.358|4.3307|
|2013-12-01| 46.8579| 25.1751| 17.5958|21.6828| 40.5791| 36.2484| 19.3806|4.3307|
|2013-12-02| 46.8579| 25.1751| 17.5958|21.6828| 40.5791| 36.2484| 20.1193|4.3307|
|2013-12-03| 46.8579| 25.1751| 17.6056|21.6828| 40.5791| 36.2484| 20.1379|4.3307|
|2013-12-04| 46.8579| 25.1751| 17.6144|21.6828| 40.5791| 36.2484| 20.1389|4.3307|
|2013-12-05| 46.8579| 25.1751| 17.6232|21.6828| 40.5791| 36.2484| 20.1467|4.3307|
|2013-12-06| 46.8579| 25.1751| 17.631|21.6828| 40.5791| 36.2484| 20.1467|4.3307|
|2013-12-07| 46.8579| 25.1751| 17.679|21.6828| 40.5791| 36.2484| 20.1467|4.3307|
|2013-12-08| 46.8579| 25.1751| 17.679|21.6828| 40.5791| 36.2484| 20.1477|4.3307|
|2013-12-09| 46.8579| 25.1751| 17.6849|21.6828| 40.5791| 36.2484| 20.1487|4.3307|
|2013-12-10| 46.8579| 25.1751| 17.6907|21.6828| 40.5791| 36.5419| 20.1418|4.0372|
|2013-12-11| 46.8579| 25.1751| 17.6976|21.6828| 40.5791| 36.856| 20.2993|3.7231|
|2013-12-12| 46.8579| 25.1751| 17.7025|21.6828| 40.5791| 36.4764| 20.1095|4.1027|
|2013-12-13| 46.8579| 25.1751| 17.7054|21.6828| 40.5791| 38.1153| 21.4177|2.4638|
|2013-12-14| 46.8579| 25.1751| 17.7582|21.6828| 40.5791| 38.1153| 21.4285|2.4638|
|2013-12-15| 46.8579| 25.1751| 17.7602|21.6828| 40.5791| 38.1153| 21.4285|2.4638|
|2013-12-16| 46.8579| 25.1751| 17.7602|21.6828| 40.5791| 38.1153| 21.45|2.4638|
|2013-12-17| 46.8579| 25.1751| 17.7729|21.6828| 40.5791| 38.1153| 21.4608|2.4638|
|2013-12-18| 46.8579| 25.8032| 18.0547|21.0547| 40.5791| 37.9725| 21.4843|2.6066|
|2013-12-19| 46.8579| 25.8032| 18.0567|21.0547| 40.5791| 37.9725| 21.4852|2.6066|
|2013-12-20| 46.8579| 25.8032| 18.0596|21.0547| 40.5791| 37.9725| 21.4852|2.6066|
|2013-12-20| 46.8579| 25.8032| 18.0596|21.0547| 40.5791| 37.9725| 21.4852|2.6066|
|2013-12-21| 46.8579| 25.8032| 18.0655|21.0547| 40.5791| 37.9725| 21.4852|2.6066|
|2013-12-22| 46.8579| 25.8032| 18.0655|21.0547| 40.5791| 37.9725| 21.4862|2.6066|
|2013-12-23| 46.8579| 25.8032| 18.0665|21.0547| 40.5791| 37.9725| 21.4882|2.6066|
|2013-12-24| 46.8579| 25.8032| 18.0674|21.0547| 40.5791| 37.9725| 21.4931|2.6066|
|2013-12-25| 46.8579| 25.8032| 18.0714|21.0547| 40.5791| 37.9725| 21.494|2.6066|
|2013-12-26| 46.8579| 25.8032| 18.0714|21.0547| 40.5791| 37.9725| 21.495|2.6066|
|2013-12-27| 46.8579| 25.9422| 18.0958|20.9157| 40.5791| 37.8335| 21.4882|2.7456|
|2013-12-28| 46.8579| 25.9422| 18.1154|20.9157| 40.5791| 37.8335| 21.4882|2.7456|
|2013-12-29| 46.8579| 25.9422| 18.1164|20.9157| 40.5791| 37.8335| 21.4892|2.7456|
|2013-12-30| 46.8579| 25.9422| 18.1164|20.9157| 40.5791| 37.8335| 21.4901|2.7456|
|2013-12-31| 46.8579| 25.9422| 18.1183|20.9157| 40.5791| 37.8335| 21.4901|2.7456|
|2014-01-01| 46.8579| 25.9422| 18.1193|20.9157| 40.5791| 37.8335| 21.4901|2.7456|
|2014-01-02| 46.8579| 25.9422| 18.1203|20.9157| 40.5791| 37.8335| 21.4901|2.7456|
|2014-01-03| 46.8579| 26.0811| 18.131|20.7768| 40.5791| 37.8335| 21.4921|2.7456|
|2014-01-04| 46.8579| 26.0811| 18.1428|20.7768| 40.5791| 37.8335| 21.494|2.7456|
|2014-01-05| 46.8579| 26.0811| 18.1428|20.7768| 40.5791| 37.8335| 21.496|2.7456|
|2014-01-06| 46.8579| 26.0811| 18.1438|20.7768| 40.5791| 37.8335| 21.498|2.7456|
|2014-01-07| 46.8579| 26.0811| 18.1477|20.7768| 40.5791| 37.8335| 21.5263|2.7456|
|2014-01-08| 46.8579| 26.0811| 18.1555|20.7768| 40.5791| 37.8335| 21.5596|2.7456|
|2014-01-09| 46.8579| 26.0811| 18.1604|20.7768| 40.5791| 37.8335| 21.5723|2.7456|
|2014-01-10| 46.8579| 26.0811| 18.1663|20.7768| 40.5791| 37.8335| 21.5958|2.7456|
|2014-01-11| 46.8579| 26.0811| 18.1672|20.7768| 40.5791| 37.8335| 21.5958|2.7456|
|2014-01-12| 46.8579| 26.0811| 18.1682|20.7768| 40.5791| 37.8335| 21.5958|2.7456|
|2014-01-13| 46.8579| 26.0811| 18.1702|20.7768| 40.5791| 37.8335| 21.5978|2.7456|
|2014-01-14| 46.8579| 26.1525| 18.1898|20.7054| 40.5791| 37.8335| 21.5978|2.7456|
|2014-01-14| 46.8579| 27.7386| 18.5606|19.1193| 40.5791| 36.3188| 21.1477|4.2603|
|2014-01-15| 46.8579| 29.405| 19.1575|17.4529| 40.5791| 34.584| 20.4305|5.9951|
|2014-01-16| 46.8579| 31.7445| 20.132|15.1134| 40.5791| 32.7738| 19.2416|7.8053|
|2014-01-17| 46.8579| 32.9236| 20.7837|13.9343| 40.5791| 31.5576| 18.5567|9.0215|
|2014-01-18| 46.8579| 33.9539| 21.1565|12.9040| 40.5791| 30.5273| 18.0635|10.0518|
|2014-01-19| 46.8579| 33.9539| 21.6379|12.9040| 40.5791| 29.497| 17.5048|11.0821|
|2014-01-20| 46.8579| 33.6016| 21.6261|13.2563| 40.5791| 28.3492| 17.4784|12.2299|
|2014-01-20| 46.8579| 33.6016| 21.6261|13.2563| 40.5791| 28.3492| 17.4784|12.2299|
|2014-01-21| 46.8579| 34.3325| 21.8277|12.5254| 40.5791| 25.6868| 15.6037|14.8923|
|2014-01-22| 46.8579| 38.7239| 22.9676|8.1340| 40.5791| 20.3189| 13.1604|20.2602|
|2014-01-23| 46.8579| 38.7611| 23.2964|8.0968| 40.5791| 19.2749| 12.2769|21.3042|
|2014-01-24| 46.8579| 38.7611| 23.314|8.0968| 40.5791| 16.6575| 10.3688|23.9216|
|2014-01-24| 46.8579| 38.7611| 23.314|8.0968| 40.5791| 16.6575| 10.3688|23.9216|
|2014-01-25| 46.8579| 38.7611| 23.3189|8.0968| 40.5791| 16.6575| 10.3688|23.9216|
|2014-01-26| 46.8579| 38.7611| 23.3199|8.0968| 40.5791| 16.6575| 10.3688|23.9216|
|2014-01-27| 46.8579| 38.9705| 23.4324|7.8874| 40.5791| 16.5528| 10.2641|24.0263|
|2014-01-28| 46.8579| 39.1799| 23.6692|7.6780| 40.5791| 16.3434| 10.0763|24.2357|
|2014-01-29| 46.8579| 39.8081| 24.0792|7.0498| 40.5791| 15.8199| 9.66239|24.7592|
|2014-01-30| 46.8579| 40.4362| 24.6525|6.4217| 40.5791| 15.1917| 9.06063|25.3874|
|2014-01-31| 46.8579| 41.5879| 25.7533|5.2700| 40.5791| 13.8307| 7.73578|26.7484|
|2014-02-01| 46.8579| 42.1114| 26.0195|4.7465| 40.5791| 13.3072| 7.31798|27.2719|
|2014-02-02| 46.8579| 43.1251| 26.5997|3.7328| 40.5791| 12.3982| 6.64772|28.1809|
|2014-02-03| 46.8579| 44.5204| 27.3208|2.3375| 40.5791| 10.8982| 5.817|29.6809|
|2014-02-03| 46.8579| 44.8041| 27.4862|2.0538| 40.5791| 10.6144| 5.63892|29.9647|
|2014-02-04| 46.8579| 46.3736| 27.8306|.4843| 40.5791| 9.25535| 5.29059|31.32375|
|2014-02-04| 46.8579| 46.3736| 27.8551|.4843| 40.5791| 9.18392| 5.23873|31.39518|
|2014-02-04| 46.8579| 46.3736| 27.8707|.4843| 40.5791| 9.04498| 5.15458|31.53412|
|2014-02-05| 46.8579| 46.3736| 27.8776|.4843| 40.5791| 9.04498| 5.15458|31.53412|
|2014-02-06| 46.8579| 46.3736| 27.8854|.4843| 40.5791| 9.04498| 5.15458|31.53412|
|2014-02-07| 46.8579| 46.3736| 27.8913|.4843| 40.5791| 9.04498| 5.15458|31.53412|
|2014-02-08| 46.8579| 46.3736| 27.8962|.4843| 40.5791| 9.04498| 5.15458|31.53412|
|2014-02-09| 46.8579| 46.3736| 27.8972|.4843| 40.5791| 9.04498| 5.15458|31.53412|
|2014-02-10| 46.8579| 46.3736| 27.9001|.4843| 40.5791| 9.04498| 5.15458|31.53412|
|2014-02-10| 46.8579| 46.3736| 27.903|.4843| 40.5791| 8.94028| 5.13305|31.63882|
|2014-02-11| 46.8579| 46.8257| 27.9754|.0322| 40.5791| 3.31701| 1.08904|37.26209|
|2014-02-11| 46.8579| 46.8257| 27.9793|.0322| 40.5791| 3.31701| 1.08904|37.26209|
|2014-02-12| 87.437| 50.1388| 28.8698|37.2982|0|0|0|0|
|2014-02-12| 87.437| 50.1388| 28.8698|37.2982|0|0|0|0|
|2014-02-13| 87.437| 50.1388| 28.8835|37.2982|0|0|0|0|
|2014-02-14| 87.437| 50.1388| 28.8923|37.2982|0|0|0|0|
|2014-02-15| 87.437| 50.1388| 28.9157|37.2982|0|0|0|0|
|2014-02-16| 87.437| 50.1388| 28.9187|37.2982|0|0|0|0|
|2014-02-17| 87.437| 50.1388| 28.9187|37.2982|0|0|0|0|
|2014-02-18| 87.437| 50.1388| 28.9236|37.2982|0|0|0|0|
|2014-02-19| 87.437| 50.1388| 28.9275|37.2982|0|0|0|0|
|2014-02-20| 87.437| 50.1388| 28.9294|37.2982|0|0|0|0|
|2014-02-21| 87.437| 50.1388| 28.9568|37.2982|0|0|0|0|
|2014-02-22| 87.437| 50.1388| 28.9647|37.2982|0|0|0|0|
|2014-02-23| 87.437| 50.1388| 28.9754|37.2982|0|0|0|0|
|2014-02-24| 87.437| 51.0517| 29.0067|36.3853|0|0|0|0|
|2014-02-25| 87.437| 52.4881| 30.4128|34.9489|0|0|0|0|
|2014-02-26| 87.437| 52.4881| 30.539|34.9489|0|0|0|0|
|2014-02-27| 87.437| 58.2669| 32.0322|29.1701|0|0|0|0|
|2014-02-28| 87.437| 58.2669| 33.6085|29.1701|0|0|0|0|
|2014-03-01| 87.437| 58.2669| 34.9637|29.1701|0|0|0|0|
|2014-03-02| 87.437| 58.2669| 34.9656|29.1701|0|0|0|0|
|2014-03-03| 87.437| 58.2669| 34.9666|29.1701|0|0|0|0|
|2014-03-04| 87.437| 58.2669| 35.3599|29.1701|0|0|0|0|
|2014-03-05| 87.437| 59.0047| 35.7836|28.4323|0|0|0|0|
|2014-03-06| 87.437| 59.0047| 36.0762|28.4323|0|0|0|0|
|2014-03-07| 87.437| 59.0047| 36.4597|28.4323|0|0|0|0|
|2014-03-08| 87.437| 59.0047| 36.4617|28.4323|0|0|0|0|
|2014-03-09| 87.437| 59.0047| 36.4646|28.4323|0|0|0|0|
|2014-03-10| 87.437| 59.0047| 36.4685|28.4323|0|0|0|0|
|2014-03-11| 87.437| 59.0047| 36.4715|28.4323|0|0|0|0|
|2014-03-12| 87.437| 59.0047| 36.4783|28.4323|0|0|0|0|
|2014-03-13| 87.437| 60.3657| 37.7327|27.0713|0|0|0|0|
|2014-03-14| 87.437| 60.3657| 37.7347|27.0713|0|0|0|0|
|2014-03-15| 87.437| 60.3657| 37.7386|27.0713|0|0|0|0|
|2014-03-16| 87.437| 60.3657| 37.7415|27.0713|0|0|0|0|
|2014-03-17| 87.437| 60.3657| 37.7425|27.0713|0|0|0|0|
|2014-03-18| 87.437| 60.3657| 37.7455|27.0713|0|0|0|0|
|2014-03-19| 87.437| 60.3657| 37.7543|27.0713|0|0|0|0|
|2014-03-20| 87.437| 60.3657| 37.7572|27.0713|0|0|0|0|
|2014-03-21| 87.437| 60.3657| 37.764|27.0713|0|0|0|0|
|2014-03-22| 87.437| 60.3657| 37.767|27.0713|0|0|0|0|
|2014-03-23| | | ||0|0|0|0|
|2014-03-24| | | ||0|0|0|0|
|2014-03-25| 87.437| 60.3657| 37.7748|27.0713|0|0|0|0|
|2014-03-26| 87.437| 60.3657| 37.7817|27.0713|0|0|0|0|
|2014-03-27| 87.437| 60.3657| 37.7846|27.0713|0|0|0|0|
|2014-03-28| 87.437| 60.3657| 37.7914|27.0713|0|0|0|0|
|2014-03-29| 87.437| 60.3657| 37.7934|27.0713|0|0|0|0|
|2014-03-30| 87.437| 60.3657| 37.7944|27.0713|0|0|0|0|
|2014-03-31| 87.437| 60.3657| 37.7983|27.0713|0|0|0|0|
|2014-04-01| 87.437| 60.3657| 37.8032|27.0713|0|0|0|0|
|2014-04-02| 87.437| 60.3657| 37.8071|27.0713|0|0|0|0|
|2014-04-03| 87.437| 60.3657| 37.8159|27.0713|0|0|0|0|
|2014-04-04| 87.437| 60.8892| 38.0948|26.5478|0|0|0|0|
|2014-04-05| 87.437| 60.8892| 38.0977|26.5478|0|0|0|0|
|2014-04-06| 87.437| 60.8892| 38.0997|26.5478|0|0|0|0|
|2014-04-07| 87.437| 60.8892| 38.1036|26.5478|0|0|0|0|
|2014-04-08| 87.437| 60.8892| 38.1094|26.5478|0|0|0|0|
|2014-04-09| 87.437| 60.852| 38.1134|26.585|0|0|0|0|
|2014-04-10| 87.437| 60.852| 38.1173|26.585|0|0|0|0|
|2014-04-11| 87.437| 60.852| 38.1251|26.585|0|0|0|0|
|2014-04-12| 87.437| 61.1671| 38.2357|26.2699|0|0|0|0|
|2014-04-13| 87.437| 61.1671| 38.2386|26.2699|0|0|0|0|
|2014-04-14| 87.437| 61.1671| 38.2406|26.2699|0|0|0|0|
|2014-04-15| 87.437| 61.1671| 38.2435|26.2699|0|0|0|0|
|2014-04-16| 87.437| 61.1671| 38.2445|26.2699|0|0|0|0|
|2014-04-17| 87.437| 61.1671| 38.2474|26.2699|0|0|0|0|
|2014-04-18| 87.437| 61.1671| 38.2523|26.2699|0|0|0|0|
|2014-04-19| 87.437| 61.1671| 38.2611|26.2699|0|0|0|0|
|2014-04-20| 87.437| 61.1671| 38.2621|26.2699|0|0|0|0|
|2014-04-21| 87.437| 61.1671| 38.2631|26.2699|0|0|0|0|
|2014-04-22| 87.437| 61.1671| 38.264|26.2699|0|0|0|0|
|2014-04-23| 87.437| 61.1671| 38.267|26.2699|0|0|0|0|
|2014-04-24| 87.437| 61.1671| 38.2944|26.2699|0|0|0|0|
|2014-04-25| 87.437| 61.1671| 38.4314|26.2699|0|0|0|0|
|2014-04-26| 87.437| 61.9| 38.4656|25.537|0|0|0|0|
|2014-04-27| 87.437| 61.9| 38.4656|25.537|0|0|0|0|
|2014-04-28| 87.437| 61.9| 38.4685|25.537|0|0|0|0|
|2014-04-29| 87.437| 61.9| 39.1271|25.537|0|0|0|0|
|2014-04-30| 87.437| 61.9| 39.131|25.537|0|0|0|0|
|2014-05-01| 87.437| 61.9| 39.1388|25.537|0|0|0|0|
|2014-05-02| 87.437| 61.9| 39.175|25.537|0|0|0|0|
|2014-05-03| 87.437| 61.9| 39.1779|25.537|0|0|0|0|
|2014-05-04| 87.437| 61.9| 39.1799|25.537|0|0|0|0|
|2014-05-05| 87.437| 61.9| 39.1848|25.537|0|0|0|0|
|2014-05-06| 87.437| 61.9| 39.1867|25.537|0|0|0|0|
|2014-05-07| 87.437| 61.9| 39.1985|25.537|0|0|0|0|
|2014-05-08| 87.437| 61.9| 39.2053|25.537|0|0|0|0|
|2014-05-09| 87.437| 61.9| 39.2073|25.537|0|0|0|0|
|2014-05-10| 87.437| 61.9| 39.2122|25.537|0|0|0|0|
|2014-05-11| 87.437| 61.9| 39.2122|25.537|0|0|0|0|
|2014-05-12| 87.437| 61.9| 39.2171|25.537|0|0|0|0|
|2014-05-13| 87.437| 61.9| 39.2366|25.537|0|0|0|0|
|2014-05-13| 87.437| 61.9| 39.2396|25.537|0|0|0|0|
|2014-05-14| 87.437| 61.9| 39.2415|25.537|0|0|0|0|
|2014-05-15| 87.437| 61.9| 39.2464|25.537|0|0|0|0|
|2014-05-16| 87.437| 61.9| 39.2562|25.537|0|0|0|0|
|2014-05-17| 87.437| 61.9| 39.2787|25.537|0|0|0|0|
|2014-05-18| 87.437| 61.9| 39.2865|25.537|0|0|0|0|
|2014-05-19| 87.437| 61.9| 39.3051|25.537|0|0|0|0|
|2014-05-20| 87.437| 61.9| 39.3208|25.537|0|0|0|0|
|2014-05-21| 87.437| 61.9| 39.3384|25.537|0|0|0|0|
|2014-05-22| 87.437| 61.9| 39.3599|25.537|0|0|0|0|
|2014-05-23| 87.437| 61.9| 39.3746|25.537|0|0|0|0|
|2014-05-24| 87.437| 61.9| 39.3785|25.537|0|0|0|0|
|2014-05-25| 87.437| 61.9| 39.402|25.537|0|0|0|0|
|2014-05-26| 87.437| 61.9| 39.4079|25.537|0|0|0|0|
|2014-05-27| 87.437| 61.9| 39.4079|25.537|0|0|0|0|
|2014-05-28| 87.437| 61.9| 39.403|25.537|0|0|0|0|
|2014-05-29| 87.437| 61.9| 39.4108|25.537|0|0|0|0|
|2014-05-30| 87.437| 61.9| 39.4206|25.537|0|0|0|0|
|2014-05-31| 87.437| 61.9| 39.4274|25.537|0|0|0|0|
|2014-06-01| 87.437| 61.9| 39.4539|25.537|0|0|0|0|
|2014-06-02| 87.437| 61.9| 39.4832|25.537|0|0|0|0|
|2014-06-03| 87.437| 61.9| 39.491|25.537|0|0|0|0|
|2014-06-04| 87.437| 61.9| 39.5204|25.537|0|0|0|0|
|2014-06-05| 87.437| 61.9| 39.5507|25.537|0|0|0|0|
|2014-06-06| 87.437| 61.9| 39.5635|25.537|0|0|0|0|
|2014-06-07| 87.437| 61.9| 39.5742|25.537|0|0|0|0|
|2014-06-08| 87.437| 61.9| 39.5791|25.537|0|0|0|0|
|2014-06-09| 87.437| 61.9| 39.5801|25.537|0|0|0|0|
|2014-06-10| 87.437| 61.9| 39.5938|25.537|0|0|0|0|
|2014-06-11| 87.437| 61.9| 39.5948|25.537|0|0|0|0|
|2014-06-12| 87.437| 61.9| 39.6271|25.537|0|0|0|0|
|2014-06-13| 87.437| 61.9| 39.6789|25.537|0|0|0|0|
|2014-06-14| 87.437| 61.9| 39.6828|25.537|0|0|0|0|
|2014-06-15| 87.437| 61.9| 39.6887|25.537|0|0|0|0|
|2014-06-16| 87.437| 61.9| 39.6897|25.537|0|0|0|0|
|2014-06-17| 87.437| 61.9| 39.6946|25.537|0|0|0|0|
|2014-06-18| 87.437| 61.9| 39.7132|25.537|0|0|0|0|
|2014-06-19| 87.437| 61.9| 39.7249|25.537|0|0|0|0|
|2014-06-20| 87.437| 61.9| 39.7317|25.537|0|0|0|0|
|2014-06-20| 87.437| 59.0409| 37.6349|28.3961|0|0|0|0|
|2014-06-21| 87.437| 59.0409| 37.6417|28.3961|0|0|0|0|
|2014-06-22| 87.437| 59.0409| 37.6574|28.3961|0|0|0|0|
|2014-06-23| 87.437| 59.0409| 37.6584|28.3961|0|0|0|0|
|2014-06-24| 87.437| 59.1456| 37.7758|28.2914|0|0|0|0|
|2014-06-25| 87.437| 59.1456| 37.8061|28.2914|0|0|0|0|
|2014-06-26| 87.437| 59.1456| 37.8139|28.2914|0|0|0|0|
|2014-06-27| 87.437| 59.1456| 37.8237|28.2914|0|0|0|0|
|2014-06-28| 87.437| 59.1456| 37.8394|28.2914|0|0|0|0|
|2014-06-29| 87.437| 59.1456| 37.8404|28.2914|0|0|0|0|
|2014-06-30| 87.437| 59.1456| 37.8423|28.2914|0|0|0|0|
|2014-07-01| 87.437| 59.1456| 37.8443|28.2914|0|0|0|0|
|2014-07-02| 87.437| 59.1456| 37.8541|28.2914|0|0|0|0|
|2014-07-03| 87.437| 59.1456| 37.8893|28.2914|0|0|0|0|
|2014-07-04| 87.437| 60.853| 38.9607|26.584|0|0|0|0|
|2014-07-05| 87.437| 60.853| 39.1447|26.584|0|0|0|0|
|2014-07-06| 87.437| 60.853| 39.1466|26.584|0|0|0|0|
|2014-07-07| 87.437| 60.853| 39.1603|26.584|0|0|0|0|
|2014-07-08| 87.437| 60.853| 39.2269|26.584|0|0|0|0|
|2014-07-09| 87.437| 60.853| 39.2366|26.584|0|0|0|0|
|2014-07-10| 87.437| 60.853| 39.2523|26.584|0|0|0|0|
|2014-07-11| 87.437| 60.853| 39.2533|26.584|0|0|0|0|
|2014-07-12| 87.437| 60.853| 39.2572|26.584|0|0|0|0|
|2014-07-13| 87.437| 60.853| 39.2611|26.584|0|0|0|0|
|2014-07-14| 87.437| 60.853| 39.265|26.584|0|0|0|0|
|2014-07-15| 87.437| 60.853| 39.267|26.584|0|0|0|0|
|2014-07-16| 87.437| 60.853| 39.2787|26.584|0|0|0|0|
|2014-07-17| 87.437| 60.853| 39.2875|26.584|0|0|0|0|
|2014-07-18| 87.437| 60.853| 39.3032|26.584|0|0|0|0|
|2014-07-19| 87.437| 60.853| 39.3071|26.584|0|0|0|0|
|2014-07-20| 87.437| 60.853| 39.309|26.584|0|0|0|0|
|2014-07-21| 87.437| 60.853| 39.3149|26.584|0|0|0|0|
|2014-07-22| 87.437| 60.853| 39.3218|26.584|0|0|0|0|
|2014-07-23| 87.437| 60.853| 39.3306|26.584|0|0|0|0|
|2014-07-24| 87.437| 60.853| 39.3423|26.584|0|0|0|0|
|2014-07-25| 87.437| 60.853| 39.3678|26.584|0|0|0|0|
|2014-07-26| 87.437| 60.853| 39.3854|26.584|0|0|0|0|
|2014-07-27| 87.437| 60.853| 39.3932|26.584|0|0|0|0|
|2014-07-28| 87.437| 60.853| 39.4|26.584|0|0|0|0|
|2014-07-29| 87.437| 60.853| 39.4089|26.584|0|0|0|0|
|2014-07-30| 87.437| 60.853| 39.4206|26.584|0|0|0|0|
|2014-07-31| 87.437| 60.853| 39.4431|26.584|0|0|0|0|
|2014-08-01| 87.437| 60.853| 39.4588|26.584|0|0|0|0|
|2014-08-02| 87.437| 60.2238| 39.2914|27.2132|0|0|0|0|
|2014-08-03| 87.437| 60.2238| 39.2953|27.2132|0|0|0|0|
|2014-08-04| 87.437| 60.2238| 39.2993|27.2132|0|0|0|0|
|2014-08-05| 87.437| 60.2238| 39.309|27.2132|0|0|0|0|
|2014-08-06| 87.437| 60.2238| 39.3159|27.2132|0|0|0|0|
|2014-08-07| 87.437| 60.2238| 39.3276|27.2132|0|0|0|0|
|2014-08-08| 87.437| 60.7111| 39.3678|26.7259|0|0|0|0|
|2014-08-09| 87.437| 60.7111| 39.3815|26.7259|0|0|0|0|
|2014-08-10| 87.437| 61.1984| 39.4323|26.2386|0|0|0|0|
|2014-08-11| 87.437| 61.1984| 39.4509|26.2386|0|0|0|0|
|2014-08-12| 87.437| 61.1984| 39.4646|26.2386|0|0|0|0|
|2014-08-13| 87.437| 61.5125| 39.7396|25.9245|0|0|0|0|
|2014-08-14| 87.437| 62.1172| 39.7846|25.3198|0|0|0|0|
|2014-08-15| 87.437| 62.1172| 39.8296|25.3198|0|0|0|0|
|2014-08-16| 87.437| 62.1172| 39.8795|25.3198|0|0|0|0|
|2014-08-17| 87.437| 62.1172| 39.8815|25.3198|0|0|0|0|
|2014-08-18| 87.437| 62.1172| 39.8912|25.3198|0|0|0|0|
|2014-08-19| 87.437| 62.1172| 39.9|25.3198|0|0|0|0|
|2014-08-20| 87.437| 62.1172| 39.9049|25.3198|0|0|0|0|
|2014-08-21| 87.437| 62.1172| 39.9137|25.3198|0|0|0|0|
|2014-08-22| 87.437| 62.1172| 39.9225|25.3198|0|0|0|0|
|2014-08-23| 87.437| 62.1172| 39.9666|25.3198|0|0|0|0|
|2014-08-24| 87.437| 62.8139| 39.9871|24.6231|0|0|0|0|
|2014-08-25| 87.437| 62.8139| 39.994|24.6231|0|0|0|0|
|2014-08-26| 87.437| 62.9185| 40.0664|24.5185|0|0|0|0|
|2014-08-27| 87.437| 62.8442| 40.0948|24.5928|0|0|0|0|
|2014-08-28| 87.437| 62.8442| 40.127|24.5928|0|0|0|0|
|2014-08-29| 87.437| 62.8442| 40.13|24.5928|0|0|0|0|
|2014-08-30| 87.437| 62.8442| 40.1388|24.5928|0|0|0|0|
|2014-08-31| 87.437| 62.8442| 40.1388|24.5928|0|0|0|0|
|2014-09-01| 87.437| 62.8442| 40.1417|24.5928|0|0|0|0|
|2014-09-02| 87.437| 62.8442| 40.1437|24.5928|0|0|0|0|
|2014-09-03| 87.437| 62.8442| 40.1681|24.5928|0|0|0|0|
|2014-09-04| 87.437| 62.8442| 40.219|24.5928|0|0|0|0|
|2014-09-05| 87.437| 62.8442| 40.265|24.5928|0|0|0|0|
|2014-09-06| 87.437| 62.8442| 40.2719|24.5928|0|0|0|0|
|2014-09-07| 87.437| 62.8442| 40.2728|24.5928|0|0|0|0|
|2014-09-08| 87.437| 62.8442| 40.2728|24.5928|0|0|0|0|
|2014-09-09| 87.437| 62.8442| 40.2768|24.5928|0|0|0|0|
|2014-09-10| 87.437| 62.8442| 40.2856|24.5928|0|0|0|0|
|2014-09-11| 87.437| 62.8442| 40.2983|24.5928|0|0|0|0|
|2014-09-12| 87.437| 62.8442| 40.3169|24.5928|0|0|0|0|
|2014-09-13| 87.437| 62.8442| 40.3227|24.5928|0|0|0|0|
|2014-09-14| 87.437| 62.8442| 40.3335|24.5928|0|0|0|0|
|2014-09-15| 87.437| 62.8442| 40.3423|24.5928|0|0|0|0|
|2014-09-16| 87.437| 62.8442| 40.3678|24.5928|0|0|0|0|
|2014-09-17| 87.437| 62.8442| 40.4137|24.5928|0|0|0|0|
|2014-09-18| 87.437| 62.8442| 40.4196|24.5928|0|0|0|0|
|2014-09-19| 87.437| 62.8442| 40.4314|24.5928|0|0|0|0|
|2014-09-20| 87.437| 62.8442| 40.4499|24.5928|0|0|0|0|
|2014-09-21| 87.437| 62.8442| 40.4832|24.5928|0|0|0|0|
|2014-09-22| 87.437| 62.8442| 40.4881|24.5928|0|0|0|0|
|2014-09-23| 87.437| 62.8442| 40.492|24.5928|0|0|0|0|
|2014-09-24| 87.437| 62.8442| 40.494|24.5928|0|0|0|0|
|2014-09-25| 87.437| 62.8442| 40.5096|24.5928|0|0|0|0|
|2014-09-26| 87.437| 63.0976| 40.766|24.3394|0|0|0|0|
|2014-09-27| 87.437| 63.0976| 40.7719|24.3394|0|0|0|0|
|2014-09-28| 87.437| 63.0976| 40.7768|24.3394|0|0|0|0|
|2014-09-29| 87.437| 63.0976| 40.7787|24.3394|0|0|0|0|
|2014-09-30| 87.437| 63.0976| 40.7807|24.3394|0|0|0|0|
|2014-10-01| 87.437| 63.0976| 40.7836|24.3394|0|0|0|0|
|2014-10-02| 87.437| 63.0976| 40.8012|24.3394|0|0|0|0|
|2014-10-03| 87.437| 63.0976| 40.809|24.3394|0|0|0|0|
|2014-10-04| 87.437| 63.0976| 40.8159|24.3394|0|0|0|0|
|2014-10-05| 87.437| 63.0976| 40.8218|24.3394|0|0|0|0|
|2014-10-06| 87.437| 63.0976| 40.8227|24.3394|0|0|0|0|
|2014-10-07| 87.437| 63.0976| 40.8286|24.3394|0|0|0|0|
|2014-10-08| 87.437| 63.0976| 40.8462|24.3394|0|0|0|0|
|2014-10-09| 87.437| 63.0976| 40.8492|24.3394|0|0|0|0|
|2014-10-10| 87.437| 63.0976| 40.8599|24.3394|0|0|0|0|
|2014-10-11| 87.437| 63.0976| 40.8658|24.3394|0|0|0|0|
|2014-10-12| 87.437| 64.2816| 40.9137|23.1554|0|0|0|0|
|2014-10-13| 87.437| 64.2816| 40.9137|23.1554|0|0|0|0|
|2014-10-14| 87.437| 64.2816| 40.9186|23.1554|0|0|0|0|
|2014-10-15| 87.437| 64.2816| 40.9196|23.1554|0|0|0|0|
|2014-10-16| 87.437| 64.2816| 40.9225|23.1554|0|0|0|0|
|2014-10-17| 87.437| 64.2816| 40.9265|23.1554|0|0|0|0|
|2014-10-18| 87.437| 64.2816| 40.9578|23.1554|0|0|0|0|
|2014-10-19| 87.437| 64.2816| 40.9656|23.1554|0|0|0|0|
|2014-10-20| 87.437| 64.2816| 40.9676|23.1554|0|0|0|0|
|2014-10-21| 87.437| 64.2816| 40.9724|23.1554|0|0|0|0|
|2014-10-22| 87.437| 64.3863| 40.9764|23.0507|0|0|0|0|
|2014-10-23| 87.437| 64.3863| 40.9803|23.0507|0|0|0|0|
|2014-10-24| 87.437| 66.444| 40.9969|20.993|0|0|0|0|
|2014-10-25| 87.437| 66.9313| 41.1104|20.5057|0|0|0|0|
|2014-10-26| 87.437| 66.9313| 41.1114|20.5057|0|0|0|0|
|2014-10-27| 87.437| 66.9313| 41.2004|20.5057|0|0|0|0|
|2014-10-28| 87.437| 66.9313| 41.3208|20.5057|0|0|0|0|
|2014-10-29| 87.437| 67.0359| 41.3863|20.4011|0|0|0|0|
|2014-10-30| 87.437| 67.0359| 41.4118|20.4011|0|0|0|0|
|2014-10-31| 87.437| 67.0359| 41.4225|20.4011|0|0|0|0|
|2014-11-01| 87.437| 67.0359| 41.4343|20.4011|0|0|0|0|
|2014-11-02| 87.437| 67.0359| 41.4353|20.4011|0|0|0|0|
|2014-11-03| 87.437| 67.0359| 41.4362|20.4011|0|0|0|0|
|2014-11-04| 87.437| 67.0359| 41.445|20.4011|0|0|0|0|
|2014-11-05| 87.437| 67.0359| 41.4539|20.4011|0|0|0|0|
|2014-11-06| 87.437| 67.0359| 41.4793|20.4011|0|0|0|0|
|2014-11-07| 87.437| 67.0359| 41.4852|20.4011|0|0|0|0|
|2014-11-08| 87.437| 67.0359| 41.5155|20.4011|0|0|0|0|
|2014-11-09| 87.437| 67.6279| 41.5312|19.8091|0|0|0|0|
|2014-11-10| 87.437| 67.6279| 41.5321|19.8091|0|0|0|0|
|2014-11-11| 87.437| 69.6856| 41.5664|17.7514|0|0|0|0|
|2014-11-12| 87.437| 70.8011| 41.7083|16.6359|0|0|0|0|
|2014-11-13| 87.437| 70.8011| 41.7317|16.6359|0|0|0|0|
|2014-11-14| 87.437| 70.8011| 41.7503|16.6359|0|0|0|0|
|2014-11-15| 87.437| 70.8011| 41.7513|16.6359|0|0|0|0|
|2014-11-16| 87.437| 70.8011| 41.7513|16.6359|0|0|0|0|
|2014-11-17| 87.437| 70.8011| 41.7513|16.6359|0|0|0|0|
|2014-11-18| 87.437| 70.8011| 41.766|16.6359|0|0|0|0|
|2014-11-19| 87.437| 70.8011| 41.767|16.6359|0|0|0|0|
|2014-11-20| 87.437| 70.8011| 41.7679|16.6359|0|0|0|0|
|2014-11-21| 87.437| 70.8011| 41.7993|16.6359|0|0|0|0|
|2014-11-22| 87.437| 70.8011| 41.8863|16.6359|0|0|0|0|
|2014-11-23| 87.437| 70.8011| 41.8883|16.6359|0|0|0|0|
|2014-11-24| 87.437| 70.8011| 41.8883|16.6359|0|0|0|0|
|2014-11-25| 87.437| 70.8011| 41.8922|16.6359|0|0|0|0|
|2014-11-26| 87.437| 70.7698| 41.5272|16.6672|0|0|0|0|
|2014-11-27| 87.437| 70.7698| 41.5781|16.6672|0|0|0|0|
|2014-11-28| 87.437| 70.7698| 41.627|16.6672|0|0|0|0|
|2014-11-29| 87.437| 70.7698| 41.6319|16.6672|0|0|0|0|
|2014-11-30| 87.437| 70.7698| 41.6407|16.6672|0|0|0|0|
|2014-12-01| 87.437| 70.7698| 41.6466|16.6672|0|0|0|0|
|2014-12-02| 87.437| 70.7698| 41.6897|16.6672|0|0|0|0|
|2014-12-03| 87.437| 71.7708| 41.7533|15.6662|0|0|0|0|
|2014-12-04| 87.437| 71.7708| 41.9969|15.6662|0|0|0|0|
|2014-12-05| 87.437| 71.7708| 42.0028|15.6662|0|0|0|0|
|2014-12-06| 87.437| 71.7708| 42.0047|15.6662|0|0|0|0|
|2014-12-07| 87.437| 71.7708| 42.0057|15.6662|0|0|0|0|
|2014-12-08| 87.437| 71.7708| 42.0145|15.6662|0|0|0|0|
|2014-12-09| 87.437| 71.7708| 42.0302|15.6662|0|0|0|0|
|2014-12-10| 87.437| 71.8755| 42.1437|15.5615|0|0|0|0|
|2014-12-11| 87.437| 71.8755| 42.5302|15.5615|0|0|0|0|
|2014-12-12| 87.437| 71.8755| 42.5537|15.5615|0|0|0|0|
|2014-12-13| 87.437| 71.8755| 42.5566|15.5615|0|0|0|0|
|2014-12-14| 87.437| 71.8755| 42.5576|15.5615|0|0|0|0|
|2014-12-15| 87.437| 71.8755| 42.5595|15.5615|0|0|0|0|
|2014-12-16| 87.437| 71.8755| 42.5938|15.5615|0|0|0|0|
|2014-12-17| 87.437| 71.8755| 42.6153|15.5615|0|0|0|0|
|2014-12-18| 87.437| 72.3295| 42.6613|15.1075|0|0|0|0|
|2014-12-19| 87.437| 72.3295| 42.6818|15.1075|0|0|0|0|
|2014-12-20| 87.437| 72.8304| 42.7885|14.6066|0|0|0|0|
|2014-12-21| 87.437| 72.8304| 42.7934|14.6066|0|0|0|0|
|2014-12-22| 87.437| 72.8304| 42.7973|14.6066|0|0|0|0|
|2014-12-23| 87.437| 72.8304| 42.8237|14.6066|0|0|0|0|
|2014-12-24| 87.437| 72.8304| 42.8433|14.6066|0|0|0|0|
|2014-12-25| 87.437| 72.8304| 42.8452|14.6066|0|0|0|0|
|2014-12-26| 87.437| 72.8304| 42.8492|14.6066|0|0|0|0|
|2014-12-27| 87.437| 72.8304| 42.854|14.6066|0|0|0|0|
|2014-12-28| 87.437| 72.8304| 42.857|14.6066|0|0|0|0|
|2014-12-29| 87.437| 72.8304| 42.8658|14.6066|0|0|0|0|
|2014-12-30| 87.437| 72.8304| 42.8658|14.6066|0|0|0|0|
|2014-12-31| 87.437| 72.8304| 42.8677|14.6066|0|0|0|0|
|2015-01-01| 87.437| 72.8304| 42.8717|14.6066|0|0|0|0|
|2015-01-02| 87.437| 72.8304| 42.8726|14.6066|0|0|0|0|
|2015-01-03| 87.437| 72.8304| 42.8834|14.6066|0|0|0|0|
|2015-01-04| 87.437| 72.8304| 42.8844|14.6066|0|0|0|0|
|2015-01-05| 87.437| 72.8304| 42.8854|14.6066|0|0|0|0|
|2015-01-06| 87.437| 72.8304| 42.8863|14.6066|0|0|0|0|
|2015-01-07| 87.437| 72.8304| 42.8863|14.6066|0|0|0|0|
|2015-01-08| 87.437| 72.8304| 42.8873|14.6066|0|0|0|0|
|2015-01-09| 87.437| 72.8304| 42.9088|14.6066|0|0|0|0|
|2015-01-10| 87.437| 72.8304| 42.9186|14.6066|0|0|0|0|
|2015-01-11| 87.437| 72.8304| 42.9206|14.6066|0|0|0|0|
|2015-01-12| 87.437| 72.8304| 42.9206|14.6066|0|0|0|0|
|2015-01-13| 87.437| 72.8304| 42.9304|14.6066|0|0|0|0|
|2015-01-14| 87.437| 72.8304| 42.9382|14.6066|0|0|0|0|
|2015-01-15| 87.437| 72.8304| 42.9812|14.6066|0|0|0|0|
|2015-01-16| 87.437| 72.8304| 42.9989|14.6066|0|0|0|0|
|2015-01-17| 87.437| 72.8304| 43.0762|14.6066|0|0|0|0|
|2015-01-18| 87.437| 72.8304| 43.0938|14.6066|0|0|0|0|
|2015-01-19| 87.437| 72.8304| 43.1075|14.6066|0|0|0|0|
|2015-01-20| 87.437| 72.8304| 43.1212|14.6066|0|0|0|0|
|2015-01-21| 87.437| 72.8304| 43.2983|14.6066|0|0|0|0|
|2015-01-22| 87.437| 72.8304| 43.3071|14.6066|0|0|0|0|
|2015-01-23| 87.437| 72.9351| 43.358|14.5019|0|0|0|0|
|2015-01-24| 87.437| 72.9351| 43.3942|14.5019|0|0|0|0|
|2015-01-25| 87.437| 72.9351| 43.402|14.5019|0|0|0|0|
|2015-01-26| 87.437| 72.9351| 43.4059|14.5019|0|0|0|0|
|2015-01-27| 87.437| 72.9351| 43.4079|14.5019|0|0|0|0|
|2015-01-28| 87.437| 72.9351| 43.4098|14.5019|0|0|0|0|
|2015-01-29| 87.437| 72.9351| 43.4167|14.5019|0|0|0|0|
|2015-01-30| 87.437| 73.2492| 43.4695|14.1878|0|0|0|0|
|2015-01-31| 87.437| 73.2492| 43.4744|14.1878|0|0|0|0|
|2015-02-01| 87.437| 73.2492| 43.4764|14.1878|0|0|0|0|
|2015-02-02| 87.437| 73.2492| 43.4773|14.1878|0|0|0|0|
|2015-02-03| 87.437| 73.2492| 43.5008|14.1878|0|0|0|0|
|2015-02-04| 87.437| 73.3236| 43.5106|14.1134|0|0|0|0|
|2015-02-05| 87.437| 73.3236| 43.5155|14.1134|0|0|0|0|
|2015-02-06| 87.437| 73.3236| 43.6358|14.1134|0|0|0|0|
|2015-02-07| 87.437| 73.3236| 43.6427|14.1134|0|0|0|0|
|2015-02-08| 87.437| 73.3236| 43.6515|14.1134|0|0|0|0|
|2015-02-09| 87.437| 73.3236| 43.6525|14.1134|0|0|0|0|
|2015-02-10| 87.437| 73.3236| 43.6642|14.1134|0|0|0|0|
|2015-02-11| 87.437| 73.3236| 43.6672|14.1134|0|0|0|0|
|2015-02-12| 87.437| 73.3236| 43.6965|14.1134|0|0|0|0|
|2015-02-13| 87.437| 73.4283| 43.7259|14.0087|0|0|0|0|
|2015-02-14| 87.437| 73.4283| 43.7268|14.0087|0|0|0|0|
|2015-02-15| 87.437| 73.4283| 43.7278|14.0087|0|0|0|0|
|2015-02-16| 87.437| 73.7287| 43.8266|13.7083|0|0|0|0|
|2015-02-17| 87.437| 73.7287| 43.8501|13.7083|0|0|0|0|
|2015-02-18| 87.437| 73.7287| 43.8628|13.7083|0|0|0|0|
|2015-02-19| 87.437| 73.7287| 43.9401|13.7083|0|0|0|0|
|2015-02-20| 87.437| 73.7287| 43.948|13.7083|0|0|0|0|
|2015-02-21| 87.437| 73.7287| 43.9744|13.7083|0|0|0|0|
|2015-02-22| 87.437| 73.7287| 43.9881|13.7083|0|0|0|0|
|2015-02-23| 87.437| 73.7287| 43.9891|13.7083|0|0|0|0|
|2015-02-24| 87.437| 73.7287| 43.9969|13.7083|0|0|0|0|
|2015-02-25| 87.437| 73.7287| 44.0008|13.7083|0|0|0|0|
|2015-02-26| 87.437| 73.7287| 44.0527|13.7083|0|0|0|0|
|2015-02-27| 87.437| 73.7287| 44.0615|13.7083|0|0|0|0|
|2015-02-28| 87.437| 73.5193| 44.0008|13.9177|0|0|0|0|
|2015-03-01| 87.437| 73.5193| 44.0047|13.9177|0|0|0|0|
|2015-03-02| 87.437| 73.5193| 44.0077|13.9177|0|0|0|0|
|2015-03-03| 87.437| 73.5193| 44.0096|13.9177|0|0|0|0|
|2015-03-04| 87.437| 73.5193| 44.0106|13.9177|0|0|0|0|
|2015-03-05| 87.437| 73.5937| 44.0272|13.8433|0|0|0|0|
|2015-03-06| 87.437| 73.5937| 44.037|13.8433|0|0|0|0|
|2015-03-07| 87.437| 73.5937| 44.0439|13.8433|0|0|0|0|
|2015-03-08| 87.437| 73.5937| 44.0615|13.8433|0|0|0|0|
|2015-03-09| 87.437| 73.5937| 44.0644|13.8433|0|0|0|0|
|2015-03-10| 87.437| 73.2786| 44.084|14.1584|0|0|0|0|
|2015-03-11| 87.437| 73.2786| 44.1045|14.1584|0|0|0|0|
|2015-03-12| 87.437| 73.2786| 44.1124|14.1584|0|0|0|0|
|2015-03-13| 87.437| 73.2786| 44.1153|14.1584|0|0|0|0|
|2015-03-14| 87.437| 73.2786| 44.2259|14.1584|0|0|0|0|
|2015-03-15| 87.437| 73.2786| 44.2552|14.1584|0|0|0|0|
|2015-03-16| 87.437| 73.2786| 44.2581|14.1584|0|0|0|0|
|2015-03-17| 87.437| 73.2786| 44.2875|14.1584|0|0|0|0|
|2015-03-18| 87.437| 73.2786| 44.2895|14.1584|0|0|0|0|
|2015-03-19| 87.437| 73.2786| 44.2992|14.1584|0|0|0|0|
|2015-03-20| 87.437| 73.2786| 44.403|14.1584|0|0|0|0|
|2015-03-21| 87.437| 73.2786| 44.4323|14.1584|0|0|0|0|
|2015-03-22| 87.437| 73.2786| 44.4372|14.1584|0|0|0|0|
|2015-03-23| 87.437| 73.2786| 44.447|14.1584|0|0|0|0|
|2015-03-24| 87.437| 73.2786| 44.4607|14.1584|0|0|0|0|
|2015-03-25| 87.437| 73.2786| 44.4715|14.1584|0|0|0|0|
|2015-03-26| 87.437| 73.2786| 44.4852|14.1584|0|0|0|0|
|2015-03-27| 87.437| 73.2786| 44.4949|14.1584|0|0|0|0|
|2015-03-28| 87.437| 73.2786| 44.5067|14.1584|0|0|0|0|
|2015-03-29| 87.437| 73.2786| 44.5096|14.1584|0|0|0|0|
|2015-03-30| 87.437| 73.2786| 44.5096|14.1584|0|0|0|0|
|2015-03-31| 87.437| 73.2786| 44.5194|14.1584|0|0|0|0|
|2015-04-01| 87.437| 72.9743| 44.219|14.4627|0|0|0|0|
|2015-04-02| 87.437| 72.9743| 44.2229|14.4627|0|0|0|0|
|2015-04-03| 87.437| 72.9743| 44.2259|14.4627|0|0|0|0|
|2015-04-04| 87.437| 72.9743| 44.2268|14.4627|0|0|0|0|
|2015-04-05| 87.437| 72.9743| 44.2366|14.4627|0|0|0|0|
|2015-04-06| 87.437| 72.9743| 44.2425|14.4627|0|0|0|0|
|2015-04-07| 87.437| 73.1837| 44.2572|14.2533|0|0|0|0|
|2015-04-08| 87.437| 73.985| 44.2855|13.452|0|0|0|0|
|2015-04-09| 87.437| 73.985| 44.3423|13.452|0|0|0|0|
|2015-04-10| 87.437| 74.0212| 44.3883|13.4158|0|0|0|0|
|2015-04-11| 87.437| 74.0212| 44.3951|13.4158|0|0|0|0|
|2015-04-12| 87.437| 74.0212| 44.3971|13.4158|0|0|0|0|
|2015-04-13| 87.437| 74.0212| 44.402|13.4158|0|0|0|0|
|2015-04-14| 87.437| 74.0212| 44.4147|13.4158|0|0|0|0|
|2015-04-15| 87.437| 74.0212| 44.4411|13.4158|0|0|0|0|
|2015-04-16| 87.437| 74.0212| 44.4715|13.4158|0|0|0|0|
|2015-04-17| 87.437| 74.0212| 44.5096|13.4158|0|0|0|0|
|2015-04-18| 87.437| 74.0212| 44.5135|13.4158|0|0|0|0|
|2015-04-19| 87.437| 74.0212| 44.5145|13.4158|0|0|0|0|
|2015-04-20| 87.437| 74.2991| 44.5214|13.1379|0|0|0|0|
|2015-04-21| 87.437| 74.2991| 44.537|13.1379|0|0|0|0|
|2015-04-22| 87.437| 74.2991| 44.5556|13.1379|0|0|0|0|
|2015-04-23| 87.437| 74.2991| 44.5576|13.1379|0|0|0|0|
|2015-04-24| 87.437| 76.3569| 44.5713|11.0801|0|0|0|0|
|2015-04-25| 87.437| 78.1005| 44.6202|9.3365|0|0|0|0|
|2015-04-26| 87.437| 78.1005| 44.6339|9.3365|0|0|0|0|
|2015-04-27| 87.437| 78.1005| 44.6486|9.3365|0|0|0|0|
|2015-04-28| 87.437| 78.1005| 44.6525|9.3365|0|0|0|0|
|2015-04-29| 87.437| 78.1005| 45.4529|9.3365|0|0|0|0|
|2015-04-30| 87.437| 78.1005| 45.6329|9.3365|0|0|0|0|
|2015-05-01| 87.437| 78.1005| 45.6417|9.3365|0|0|0|0|
|2015-05-02| 87.437| 78.1005| 45.6476|9.3365|0|0|0|0|
|2015-05-03| 87.437| 78.1005| 45.6671|9.3365|0|0|0|0|
|2015-05-04| 87.437| 78.1005| 45.6681|9.3365|0|0|0|0|
|2015-05-05| 87.437| 78.1005| 45.6916|9.3365|0|0|0|0|
|2015-05-06| 87.437| 78.1005| 45.9157|9.3365|0|0|0|0|
|2015-05-07| 87.437| 78.1005| 45.9215|9.3365|0|0|0|0|
|2015-05-08| 87.437| 78.1005| 45.948|9.3365|0|0|0|0|
|2015-05-09| 87.437| 78.1005| 45.9705|9.3365|0|0|0|0|
|2015-05-10| 87.437| 78.1005| 45.9724|9.3365|0|0|0|0|
|2015-05-11| 87.437| 78.1005| 45.9734|9.3365|0|0|0|0|
|2015-05-12| 87.437| 78.1005| 45.9763|9.3365|0|0|0|0|
|2015-05-13| 87.437| 78.1005| 45.99|9.3365|0|0|0|0|
|2015-05-14| 87.437| 78.1005| 45.9998|9.3365|0|0|0|0|
|2015-05-15| 87.437| 78.1005| 46.0341|9.3365|0|0|0|0|
|2015-05-16| 87.437| 78.1005| 46.0341|9.3365|0|0|0|0|
|2015-05-17| 87.437| 78.1005| 46.039|9.3365|0|0|0|0|
|2015-05-18| 87.437| 78.1005| 46.039|9.3365|0|0|0|0|
|2015-05-19| 87.437| 78.1005| 46.0399|9.3365|0|0|0|0|
|2015-05-20| 87.437| 78.1005| 46.0439|9.3365|0|0|0|0|
|2015-05-21| 87.437| 78.1005| 46.0468|9.3365|0|0|0|0|
|2015-05-22| 87.437| 78.1005| 46.0556|9.3365|0|0|0|0|
|2015-05-23| 87.437| 78.1005| 46.0664|9.3365|0|0|0|0|
|2015-05-24| 87.437| 78.1005| 46.0889|9.3365|0|0|0|0|
|2015-05-25| 87.437| 78.1005| 46.0938|9.3365|0|0|0|0|
|2015-05-26| 87.437| 78.1005| 46.0987|9.3365|0|0|0|0|
|2015-05-27| 87.437| 76.6298| 44.9392|10.8072|0|0|0|0|
|2015-05-28| 87.437| 76.6298| 44.9489|10.8072|0|0|0|0|
|2015-05-29| 87.437| 76.6298| 45.0125|10.8072|0|0|0|0|
|2015-05-30| 87.437| 76.6298| 45.4362|10.8072|0|0|0|0|
|2015-05-31| 87.437| 76.6298| 45.5977|10.8072|0|0|0|0|
|2015-06-01| 87.437| 76.6298| 45.7043|10.8072|0|0|0|0|
|2015-06-02| 87.437| 76.6298| 45.7112|10.8072|0|0|0|0|
|2015-06-03| 87.437| 76.6298| 45.7366|10.8072|0|0|0|0|
|2015-06-04| 87.437| 76.6298| 45.7533|10.8072|0|0|0|0|
|2015-06-05| 87.437| 76.6298| 45.7992|10.8072|0|0|0|0|
|2015-06-06| 87.437| 76.6298| 45.8951|10.8072|0|0|0|0|
|2015-06-07| 87.437| 76.6298| 46.3413|10.8072|0|0|0|0|
|2015-06-08| 87.437| 76.6298| 46.3795|10.8072|0|0|0|0|
|2015-06-09| 87.437| 76.6298| 46.4137|10.8072|0|0|0|0|
|2015-06-10| 87.437| 76.6298| 46.4245|10.8072|0|0|0|0|
|2015-06-11| 87.437| 76.6298| 46.5448|10.8072|0|0|0|0|
|2015-06-12| 87.437| 78.6876| 46.9861|8.7494|0|0|0|0|
|2015-06-13| 87.437| 78.6876| 47.0184|8.7494|0|0|0|0|
|2015-06-14| 87.437| 78.6876| 47.0233|8.7494|0|0|0|0|
|2015-06-15| 87.437| 78.6876| 47.0282|8.7494|0|0|0|0|
|2015-06-16| 87.437| 78.6876| 47.1182|8.7494|0|0|0|0|
|2015-06-17| 87.437| 78.6876| 47.265|8.7494|0|0|0|0|
|2015-06-18| 87.437| 78.6876| 47.493|8.7494|0|0|0|0|
|2015-06-19| 87.437| 78.6876| 47.5243|8.7494|0|0|0|0|
|2015-06-20| 87.437| 78.6876| 47.535|8.7494|0|0|0|0|
|2015-06-21| 87.437| 78.6876| 47.5497|8.7494|0|0|0|0|
|2015-06-22| 87.437| 78.6876| 47.5546|8.7494|0|0|0|0|
|2015-06-23| 87.437| 79.1142| 47.5781|8.3228|0|0|0|0|
|2015-06-24| 87.437| 79.1142| 47.63|8.3228|0|0|0|0|
|2015-06-25| 87.437| 79.1142| 47.6378|8.3228|0|0|0|0|
|2015-06-26| 87.437| 79.1142| 47.7063|8.3228|0|0|0|0|
|2015-06-27| 87.437| 79.1142| 47.7112|8.3228|0|0|0|0|
|2015-06-28| 87.437| 79.1142| 47.7317|8.3228|0|0|0|0|
|2015-06-29| 87.437| 79.6377| 47.7601|7.7993|0|0|0|0|
|2015-06-30| 87.437| 79.6377| 47.9587|7.7993|0|0|0|0|
|2015-07-01| 87.437| 77.0672| 45.7249|10.3698|0|0|0|0|
|2015-07-02| 87.437| 77.2737| 45.7219|10.1633|0|0|0|0|
|2015-07-03| 87.437| 77.2737| 45.7552|10.1633|0|0|0|0|
|2015-07-04| 87.437| 77.2737| 45.7924|10.1633|0|0|0|0|
|2015-07-05| 87.437| 77.2737| 45.7973|10.1633|0|0|0|0|
|2015-07-06| 87.437| 77.2737| 45.8002|10.1633|0|0|0|0|
|2015-07-07| 87.437| 77.2737| 45.8159|10.1633|0|0|0|0|
|2015-07-08| 87.437| 77.4831| 45.8403|9.9539|0|0|0|0|
|2015-07-09| 87.437| 77.4831| 45.8433|9.9539|0|0|0|0|
|2015-07-10| 87.437| 77.4831| 45.8482|9.9539|0|0|0|0|
|2015-07-11| 87.437| 77.4831| 45.8501|9.9539|0|0|0|0|
|2015-07-12| 87.437| 77.4831| 45.8922|9.9539|0|0|0|0|
|2015-07-13| 87.437| 77.4831| 45.903|9.9539|0|0|0|0|
|2015-07-14| 87.437| 77.4831| 45.9401|9.9539|0|0|0|0|
|2015-07-15| 87.437| 77.4831| 45.945|9.9539|0|0|0|0|
|2015-07-16| 87.437| 77.4831| 45.9577|9.9539|0|0|0|0|
|2015-07-17| 87.437| 77.4831| 45.9617|9.9539|0|0|0|0|
|2015-07-18| 87.437| 77.4831| 45.9734|9.9539|0|0|0|0|
|2015-07-19| 87.437| 77.4831| 45.9734|9.9539|0|0|0|0|
|2015-07-20| 87.437| 77.4831| 45.9744|9.9539|0|0|0|0|
|2015-07-21| 87.437| 77.4831| 45.991|9.9539|0|0|0|0|
|2015-07-22| 87.437| 77.4831| 46.0165|9.9539|0|0|0|0|
|2015-07-23| 87.437| 80.0643| 46.1202|7.3727|0|0|0|0|
|2015-07-24| 87.437| 80.0643| 46.5243|7.3727|0|0|0|0|
|2015-07-25| 87.437| 80.0643| 46.5292|7.3727|0|0|0|0|
|2015-07-26| 87.437| 80.0643| 46.5331|7.3727|0|0|0|0|
|2015-07-27| 87.437| 80.0643| 46.536|7.3727|0|0|0|0|
|2015-07-28| 87.437| 80.0643| 46.5429|7.3727|0|0|0|0|
|2015-07-29| 87.437| 80.0643| 46.584|7.3727|0|0|0|0|
|2015-07-30| 87.437| 80.169| 47.353|7.268|0|0|0|0|
|2015-07-31| 87.437| 80.169| 47.6163|7.268|0|0|0|0|
|2015-08-01| 87.437| 80.169| 47.6593|7.268|0|0|0|0|
|2015-08-02| 87.437| 80.169| 47.6622|7.268|0|0|0|0|
|2015-08-03| 87.437| 80.169| 47.6622|7.268|0|0|0|0|
|2015-08-04| 87.437| 80.8128| 47.8824|6.6242|0|0|0|0|
|2015-08-05| 87.437| 80.8128| 48.0527|6.6242|0|0|0|0|
|2015-08-06| 87.437| 80.8128| 48.0781|6.6242|0|0|0|0|
|2015-08-07| 87.437| 80.8128| 48.0898|6.6242|0|0|0|0|
|2015-08-08| 87.437| 80.8128| 48.1182|6.6242|0|0|0|0|
|2015-08-09| 87.437| 80.8128| 48.1192|6.6242|0|0|0|0|
|2015-08-10| 87.437| 80.8128| 48.1221|6.6242|0|0|0|0|
|2015-08-11| 87.437| 80.8128| 48.1877|6.6242|0|0|0|0|
|2015-08-12| 87.437| 80.8128| 48.2112|6.6242|0|0|0|0|
|2015-08-13| 87.437| 80.8128| 48.2953|6.6242|0|0|0|0|
|2015-08-14| 87.437| 80.8128| 48.4382|6.6242|0|0|0|0|
|2015-08-15| 87.437| 80.8128| 48.4685|6.6242|0|0|0|0|
|2015-08-16| 87.437| 80.8128| 48.4939|6.6242|0|0|0|0|
|2015-08-17| 87.437| 80.8128| 48.4949|6.6242|0|0|0|0|
|2015-08-18| 87.437| 81.3001| 48.5233|6.1369|0|0|0|0|
|2015-08-19| 87.437| 81.3001| 48.5996|6.1369|0|0|0|0|
|2015-08-20| 87.437| 81.3001| 48.7346|6.1369|0|0|0|0|
|2015-08-21| 87.437| 81.3001| 48.9206|6.1369|0|0|0|0|
|2015-08-22| 87.437| 81.3001| 49.2483|6.1369|0|0|0|0|
|2015-08-23| 87.437| 81.3001| 49.2669|6.1369|0|0|0|0|
|2015-08-24| 87.437| 81.3001| 49.2787|6.1369|0|0|0|0|
|2015-08-25| 87.437| 81.3001| 49.4489|6.1369|0|0|0|0|
|2015-08-26| 87.437| 81.3001| 49.6202|6.1369|0|0|0|0|
|2015-08-27| 87.437| 81.3001| 49.6231|6.1369|0|0|0|0|
|2015-08-28| 87.437| 81.3001| 49.81|6.1369|0|0|0|0|
|2015-08-29| 87.437| 81.439| 50.2845|5.998|0|0|0|0|
|2015-08-30| 87.437| 81.439| 50.3883|5.998|0|0|0|0|
|2015-08-31| 87.437| 81.439| 50.4039|5.998|0|0|0|0|
|2015-09-01| 87.437| 81.439| 50.4382|5.998|0|0|0|0|
|2015-09-02| 87.437| 81.439| 50.5155|5.998|0|0|0|0|
|2015-09-03| 87.437| 81.439| 50.5282|5.998|0|0|0|0|
|2015-09-04| 87.437| 81.439| 50.5389|5.998|0|0|0|0|
|2015-09-05| 87.437| 81.3001| 50.6613|6.1369|0|0|0|0|
|2015-09-06| 87.437| 81.3001| 50.7826|6.1369|0|0|0|0|
|2015-09-07| 87.437| 81.7874| 51.0037|5.6496|0|0|0|0|
|2015-09-08| 87.437| 81.7874| 51.0389|5.6496|0|0|0|0|
|2015-09-09| 87.437| 81.7874| 51.0517|5.6496|0|0|0|0|
|2015-09-10| 87.437| 81.7874| 51.0526|5.6496|0|0|0|0|
|2015-09-11| 87.437| 81.8921| 51.2092|5.5449|0|0|0|0|
|2015-09-12| 87.437| 81.8921| 51.2131|5.5449|0|0|0|0|
|2015-09-13| 87.437| 81.8921| 51.2141|5.5449|0|0|0|0|
|2015-09-14| 87.437| 81.8921| 51.263|5.5449|0|0|0|0|
|2015-09-15| 87.437| 81.8921| 51.2728|5.5449|0|0|0|0|
|2015-09-16| 87.437| 81.8921| 51.4235|5.5449|0|0|0|0|
|2015-09-17| 87.437| 81.8921| 51.4626|5.5449|0|0|0|0|
|2015-09-18| 87.437| 81.8921| 51.4851|5.5449|0|0|0|0|
|2015-09-19| 87.437| 80.3578| 50.4538|7.0792|0|0|0|0|
|2015-09-20| 87.437| 80.3578| 50.4881|7.0792|0|0|0|0|
|2015-09-21| 87.437| 80.3578| 50.5067|7.0792|0|0|0|0|
|2015-09-22| 87.437| 80.3578| 50.5703|7.0792|0|0|0|0|
|2015-09-23| 87.437| 80.3578| 50.6045|7.0792|0|0|0|0|
|2015-09-24| 87.437| 80.395| 50.6221|7.042|0|0|0|0|
|2015-09-25| 87.437| 80.395| 50.6407|7.042|0|0|0|0|
|2015-09-26| 87.437| 80.7091| 50.6994|6.7279|0|0|0|0|
|2015-09-27| 87.437| 80.7091| 50.7053|6.7279|0|0|0|0|
|2015-09-28| 87.437| 80.7091| 50.7297|6.7279|0|0|0|0|
|2015-09-29| 87.437| 80.7091| 50.9225|6.7279|0|0|0|0|
|2015-09-30| 87.437| 80.7091| 50.9284|6.7279|0|0|0|0|
|2015-10-01| 87.437| 80.7091| 50.9323|6.7279|0|0|0|0|
|2015-10-02| 87.437| 80.7091| 50.9372|6.7279|0|0|0|0|
|2015-10-03| 87.437| 80.7091| 50.9401|6.7279|0|0|0|0|
|2015-10-04| 87.437| 80.7091| 50.9587|6.7279|0|0|0|0|
|2015-10-05| 87.437| 80.7091| 50.9656|6.7279|0|0|0|0|
|2015-10-06| 87.437| 80.7091| 50.9871|6.7279|0|0|0|0|
|2015-10-07| 87.437| 80.7091| 51.0301|6.7279|0|0|0|0|
|2015-10-08| 87.437| 80.7091| 51.035|6.7279|0|0|0|0|
|2015-10-09| 87.437| 82.7668| 51.0575|4.6702|0|0|0|0|
|2015-10-10| 87.437| 82.7668| 51.0605|4.6702|0|0|0|0|
|2015-10-11| 87.437| 82.7668| 51.0644|4.6702|0|0|0|0|
|2015-10-12| 87.437| 82.7668| 51.0703|4.6702|0|0|0|0|
|2015-10-13| 87.437| 82.7668| 51.0722|4.6702|0|0|0|0|
|2015-10-14| 87.437| 82.7668| 51.0908|4.6702|0|0|0|0|
|2015-10-15| 87.437| 82.7668| 51.0957|4.6702|0|0|0|0|
|2015-10-16| 87.437| 82.7668| 51.1436|4.6702|0|0|0|0|
|2015-10-17| 87.437| 82.7668| 51.172|4.6702|0|0|0|0|
|2015-10-18| 87.437| 82.7668| 51.1759|4.6702|0|0|0|0|
|2015-10-19| 87.437| 82.7668| 51.1789|4.6702|0|0|0|0|
|2015-10-20| 87.437| 82.7668| 51.1867|4.6702|0|0|0|0|
|2015-10-21| 87.437| 82.7668| 51.1984|4.6702|0|0|0|0|
|2015-10-22| 87.437| 82.7668| 51.1984|4.6702|0|0|0|0|
|2015-10-23| 87.437| 82.7668| 51.2288|4.6702|0|0|0|0|
|2015-10-24| 87.437| 82.7668| 51.2297|4.6702|0|0|0|0|
|2015-10-25| 87.437| 82.7668| 51.263|4.6702|0|0|0|0|
|2015-10-26| 87.437| 82.7668| 51.2777|4.6702|0|0|0|0|
|2015-10-27| 87.437| 82.8715| 51.3824|4.5655|0|0|0|0|
|2015-10-28| 87.437| 82.8715| 51.3853|4.5655|0|0|0|0|
|2015-10-29| 87.437| 83.1866| 51.4|4.2504|0|0|0|0|
|2015-10-30| 87.437| 83.1866| 51.4431|4.2504|0|0|0|0|
|2015-10-31| 87.437| 81.1288| 51.4431|6.3082|0|0|0|0|
|2015-11-01| 87.437| 81.1288| 51.444|6.3082|0|0|0|0|
|2015-11-02| 87.437| 81.1288| 51.444|6.3082|0|0|0|0|
|2015-11-03| 87.437| 81.1288| 51.4509|6.3082|0|0|0|0|
|2015-11-04| 87.437| 81.1288| 51.4616|6.3082|0|0|0|0|
|2015-11-05| 87.437| 81.1288| 51.4616|6.3082|0|0|0|0|
|2015-11-06| 87.437| 81.1288| 51.493|6.3082|0|0|0|0|
|2015-11-07| 87.437| 81.1288| 51.4959|6.3082|0|0|0|0|
|2015-11-08| 87.437| 81.1288| 51.5037|6.3082|0|0|0|0|
|2015-11-09| 87.437| 81.1288| 51.5076|6.3082|0|0|0|0|
|2015-11-10| 87.437| 81.1288| 51.5194|6.3082|0|0|0|0|
|2015-11-14| 87.437| 81.1288| 51.5448|6.3082|0|0|0|0|
|2015-11-15| 87.437| 81.1288| 51.6065|6.3082|0|0|0|0|
|2015-11-16| 87.437| 81.1288| 51.6955|6.3082|0|0|0|0|
|2015-11-17| 87.437| 81.1288| 51.7151|6.3082|0|0|0|0|
|2015-11-18| 87.437| 81.1288| 51.7278|6.3082|0|0|0|0|
|2015-11-19| 87.437| 81.1288| 51.7581|6.3082|0|0|0|0|
|2015-11-20| 87.437| 81.1288| 51.7875|6.3082|0|0|0|0|
|2015-11-21| 87.437| 81.1288| 51.808|6.3082|0|0|0|0|
|2015-11-22| 87.437| 81.1288| 51.8139|6.3082|0|0|0|0|
|2015-11-23| 87.437| 81.1288| 51.8149|6.3082|0|0|0|0|
|2015-11-24| 87.437| 81.1288| 51.8677|6.3082|0|0|0|0|
|2015-11-25| 87.437| 81.1288| 51.8922|6.3082|0|0|0|0|
|2015-11-26| 87.437| 81.1288| 51.901|6.3082|0|0|0|0|
|2015-11-27| 87.437| 81.1288| 51.9313|6.3082|0|0|0|0|
|2015-11-28| 87.437| 81.1288| 51.9313|6.3082|0|0|0|0|
|2015-11-29| 87.437| 81.1288| 51.9313|6.3082|0|0|0|0|
|2015-11-30| 87.437| 81.1288| 51.9636|6.3082|0|0|0|0|
|2015-12-01| 87.437| 81.1288| 51.9704|6.3082|0|0|0|0|
|2015-12-02| 87.437| 81.1288| 51.9822|6.3082|0|0|0|0|
|2015-12-03| 87.437| 81.1288| 52.0223|6.3082|0|0|0|0|
|2015-12-04| 87.437| 81.1288| 52.0712|6.3082|0|0|0|0|
|2015-12-05| 87.437| 81.1288| 52.0771|6.3082|0|0|0|0|
|2015-12-06| 87.437| 81.1288| 52.083|6.3082|0|0|0|0|
|2015-12-07| 87.437| 81.1288| 52.083|6.3082|0|0|0|0|
|2015-12-08| 87.437| 81.1288| 52.0967|6.3082|0|0|0|0|
|2015-12-09| 87.437| 81.1288| 52.1231|6.3082|0|0|0|0|
|2015-12-10| 87.437| 81.1288| 52.1661|6.3082|0|0|0|0|
|2015-12-11| 87.437| 81.1288| 52.2474|6.3082|0|0|0|0|
|2015-12-12| 87.437| 81.1288| 52.2562|6.3082|0|0|0|0|
|2015-12-13| 87.437| 81.1288| 52.2562|6.3082|0|0|0|0|
|2015-12-14| 87.437| 81.1288| 52.2581|6.3082|0|0|0|0|
|2015-12-15| 87.437| 81.1288| 52.2699|6.3082|0|0|0|0|
|2015-12-16| 87.437| 81.1288| 52.2738|6.3082|0|0|0|0|
|2015-12-17| 87.437| 81.1288| 52.2933|6.3082|0|0|0|0|
|2015-12-18| 87.437| 81.1288| 52.2973|6.3082|0|0|0|0|
|2015-12-19| 87.437| 81.1288| 52.2973|6.3082|0|0|0|0|
|2015-12-20| 87.437| 81.1288| 52.3021|6.3082|0|0|0|0|
|2015-12-21| 87.437| 81.1288| 52.3041|6.3082|0|0|0|0|
|2015-12-22| 87.437| 81.1288| 52.31|6.3082|0|0|0|0|
|2015-12-23| 87.437| 81.1288| 52.3178|6.3082|0|0|0|0|
|2015-12-24| 87.437| 81.1288| 52.3207|6.3082|0|0|0|0|
|2015-12-25| 87.437| 81.1288| 52.3286|6.3082|0|0|0|0|
|2015-12-26| 87.437| 81.1288| 52.3295|6.3082|0|0|0|0|
|2015-12-27| 87.437| 81.1288| 52.3305|6.3082|0|0|0|0|
|2015-12-28| 87.437| 81.1288| 52.3305|6.3082|0|0|0|0|
|2015-12-29| 87.437| 81.1288| 52.3325|6.3082|0|0|0|0|
|2015-12-30| 87.437| 81.1288| 52.3364|6.3082|0|0|0|0|
|2015-12-31| 87.437| 81.1288| 52.3364|6.3082|0|0|0|0|
|2016-01-01| 87.437| 81.1288| 52.3384|6.3082|0|0|0|0|
|2016-01-02| 87.437| 81.1288| 52.3393|6.3082|0|0|0|0|
|2016-01-03| 87.437| 81.1288| 52.3413|6.3082|0|0|0|0|
|2016-01-04| 87.437| 81.1288| 52.3413|6.3082|0|0|0|0|
|2016-01-05| 87.437| 81.1288| 52.3511|6.3082|0|0|0|0|
|2016-01-06| 87.437| 81.1288| 52.3579|6.3082|0|0|0|0|
|2016-01-07| 87.437| 81.1288| 52.3599|6.3082|0|0|0|0|
|2016-01-08| 87.437| 81.1288| 52.3648|6.3082|0|0|0|0|
|2016-01-09| 87.437| 81.1288| 52.3648|6.3082|0|0|0|0|
|2016-01-10| 87.437| 81.1288| 52.3667|6.3082|0|0|0|0|
|2016-01-11| 87.437| 81.1288| 52.3687|6.3082|0|0|0|0|
|2016-01-12| 87.437| 81.1288| 52.3706|6.3082|0|0|0|0|
|2016-01-13| 87.437| 81.1288| 52.3755|6.3082|0|0|0|0|
|2016-01-14| 87.437| 81.1288| 52.3971|6.3082|0|0|0|0|
|2016-01-15| 87.437| 81.1288| 52.4059|6.3082|0|0|0|0|
|2016-01-16| 87.437| 81.1288| 52.4068|6.3082|0|0|0|0|
|2016-01-17| 87.437| 81.1288| 52.4078|6.3082|0|0|0|0|
|2016-01-18| 87.437| 81.1288| 52.4127|6.3082|0|0|0|0|
|2016-01-19| 87.437| 81.1288| 52.4196|6.3082|0|0|0|0|
|2016-01-20| 87.437| 81.1288| 52.4225|6.3082|0|0|0|0|
|2016-01-21| 87.437| 81.1288| 52.4509|6.3082|0|0|0|0|
|2016-01-22| 87.437| 81.1288| 52.4734|6.3082|0|0|0|0|
|2016-01-23| 87.437| 81.1288| 52.4753|6.3082|0|0|0|0|
|2016-01-24| 87.437| 81.1288| 52.4763|6.3082|0|0|0|0|
|2016-01-25| 87.437| 81.1288| 52.4783|6.3082|0|0|0|0|
|2016-01-26| 87.437| 81.1288| 52.4822|6.3082|0|0|0|0|
|2016-01-27| 87.437| 81.1288| 52.4832|6.3082|0|0|0|0|
|2016-01-28| 87.437| 81.1288| 52.4881|6.3082|0|0|0|0|
|2016-01-29| 87.437| 81.1288| 52.492|6.3082|0|0|0|0|
|2016-01-30| 87.437| 81.1288| 52.4939|6.3082|0|0|0|0|
|2016-01-31| 87.437| 81.1288| 52.4959|6.3082|0|0|0|0|
|2016-02-01| 87.437| 81.1288| 52.4978|6.3082|0|0|0|0|
|2016-02-02| 87.437| 81.1288| 52.4998|6.3082|0|0|0|0|
|2016-02-03| 87.437| 81.1288| 52.5243|6.3082|0|0|0|0|
|2016-02-04| 87.437| 81.4439| 52.5781|5.9931|0|0|0|0|
|2016-02-05| 87.437| 81.4439| 52.5928|5.9931|0|0|0|0|
|2016-02-06| 87.437| 81.758| 52.7757|5.679|0|0|0|0|
|2016-02-07| 87.437| 81.758| 52.7787|5.679|0|0|0|0|
|2016-02-08| 87.437| 81.758| 52.7796|5.679|0|0|0|0|
|2016-02-09| 87.437| 81.758| 52.7796|5.679|0|0|0|0|
|2016-02-10| 87.437| 81.758| 52.7992|5.679|0|0|0|0|
|2016-02-11| 87.437| 81.758| 52.8031|5.679|0|0|0|0|
|2016-02-12| 87.437| 81.758| 52.809|5.679|0|0|0|0|
|2016-02-13| 87.437| 81.5721| 52.6564|5.8649|0|0|0|0|
|2016-02-14| 87.437| 81.5721| 52.6593|5.8649|0|0|0|0|
|2016-02-15| 87.437| 81.5721| 52.6632|5.8649|0|0|0|0|
|2016-02-16| 87.437| 81.5721| 52.6671|5.8649|0|0|0|0|
|2016-02-17| 87.437| 81.5721| 52.6818|5.8649|0|0|0|0|
|2016-02-18| 87.437| 81.5721| 52.7611|5.8649|0|0|0|0|
|2016-02-19| 87.437| 81.5721| 52.765|5.8649|0|0|0|0|
|2016-02-20| 87.437| 81.5721| 52.7747|5.8649|0|0|0|0|
|2016-02-21| 87.437| 81.5721| 52.7767|5.8649|0|0|0|0|
|2016-02-22| 87.437| 81.5721| 52.7796|5.8649|0|0|0|0|
|2016-02-23| 87.437| 81.5721| 52.7806|5.8649|0|0|0|0|
|2016-02-24| 87.437| 81.5721| 52.7845|5.8649|0|0|0|0|
|2016-02-25| 87.437| 81.5721| 52.7963|5.8649|0|0|0|0|
|2016-02-26| 87.437| 81.5721| 52.8021|5.8649|0|0|0|0|
|2016-02-27| 87.437| 81.5721| 52.8041|5.8649|0|0|0|0|
|2016-02-28| 87.437| 81.5721| 52.8051|5.8649|0|0|0|0|
|2016-02-29| 87.437| 81.5721| 52.8051|5.8649|0|0|0|0|
|2016-03-01| 87.437| 81.5721| 52.807|5.8649|0|0|0|0|
|2016-03-02| 87.437| 81.5721| 52.807|5.8649|0|0|0|0|
|2016-03-03| 87.437| 81.5721| 52.808|5.8649|0|0|0|0|
|2016-03-04| 87.437| 81.5721| 52.809|5.8649|0|0|0|0|
|2016-03-05| 87.437| 81.5721| 52.81|5.8649|0|0|0|0|
|2016-03-06| 87.437| 81.5721| 52.8119|5.8649|0|0|0|0|
|2016-03-07| 87.437| 81.5721| 52.8119|5.8649|0|0|0|0|
|2016-03-08| 87.437| 81.5721| 52.8129|5.8649|0|0|0|0|
|2016-03-09| 87.437| 81.5721| 52.8158|5.8649|0|0|0|0|
|2016-03-10| 87.437| 81.5721| 52.8217|5.8649|0|0|0|0|
|2016-03-11| 87.437| 81.5721| 52.8335|5.8649|0|0|0|0|
|2016-03-12| 87.437| 81.5721| 52.8335|5.8649|0|0|0|0|
|2016-03-13| 87.437| 81.5721| 52.8354|5.8649|0|0|0|0|
|2016-03-14| 87.437| 81.5721| 52.8354|5.8649|0|0|0|0|
|2016-03-15| 87.437| 81.5721| 52.853|5.8649|0|0|0|0|
|2016-03-16| 87.437| 81.5721| 52.855|5.8649|0|0|0|0|
|2016-03-17| 87.437| 81.5721| 52.8589|5.8649|0|0|0|0|
|2016-03-18| 87.437| 81.5721| 52.8628|5.8649|0|0|0|0|
|2016-03-19| 87.437| 81.5721| 52.8638|5.8649|0|0|0|0|
|2016-03-20| 87.437| 81.5721| 52.8648|5.8649|0|0|0|0|
|2016-03-21| 87.437| 81.5721| 52.8648|5.8649|0|0|0|0|
|2016-03-22| 87.437| 81.5721| 52.8667|5.8649|0|0|0|0|
|2016-03-23| 87.437| 81.5721| 52.8804|5.8649|0|0|0|0|
|2016-03-24| 87.437| 81.5721| 52.8814|5.8649|0|0|0|0|
|2016-03-25| 87.437| 81.5721| 52.8853|5.8649|0|0|0|0|
|2016-03-26| 87.437| 81.5721| 52.8892|5.8649|0|0|0|0|
|2016-03-27| 87.437| 81.5721| 52.8892|5.8649|0|0|0|0|
|2016-03-28| 87.437| 81.5721| 52.8902|5.8649|0|0|0|0|
|2016-03-29| 87.437| 81.5721| 52.8931|5.8649|0|0|0|0|
|2016-03-30| 87.437| 81.5721| 52.8931|5.8649|0|0|0|0|
|2016-03-31| 87.437| 81.5721| 52.8941|5.8649|0|0|0|0|
|2016-04-01| 87.437| 81.5721| 52.9059|5.8649|0|0|0|0|
|2016-04-02| 87.437| 81.5721| 52.9117|5.8649|0|0|0|0|
|2016-04-03| 87.437| 81.5721| 52.9137|5.8649|0|0|0|0|
|2016-04-04| 87.437| 81.5721| 52.9186|5.8649|0|0|0|0|
|2016-04-05| 87.437| 81.5721| 52.9205|5.8649|0|0|0|0|
|2016-04-06| 87.437| 81.5721| 52.9548|5.8649|0|0|0|0|
|2016-04-07| 87.437| 81.5721| 52.9616|5.8649|0|0|0|0|
|2016-04-08| 87.437| 81.5721| 52.9656|5.8649|0|0|0|0|
|2016-04-09| 87.437| 81.6768| 52.9753|5.7602|0|0|0|0|
|2016-04-10| 87.437| 81.6768| 52.9988|5.7602|0|0|0|0|
|2016-04-11| 87.437| 81.6768| 53.0008|5.7602|0|0|0|0|
|2016-04-12| 87.437| 81.9909| 53.0115|5.4461|0|0|0|0|
|2016-04-13| 87.437| 81.9909| 53.0164|5.4461|0|0|0|0|
|2016-04-14| 87.437| 81.9909| 53.2581|5.4461|0|0|0|0|
|2016-04-15| 87.437| 81.9909| 53.261|5.4461|0|0|0|0|
|2016-04-16| 87.437| 81.9909| 53.2699|5.4461|0|0|0|0|
|2016-04-17| 87.437| 81.9909| 53.2728|5.4461|0|0|0|0|
|2016-04-18| 87.437| 81.9909| 53.2738|5.4461|0|0|0|0|
|2016-04-19| 87.437| 82.305| 53.3609|5.132|0|0|0|0|
|2016-04-20| 87.437| 82.7238| 53.3785|4.7132|0|0|0|0|
|2016-04-21| 87.437| 82.7238| 53.4215|4.7132|0|0|0|0|
|2016-04-22| 87.437| 82.7238| 53.4274|4.7132|0|0|0|0|
|2016-04-23| 87.437| 82.7238| 53.4352|4.7132|0|0|0|0|
|2016-04-24| 87.437| 82.7238| 53.4362|4.7132|0|0|0|0|
|2016-04-25| 87.437| 82.7238| 53.4362|4.7132|0|0|0|0|
|2016-04-26| 87.437| 82.7238| 53.443|4.7132|0|0|0|0|
|2016-04-27| 87.437| 82.7238| 53.4763|4.7132|0|0|0|0|
|2016-04-28| 87.437| 82.7238| 53.5057|4.7132|0|0|0|0|
|2016-04-29| 87.437| 82.7238| 53.5477|4.7132|0|0|0|0|
|2016-04-30| 87.437| 82.7238| 53.671|4.7132|0|0|0|0|
|2016-05-01| 87.437| 82.7238| 53.672|4.7132|0|0|0|0|
|2016-05-02| 87.437| 82.7238| 53.6798|4.7132|0|0|0|0|
|2016-05-03| 87.437| 82.7238| 53.6906|4.7132|0|0|0|0|
|2016-05-04| 87.437| 82.7238| 53.7278|4.7132|0|0|0|0|
|2016-05-05| 87.437| 82.7238| 53.7816|4.7132|0|0|0|0|
|2016-05-06| 87.437| 82.7238| 53.7914|4.7132|0|0|0|0|
|2016-05-07| 87.437| 82.7238| 53.7992|4.7132|0|0|0|0|
|2016-05-08| 87.437| 82.7238| 53.8002|4.7132|0|0|0|0|
|2016-05-09| 87.437| 82.7238| 53.8041|4.7132|0|0|0|0|
