|2016-05-09| 8.38451| 7.89087| 5.35859|.49364|0|0|0|0|
|2016-05-10|||||0|0|0|0|
|2016-05-11| 8.38451| 7.89087| 5.38574|.49364|0|0|0|0|
|2016-05-12| 8.38451| 7.89087| 5.39822|.49364|0|0|0|0|
|2016-05-13| 8.38451| 7.89087| 5.42195|.49364|0|0|0|0|
|2016-05-14| 8.38451| 7.89087| 5.42928|.49364|0|0|0|0|
|2016-05-15| 8.38451| 7.89087| 5.4332|.49364|0|0|0|0|
|2016-05-16| 8.38451| 7.89087| 5.46573|.49364|0|0|0|0|
|2016-05-17| 8.38451| 7.89087| 5.47601|.49364|0|0|0|0|
|2016-05-18| 8.38451| 7.89087| 5.48677|.49364|0|0|0|0|
|2016-05-19| 8.38451| 7.89087| 5.49851|.49364|0|0|0|0|
|2016-05-20| 8.38451| 7.89087| 5.50683|.49364|0|0|0|0|
|2016-05-21| 8.38451| 7.89087| 5.51148|.49364|0|0|0|0|
|2016-05-22| 8.38451| 7.89087| 5.52053|.49364|0|0|0|0|
|2016-05-23| 8.38451| 7.89087| 5.533|.49364|0|0|0|0|
|2016-05-24| 8.38451| 7.89087| 5.57385|.49364|0|0|0|0|
|2016-05-25| 8.38451| 7.89087| 5.58266|.49364|0|0|0|0|
|2016-05-26| 8.38451| 7.89087| 5.58878|.49364|0|0|0|0|
|2016-05-27| 8.38451| 7.89087| 5.59783|.49364|0|0|0|0|
|2016-05-28| 8.38451| 7.89087| 5.6015|.49364|0|0|0|0|
|2016-05-29| 8.38451| 7.89087| 5.60247|.49364|0|0|0|0|
|2016-05-30| 8.38451| 7.89087| 5.62987|.49364|0|0|0|0|
|2016-05-31| 8.38451| 7.89087| 5.63941|.49364|0|0|0|0|
|2016-06-01| 8.38451| 7.89087| 5.65507|.49364|0|0|0|0|
|2016-06-02| 8.38451| 7.89087| 5.67341|.49364|0|0|0|0|
|2016-06-03| 8.38451| 7.89087| 5.70717|.49364|0|0|0|0|
|2016-06-04| 8.38451| 7.89087| 5.71475|.49364|0|0|0|0|
|2016-06-05| 8.38451| 7.89087| 5.71647|.49364|0|0|0|0|
|2016-06-06| 8.38451| 7.89087| 5.72552|.49364|0|0|0|0|
|2016-06-07|||||0|0|0|0|
|2016-06-08| 8.38451| 7.89087| 5.74729|.49364|0|0|0|0|
|2016-06-09| 8.38451| 7.89087| 5.75976|.49364|0|0|0|0|
|2016-06-10| 8.38451| 7.89087| 5.77468|.49364|0|0|0|0|
|2016-06-11| 8.38451| 7.89087| 5.78202|.49364|0|0|0|0|
|2016-06-12| 8.38451| 7.89087| 5.78349|.49364|0|0|0|0|
|2016-06-13| 8.38451| 7.89087| 5.78936|.49364|0|0|0|0|
|2016-06-14| 8.38451| 7.89087| 5.80208|.49364|0|0|0|0|
|2016-06-15| 8.38451| 7.89087| 5.82263|.49364|0|0|0|0|
|2016-06-16| 8.38451| 7.89087| 5.83804|.49364|0|0|0|0|
|2016-06-17| 8.38451| 7.89087| 5.84831|.49364|0|0|0|0|
|2016-06-18| 8.38451| 7.89087| 5.85247|.49364|0|0|0|0|
|2016-06-19|||||0|0|0|0|
|2016-06-20| 8.38451| 7.89087| 5.86666|.49364|0|0|0|0|
|2016-06-21| 8.38451| 7.89087| 5.87962|.49364|0|0|0|0|
|2016-06-22| 8.38451| 7.89087| 5.89332|.49364|0|0|0|0|
|2016-06-23| 8.38451| 7.89087| 5.9217|.49364|0|0|0|0|
|2016-06-24| 8.38451| 7.89087| 5.93344|.49364|0|0|0|0|
|2016-06-25| 8.38451| 7.89087| 5.9376|.49364|0|0|0|0|
|2016-06-26| 8.38451| 7.89087| 5.93882|.49364|0|0|0|0|
|2016-06-27| 8.38451| 7.89087| 5.94518|.49364|0|0|0|0|
|2016-06-28| 8.38451| 7.89087| 5.95228|.49364|0|0|0|0|
|2016-06-29| 8.38451| 7.89087| 5.95888|.49364|0|0|0|0|
|2016-06-30| 8.38451| 7.89087| 5.96451|.49364|0|0|0|0|
|2016-07-01| 8.38451| 7.89087| 5.96891|.49364|0|0|0|0|
|2016-07-02| 8.38451| 7.89087| 5.97282|.49364|0|0|0|0|
|2016-07-03| 8.38451| 7.89087| 5.9738|.49364|0|0|0|0|
|2016-07-04| 8.38451| 7.89087| 5.98481|.49364|0|0|0|0|
|2016-07-05| 8.38451| 7.89087| 5.99704|.49364|0|0|0|0|
|2016-07-06| 8.38451| 7.89087| 6.01172|.49364|0|0|0|0|
|2016-07-07| 8.38451| 7.89087| 6.01637|.49364|0|0|0|0|
|2016-07-08| 8.38451| 7.89087| 6.02077|.49364|0|0|0|0|
|2016-07-09|||||0|0|0|0|
|2016-07-10| 8.38451| 7.89087| 6.04107|.49364|0|0|0|0|
|2016-07-11| 8.38451| 7.89087| 6.04572|.49364|0|0|0|0|
|2016-07-12| 8.38451| 7.89087| 6.0533|.49364|0|0|0|0|
|2016-07-13| 8.38451| 7.89087| 6.06994|.49364|0|0|0|0|
|2016-07-14|||||0|0|0|0|
|2016-07-15| 8.38451| 7.89087| 6.09342|.49364|0|0|0|0|
|2016-07-16| 8.38451| 7.89087| 6.10223|.49364|0|0|0|0|
|2016-07-17| 8.38451| 7.89087| 6.10418|.49364|0|0|0|0|
|2016-07-18| 8.38451| 7.89087| 6.11299|.49364|0|0|0|0|
|2016-07-19| 8.38451| 7.89087| 6.11959|.49364|0|0|0|0|
|2016-07-20| 8.38451| 7.89087| 6.12644|.49364|0|0|0|0|
|2016-07-21|||||0|0|0|0|
|2016-07-22| 8.38451| 7.89087| 6.16583|.49364|0|0|0|0|
|2016-07-23| 8.38451| 7.89087| 6.16852|.49364|0|0|0|0|
|2016-07-24| 8.38451| 7.89087| 6.16901|.49364|0|0|0|0|
|2016-07-25| 8.38451| 7.89087| 6.18148|.49364|0|0|0|0|
|2016-07-26| 8.38451| 7.89087| 6.18784|.49364|0|0|0|0|
|2016-07-27| 8.38451| 7.89087| 6.19885|.49364|0|0|0|0|
|2016-07-28| 8.38451| 7.89087| 6.21695|.49364|0|0|0|0|
|2016-07-29| 8.38451| 7.89087| 6.23554|.49364|0|0|0|0|
|2016-07-30| 8.38451| 7.89087| 6.24044|.49364|0|0|0|0|
|2016-07-31| 8.38451| 7.89087| 6.24068|.49364|0|0|0|0|
|2016-08-01| 8.38451| 7.89087| 6.24337|.49364|0|0|0|0|
|2016-08-02| 8.38451| 7.89087| 6.24802|.49364|0|0|0|0|
|2016-08-03| 8.38451| 7.89087| 6.29547|.49364|0|0|0|0|
|2016-08-04| 8.38451| 7.89087| 6.32825|.49364|0|0|0|0|
|2016-08-05| 8.38451| 7.89087| 6.33241|.49364|0|0|0|0|
|2016-08-06| 8.38451| 7.89087| 6.33413|.49364|0|0|0|0|
|2016-08-07| 8.38451| 7.89087| 6.33584|.49364|0|0|0|0|
|2016-08-08| 8.38451| 7.89087| 6.33926|.49364|0|0|0|0|
|2016-08-09| 8.38451| 7.89087| 6.34367|.49364|0|0|0|0|
|2016-08-10| 8.38451| 7.89087| 6.35761|.49364|0|0|0|0|
|2016-08-11| 8.38451| 7.89087| 6.36152|.49364|0|0|0|0|
|2016-08-12| 8.38451| 7.89087| 6.36764|.49364|0|0|0|0|
|2016-08-13| 8.38451| 7.89087| 6.36813|.49364|0|0|0|0|
|2016-08-14| 8.38451| 7.89087| 6.36813|.49364|0|0|0|0|
|2016-08-15| 8.38451| 7.89087| 6.36886|.49364|0|0|0|0|
|2016-08-16| 8.38451| 7.89087| 6.39112|.49364|0|0|0|0|
|2016-08-17| 8.38451| 7.89087| 6.4354|.49364|0|0|0|0|
|2016-08-18| 8.38451| 7.89087| 6.44469|.49364|0|0|0|0|
|2016-08-19| 8.38451| 7.89087| 6.69909|.49364|0|0|0|0|
|2016-08-20| 8.38451| 7.89087| 6.85418|.49364|0|0|0|0|
|2016-08-21| 8.38451| 7.89087| 6.85443|.49364|0|0|0|0|
|2016-08-22| 8.38451| 7.89087| 6.85785|.49364|0|0|0|0|
|2016-08-23| 8.38451| 7.89087| 6.86176|.49364|0|0|0|0|
|2016-08-24| 8.38451| 7.89087| 6.8647|.49364|0|0|0|0|
|2016-08-25| 8.38451| 7.89087| 6.86617|.49364|0|0|0|0|
|2016-08-26| 8.38451| 7.89087| 6.87375|.49364|0|0|0|0|
|2016-08-27|||||0|0|0|0|
|2016-08-28|||||0|0|0|0|
|2016-08-29| 8.38451| 7.89087| 6.88182|.49364|0|0|0|0|
|2016-08-30| 8.38451| 7.89087| 6.88598|.49364|0|0|0|0|
|2016-08-31| 8.38451| 7.89087| 6.89381|.49364|0|0|0|0|
|2016-09-01| 8.38451| 7.89087| 6.89992|.49364|0|0|0|0|
|2016-09-02| 8.38451| 7.89087| 6.90702|.49364|0|0|0|0|
|2016-09-03| 8.38451| 8.92218| 6.94273|-.53767|0|0|0|0|
|2016-09-04| 8.38451| 8.92218| 6.94811|-.53767|0|0|0|0|
|2016-09-05| 8.38451| 8.92218| 6.96426|-.53767|0|0|0|0|
|2016-09-06| 8.38451| 8.92218| 7.01343|-.53767|0|0|0|0|
|2016-09-07|||||0|0|0|0|
|2016-09-08| 8.38451| 8.92218| 7.14283|-.53767|0|0|0|0|
|2016-09-09| 8.38451| 8.92218| 7.1509|-.53767|0|0|0|0|
|2016-09-10| 10.4806| 10.2534| 7.15726|.2272|0|0|0|0|
|2016-09-11| 10.4806| 10.2534| 7.158|.2272|0|0|0|0|
|2016-09-12| 10.4806| 10.2534| 7.16362|.2272|0|0|0|0|
|2016-09-13| 10.4806| 10.2534| 7.17708|.2272|0|0|0|0|
|2016-09-14| 10.4806| 10.2534| 7.19102|.2272|0|0|0|0|
|2016-09-15| 10.4806| 10.2534| 7.21377|.2272|0|0|0|0|
|2016-09-16| 10.4806| 10.2534| 7.22673|.2272|0|0|0|0|
|2016-09-17| 10.4806| 10.2534| 7.22918|.2272|0|0|0|0|
|2016-09-18| 10.4806| 10.2534| 7.22967|.2272|0|0|0|0|
|2016-09-19| 10.4806| 10.2534| 7.23603|.2272|0|0|0|0|
|2016-09-20| 10.4806| 10.2534| 7.24214|.2272|0|0|0|0|
|2016-09-21| 10.4806| 10.2534| 7.24802|.2272|0|0|0|0|
|2016-09-22| 10.4806| 10.2534| 7.26294|.2272|0|0|0|0|
|2016-09-23| 10.4806| 10.2534| 7.27321|.2272|0|0|0|0|
|2016-09-24| 10.4806| 10.2534| 7.31088|.2272|0|0|0|0|
|2016-09-25| 10.4806| 10.2534| 7.31186|.2272|0|0|0|0|
|2016-09-26| 10.4806| 10.2534| 7.32189|.2272|0|0|0|0|
|2016-09-27| 10.4806| 10.2534| 7.33388|.2272|0|0|0|0|
|2016-09-28| 10.4806| 10.2534| 7.44518|.2272|0|0|0|0|
|2016-09-29| 10.4806| 10.2534| 7.46695|.2272|0|0|0|0|
|2016-09-30| 10.4806| 10.2534| 7.50364|.2272|0|0|0|0|
|2016-10-01| 10.4806| 10.2534| 7.50829|.2272|0|0|0|0|
|2016-10-02| 10.4806| 10.2534| 7.50878|.2272|0|0|0|0|
|2016-10-03| 10.4806| 10.2534| 7.51661|.2272|0|0|0|0|
|2016-10-04| 10.4806| 10.2534| 7.5418|.2272|0|0|0|0|
|2016-10-05| 10.4806| 10.2534| 7.54938|.2272|0|0|0|0|
|2016-10-06| 10.4806| 10.2534| 7.57336|.2272|0|0|0|0|
|2016-10-07| 10.4806| 10.2534| 7.58852|.2272|0|0|0|0|
|2016-10-08| 10.4806| 10.2534| 7.59806|.2272|0|0|0|0|
|2016-10-09| 10.4806| 10.2534| 7.59831|.2272|0|0|0|0|
|2016-10-10| 10.4806| 10.2534| 7.61494|.2272|0|0|0|0|
|2016-10-11| 10.4806| 10.2534| 7.63891|.2272|0|0|0|0|
|2016-10-12| 10.4806| 10.2534| 7.65653|.2272|0|0|0|0|
|2016-10-13| 10.4806| 10.2534| 7.66582|.2272|0|0|0|0|
|2016-10-14| 10.4806| 10.2534| 7.67683|.2272|0|0|0|0|
|2016-10-15| 10.4806| 10.2534| 7.68295|.2272|0|0|0|0|
|2016-10-16| 10.4806| 10.2534| 7.68343|.2272|0|0|0|0|
|2016-10-17| 10.4806| 10.2534| 7.77296|.2272|0|0|0|0|
|2016-10-18| 10.4806| 10.2534| 7.79645|.2272|0|0|0|0|
|2016-10-19| 10.4806| 10.2534| 7.89381|.2272|0|0|0|0|
|2016-10-20| 12.5768| 10.7575| 7.92218|1.8193|0|0|0|0|
|2016-10-21| 12.5768| 10.7575| 7.92707|1.8193|0|0|0|0|
|2016-10-22| 12.5768| 10.7575| 7.93417|1.8193|0|0|0|0|
|2016-10-23| 12.5768| 10.7575| 8.85099|1.8193|0|0|0|0|
|2016-10-24| 12.5768| 10.7575| 8.86445|1.8193|0|0|0|0|
|2016-10-25| 12.5768| 10.7575| 8.8823|1.8193|0|0|0|0|
|2016-10-26| 12.5768| 10.7575| 8.89649|1.8193|0|0|0|0|
|2016-10-27| 12.5768| 10.7575| 8.90163|1.8193|0|0|0|0|
|2016-10-28| 12.5768| 10.7575| 8.9075|1.8193|0|0|0|0|
|2016-10-29| 12.5768| 10.7575| 8.9097|1.8193|0|0|0|0|
|2016-10-30| 12.5768| 10.7575| 8.90995|1.8193|0|0|0|0|
|2016-10-31| 12.5768| 10.7575| 8.91068|1.8193|0|0|0|0|
|2016-11-01| 12.5768| 10.7575| 8.91141|1.8193|0|0|0|0|
|2016-11-02| 12.5768| 10.7575| 8.9119|1.8193|0|0|0|0|
|2016-11-03| 12.5768| 10.7575| 8.91729|1.8193|0|0|0|0|
|2016-11-04| 12.5768| 10.7575| 8.92144|1.8193|0|0|0|0|
|2016-11-05| 12.5768| 10.7575| 8.9234|1.8193|0|0|0|0|
|2016-11-06| 12.5768| 10.7575| 8.9234|1.8193|0|0|0|0|
|2016-11-07| 12.5768| 10.7575| 8.92976|1.8193|0|0|0|0|
|2016-11-08| 12.5768| 10.7575| 8.93832|1.8193|0|0|0|0|
|2016-11-09| 12.5768| 11.2561| 8.96009|1.3207|0|0|0|0|
|2016-11-10| 12.5768| 11.2561| 8.96914|1.3207|0|0|0|0|
|2016-11-11| 12.5768| 11.2561| 8.97061|1.3207|0|0|0|0|
|2016-11-12| 12.5768| 11.2561| 8.97061|1.3207|0|0|0|0|
|2016-11-13| 12.5768| 11.2561| 8.97061|1.3207|0|0|0|0|
|2016-11-14| 12.5768| 11.2561| 8.97673|1.3207|0|0|0|0|
|2016-11-15| 12.5768| 11.2561| 8.98945|1.3207|0|0|0|0|
|2016-11-16| 12.5768| 11.2561| 8.99092|1.3207|0|0|0|0|
|2016-11-17| 12.5768| 11.2561| 8.99238|1.3207|0|0|0|0|
|2016-11-18| 12.5768| 11.7788| 8.99336|.7980|0|0|0|0|
|2016-11-19| 12.5768| 11.7788| 8.99727|.7980|0|0|0|0|
|2016-11-20| 12.5768| 11.7788| 8.99727|.7980|0|0|0|0|
|2016-11-21| 12.5768| 11.7788| 8.99997|.7980|0|0|0|0|
|2016-11-22| 12.5768| 11.7788| 9.02125|.7980|0|0|0|0|
|2016-11-23| 12.5768| 11.7788| 9.33534|.7980|0|0|0|0|
|2016-11-24| 12.5768| 11.7788| 9.35662|.7980|0|0|0|0|
|2016-11-25| 12.5768| 11.7788| 9.35955|.7980|0|0|0|0|
|2016-11-26| 12.5768| 11.7788| 9.36029|.7980|0|0|0|0|
|2016-11-27| 12.5768| 11.7788| 9.36053|.7980|0|0|0|0|
|2016-11-28| 12.5768| 11.7788| 9.36151|.7980|0|0|0|0|
|2016-11-29| 12.5768| 11.7788| 9.36616|.7980|0|0|0|0|
|2016-11-30| 12.5768| 11.8808| 9.38499|.6960|0|0|0|0|
|2016-12-01| 12.5768| 11.8808| 9.38573|.6960|0|0|0|0|
|2016-12-02| 12.5768| 11.8808| 9.38695|.6960|0|0|0|0|
|2016-12-03| 12.5768| 11.8808| 9.38866|.6960|0|0|0|0|
|2016-12-04| 12.5768| 11.8808| 9.38891|.6960|0|0|0|0|
|2016-12-05| 12.5768| 11.8808| 9.39086|.6960|0|0|0|0|
|2016-12-06| 12.5768| 11.8808| 9.39209|.6960|0|0|0|0|
|2016-12-07| 12.5768| 11.8808| 9.39331|.6960|0|0|0|0|
|2016-12-08| 12.5768| 11.8808| 9.40016|.6960|0|0|0|0|
|2016-12-09| 12.5768| 11.8808| 9.40114|.6960|0|0|0|0|
|2016-12-10| 12.5768| 11.8808| 9.40187|.6960|0|0|0|0|
|2016-12-11| 12.5768| 11.8808| 9.40187|.6960|0|0|0|0|
|2016-12-12| 12.5768| 11.8808| 9.40261|.6960|0|0|0|0|
|2016-12-13| 12.5768| 11.8808| 9.43832|.6960|0|0|0|0|
|2016-12-14| 12.5768| 11.8808| 9.4437|.6960|0|0|0|0|
|2016-12-15| 12.5768| 11.8808| 9.45764|.6960|0|0|0|0|
|2016-12-16| 12.5768| 11.8808| 9.4711|.6960|0|0|0|0|
|2016-12-17| 12.5768| 11.8808| 9.47257|.6960|0|0|0|0|
|2016-12-18| 12.5768| 11.8808| 9.4733|.6960|0|0|0|0|
|2016-12-19| 12.5768| 11.8808| 9.47526|.6960|0|0|0|0|
|2016-12-20| 12.5768| 11.8808| 9.47844|.6960|0|0|0|0|
|2016-12-21| 12.5768| 11.8808| 9.4826|.6960|0|0|0|0|
|2016-12-22| 12.5768| 11.8808| 9.48602|.6960|0|0|0|0|
|2016-12-23| 12.5768| 11.8808| 9.49434|.6960|0|0|0|0|
|2016-12-24| 12.5768| 11.8808| 9.49458|.6960|0|0|0|0|
|2016-12-25| 12.5768| 11.8808| 9.49458|.6960|0|0|0|0|
|2016-12-26| 12.5768| 11.8808| 9.49458|.6960|0|0|0|0|
|2016-12-27| 12.5768| 11.8808| 9.49507|.6960|0|0|0|0|
|2016-12-28| 12.5768| 11.8808| 9.49556|.6960|0|0|0|0|
|2016-12-29| 12.5768| 11.8808| 9.49581|.6960|0|0|0|0|
|2016-12-30| 12.5768| 11.8808| 9.49654|.6960|0|0|0|0|
|2016-12-31| 12.5768| 11.8808| 9.49654|.6960|0|0|0|0|
|2017-01-01| 12.5768| 11.8808| 9.49654|.6960|0|0|0|0|
|2017-01-02| 12.5768| 11.8808| 9.49752|.6960|0|0|0|0|
|2017-01-03| 12.5768| 11.8808| 9.49996|.6960|0|0|0|0|
|2017-01-04| 12.5768| 11.8808| 9.50828|.6960|0|0|0|0|
|2017-01-05| 12.5768| 11.8808| 9.51024|.6960|0|0|0|0|
|2017-01-06| 12.5768| 11.8808| 9.51122|.6960|0|0|0|0|
|2017-01-07| 12.5768| 11.8808| 9.51146|.6960|0|0|0|0|
|2017-01-08| 12.5768| 11.8808| 9.50901|.6960|0|0|0|0|
|2017-01-09| 12.5768| 11.8808| 9.51048|.6960|0|0|0|0|
|2017-01-10| 12.5768| 11.8808| 9.51268|.6960|0|0|0|0|
|2017-01-11| 12.5768| 11.8808| 9.51415|.6960|0|0|0|0|
|2017-01-12| 12.5768| 11.8808| 9.53837|.6960|0|0|0|0|
|2017-01-13| 12.5768| 11.8808| 9.54204|.6960|0|0|0|0|
|2017-01-14| 12.5768| 11.8808| 9.544|.6960|0|0|0|0|
|2017-01-15| 12.5768| 11.8808| 9.54424|.6960|0|0|0|0|
|2017-01-16| 12.5768| 11.8808| 9.54571|.6960|0|0|0|0|
|2017-01-17| 12.5768| 11.8808| 9.54742|.6960|0|0|0|0|
|2017-01-18| 12.5768| 11.8808| 9.55231|.6960|0|0|0|0|
|2017-01-19| 12.5768| 11.8808| 9.58607|.6960|0|0|0|0|
|2017-01-20| 12.5768| 11.8808| 9.58925|.6960|0|0|0|0|
|2017-01-21| 12.5768| 11.8808| 9.60099|.6960|0|0|0|0|
|2017-01-22| 12.5768| 11.8808| 9.60124|.6960|0|0|0|0|
|2017-01-23| 12.5768| 11.8808| 9.60882|.6960|0|0|0|0|
|2017-01-24|||||0|0|0|0|
|2017-01-25| 12.5768| 11.8808| 9.63401|.6960|0|0|0|0|
|2017-01-26| 12.5768| 11.8808| 9.6641|.6960|0|0|0|0|
|2017-01-27| 12.5768| 11.8808| 9.69223|.6960|0|0|0|0|
|2017-01-28| 12.5768| 11.8808| 9.703|.6960|0|0|0|0|
|2017-01-29| 12.5768| 11.8808| 9.71865|.6960|0|0|0|0|
|2017-01-30| 12.5768| 11.8808| 9.77589|.6960|0|0|0|0|
|2017-01-31| 12.5768| 11.8808| 9.78861|.6960|0|0|0|0|
|2017-02-01| 12.5768| 11.8808| 9.79644|.6960|0|0|0|0|
|2017-02-02| 12.5768| 11.8808| 9.80304|.6960|0|0|0|0|
|2017-02-03| 12.5768| 11.8808| 9.80843|.6960|0|0|0|0|
|2017-02-04| 12.5768| 11.8808| 9.81356|.6960|0|0|0|0|
|2017-02-05| 12.5768| 11.8808| 9.8143|.6960|0|0|0|0|
|2017-02-06| 12.5768| 11.8808| 9.81895|.6960|0|0|0|0|
|2017-02-07| 12.5768| 11.8808| 9.82702|.6960|0|0|0|0|
|2017-02-08| 12.5768| 11.8808| 9.83093|.6960|0|0|0|0|
|2017-02-09| 12.5768| 11.8808| 9.83729|.6960|0|0|0|0|
|2017-02-10| 12.5768| 11.8808| 9.84096|.6960|0|0|0|0|
|2017-02-11| 12.5768| 11.8808| 9.8439|.6960|0|0|0|0|
|2017-02-12| 12.5768| 11.8808| 9.84414|.6960|0|0|0|0|
|2017-02-13| 12.5768| 11.8808| 9.84805|.6960|0|0|0|0|
|2017-02-14| 12.5768| 11.8808| 9.85564|.6960|0|0|0|0|
|2017-02-15| 12.5768| 11.8808| 9.86493|.6960|0|0|0|0|
|2017-02-16| 12.5768| 11.8808| 9.8757|.6960|0|0|0|0|
|2017-02-17| 12.5768| 11.8808| 9.896|.6960|0|0|0|0|
|2017-02-18| 12.5768| 11.8808| 9.89942|.6960|0|0|0|0|
|2017-02-19| 12.5768| 11.8808| 9.90089|.6960|0|0|0|0|
|2017-02-20| 12.5768| 11.8808| 9.90994|.6960|0|0|0|0|
|2017-02-21| 12.5768| 11.8808| 9.92095|.6960|0|0|0|0|
|2017-02-22| 12.5768| 11.8808| 9.92682|.6960|0|0|0|0|
|2017-02-23| 12.5768| 11.8808| 9.93294|.6960|0|0|0|0|
|2017-02-24| 12.5768| 11.8808| 9.95471|.6960|0|0|0|0|
|2017-02-25| 12.5768| 11.8808| 9.95715|.6960|0|0|0|0|
|2017-02-26| 12.5768| 11.8808| 9.95887|.6960|0|0|0|0|
|2017-02-27| 12.5768| 11.8808| 9.99042|.6960|0|0|0|0|
|2017-02-28| 12.5768| 11.8808| 9.99776|.6960|0|0|0|0|
|2017-03-01| 12.5768| 11.8808| 10.0034|.6960|0|0|0|0|
|2017-03-02| 12.5768| 11.8808| 10.011|.6960|0|0|0|0|
|2017-03-03| 12.5768| 11.8808| 10.0252|.6960|0|0|0|0|
|2017-03-04| 12.5768| 11.8808| 10.0271|.6960|0|0|0|0|
|2017-03-05| 12.5768| 11.8808| 10.0274|.6960|0|0|0|0|
|2017-03-06| 12.5768| 11.8808| 10.034|.6960|0|0|0|0|
|2017-03-07| 12.5768| 11.8808| 10.0496|.6960|0|0|0|0|
|2017-03-08| 12.5768| 11.8808| 10.0665|.6960|0|0|0|0|
|2017-03-09| 12.5768| 12.3794| 10.0719|.1974|0|0|0|0|
|2017-03-10| 12.5768| 12.3794| 10.0888|.1974|0|0|0|0|
|2017-03-11| 12.5768| 12.3794| 10.0949|.1974|0|0|0|0|
|2017-03-12| 12.5768| 12.3794| 10.0963|.1974|0|0|0|0|
|2017-03-13| 12.5768| 12.3794| 10.1049|.1974|0|0|0|0|
|2017-03-14| 12.5768| 12.3794| 10.1147|.1974|0|0|0|0|
|2017-03-15| 12.5768| 12.3794| 10.1184|.1974|0|0|0|0|
|2017-03-16| 12.5768| 12.3794| 10.1394|.1974|0|0|0|0|
|2017-03-17| 12.5768| 12.3794| 10.155|.1974|0|0|0|0|
|2017-03-18| 12.5768| 12.3794| 10.1673|.1974|0|0|0|0|
|2017-03-19| 12.5768| 12.3794| 10.1692|.1974|0|0|0|0|
|2017-03-20| 12.5768| 12.3794| 10.1741|.1974|0|0|0|0|
|2017-03-21| 12.5768| 12.3794| 10.1861|.1974|0|0|0|0|
|2017-03-22| 12.5768| 12.8781| 10.1949|-.3013|0|0|0|0|
|2017-03-23| 12.5768| 12.8781| 10.2118|-.3013|0|0|0|0|
|2017-03-24| 12.5768| 12.8781| 10.2206|-.3013|0|0|0|0|
|2017-03-25| 12.5768| 12.8781| 10.2333|-.3013|0|0|0|0|
|2017-03-26| 12.5768| 12.8781| 10.2355|-.3013|0|0|0|0|
|2017-03-27| 12.5768| 12.8781| 10.246|-.3013|0|0|0|0|
|2017-03-28| 12.5768| 12.8781| 10.259|-.3013|0|0|0|0|
|2017-03-29| 12.5768| 12.8781| 10.2678|-.3013|0|0|0|0|
|2017-03-30| 12.5768| 12.8781| 10.2761|-.3013|0|0|0|0|
|2017-03-31| 12.5768| 12.8781| 10.2859|-.3013|0|0|0|0|
|2017-04-01| 12.5768| 12.8781| 10.2955|-.3013|0|0|0|0|
|2017-04-02| 12.5768| 12.8781| 10.2964|-.3013|0|0|0|0|
|2017-04-03| 12.5768| 12.8781| 10.306|-.3013|0|0|0|0|
|2017-04-04| 12.5768| 12.8781| 10.3295|-.3013|0|0|0|0|
|2017-04-05| 12.5768| 12.8781| 10.3339|-.3013|0|0|0|0|
|2017-04-06| 12.5768| 12.8781| 10.3422|-.3013|0|0|0|0|
|2017-04-07| 12.5768| 12.8781| 10.3476|-.3013|0|0|0|0|
|2017-04-08| 12.5768| 12.8781| 10.373|-.3013|0|0|0|0|
|2017-04-09| 12.5768| 12.8781| 10.373|-.3013|0|0|0|0|
|2017-04-10| 12.5768| 12.8781| 10.3762|-.3013|0|0|0|0|
|2017-04-11| 12.5768| 12.8781| 10.3777|-.3013|0|0|0|0|
|2017-04-12| 12.5768| 12.8781| 10.3825|-.3013|0|0|0|0|
|2017-04-13| 12.5768| 12.8781| 10.4099|-.3013|0|0|0|0|
|2017-04-14| 12.5768| 12.8781| 10.4141|-.3013|0|0|0|0|
|2017-04-15| 12.5768| 12.8781| 10.4165|-.3013|0|0|0|0|
|2017-04-16| 12.5768| 12.8781| 10.4165|-.3013|0|0|0|0|
|2017-04-17| 12.5768| 12.8781| 10.4168|-.3013|0|0|0|0|
|2017-04-18| 12.5768| 12.8781| 10.4283|-.3013|0|0|0|0|
|2017-04-19| 12.5768| 12.8781| 10.4351|-.3013|0|0|0|0|
|2017-04-20| 12.5768| 12.8781| 10.4427|-.3013|0|0|0|0|
|2017-04-21| 12.5768| 12.8781| 10.4591|-.3013|0|0|0|0|
|2017-04-22| 12.5768| 12.8781| 10.462|-.3013|0|0|0|0|
|2017-04-23| 12.5768| 12.8781| 10.4628|-.3013|0|0|0|0|
|2017-04-24| 12.5768| 12.8781| 10.4743|-.3013|0|0|0|0|
|2017-04-25| 12.5768| 12.8781| 10.5036|-.3013|0|0|0|0|
|2017-04-26| 12.5768| 12.8781| 10.5146|-.3013|0|0|0|0|
|2017-04-27| 12.5768| 12.8781| 10.5237|-.3013|0|0|0|0|
|2017-04-28| 12.5768| 12.8781| 10.5371|-.3013|0|0|0|0|
|2017-04-29| 12.5768| 12.8781| 10.5428|-.3013|0|0|0|0|
|2017-04-30| 12.5768| 12.8781| 10.5437|-.3013|0|0|0|0|
|2017-05-01| 12.5768| 12.8781| 10.5442|-.3013|0|0|0|0|
|2017-05-02| 12.5768| 12.8781| 10.5501|-.3013|0|0|0|0|
|2017-05-03| 12.5768| 12.8781| 10.5511|-.3013|0|0|0|0|
|2017-05-04| 12.5768| 12.8781| 10.555|-.3013|0|0|0|0|
|2017-05-05| 12.5768| 12.8781| 10.5599|-.3013|0|0|0|0|
|2017-05-06| 12.5768| 12.8781| 10.5856|-.3013|0|0|0|0|
|2017-05-07| 12.5768| 12.8781| 10.5863|-.3013|0|0|0|0|
|2017-05-08| 12.5768| 12.8781| 10.5956|-.3013|0|0|0|0|
|2017-05-09| 12.5768| 12.8781| 10.6066|-.3013|0|0|0|0|
|2017-05-10| 12.5768| 12.8781| 10.6254|-.3013|0|0|0|0|
|2017-05-11| 12.5768| 12.8781| 10.6389|-.3013|0|0|0|0|
|2017-05-12| 12.5768| 12.8781| 10.6445|-.3013|0|0|0|0|
|2017-05-13| 12.5768| 12.8781| 10.6602|-.3013|0|0|0|0|
|2017-05-14| 12.5768| 12.8781| 10.6604|-.3013|0|0|0|0|
|2017-05-15| 12.5768| 12.8781| 10.6683|-.3013|0|0|0|0|
|2017-05-16| 12.5768| 12.8781| 10.6778|-.3013|0|0|0|0|
|2017-05-17| 12.5768| 12.8781| 10.6785|-.3013|0|0|0|0|
|2017-05-18| 12.5768| 12.8781| 10.6859|-.3013|0|0|0|0|
|2017-05-19| 12.5768| 12.8781| 10.69|-.3013|0|0|0|0|
|2017-05-20| 12.5768| 12.8781| 10.6932|-.3013|0|0|0|0|
|2017-05-21| 12.5768| 12.8781| 10.6937|-.3013|0|0|0|0|
|2017-05-22| 12.5768| 12.8781| 10.6966|-.3013|0|0|0|0|
|2017-05-23| 12.5768| 12.8781| 10.7045|-.3013|0|0|0|0|
|2017-05-24| 12.5768| 12.8781| 10.7108|-.3013|0|0|0|0|
|2017-05-25| 12.5768| 12.8781| 10.716|-.3013|0|0|0|0|
|2017-05-26| 12.5768| 12.8781| 10.7201|-.3013|0|0|0|0|
|2017-05-27| 12.5768| 12.8781| 10.7226|-.3013|0|0|0|0|
|2017-05-28| 12.5768| 12.8781| 10.7238|-.3013|0|0|0|0|
|2017-05-29| 12.5768| 12.8781| 10.7365|-.3013|0|0|0|0|
|2017-05-30| 12.5768| 12.8781| 10.7402|-.3013|0|0|0|0|
|2017-05-31| 12.5768| 12.8781| 10.7468|-.3013|0|0|0|0|
|2017-06-01| 12.5768| 12.8781| 10.7529|-.3013|0|0|0|0|
|2017-06-02| 12.5768| 12.8781| 10.7573|-.3013|0|0|0|0|
|2017-06-03| 12.5768| 12.8781| 10.7947|-.3013|0|0|0|0|
|2017-06-04| 12.5768| 12.8781| 10.7947|-.3013|0|0|0|0|
|2017-06-05| 12.5768| 12.8781| 10.7962|-.3013|0|0|0|0|
|2017-06-06| 12.5768| 12.8781| 10.8026|-.3013|0|0|0|0|
|2017-06-07| 12.5768| 12.8781| 10.8062|-.3013|0|0|0|0|
|2017-06-08| 12.5768| 12.8781| 10.8104|-.3013|0|0|0|0|
|2017-06-09| 12.5768| 12.8781| 10.8136|-.3013|0|0|0|0|
|2017-06-10| 12.5768| 12.8781| 10.814|-.3013|0|0|0|0|
|2017-06-11| 12.5768| 12.8781| 10.815|-.3013|0|0|0|0|
|2017-06-12| 12.5768| 12.8781| 10.8187|-.3013|0|0|0|0|
|2017-06-13| 12.5768| 12.8781| 10.8255|-.3013|0|0|0|0|
|2017-06-14| 12.5768| 12.8781| 10.8344|-.3013|0|0|0|0|
|2017-06-15| 12.5768| 12.8781| 10.8353|-.3013|0|0|0|0|
|2017-06-16| 12.5768| 12.8781| 10.8451|-.3013|0|0|0|0|
|2017-06-17| 12.5768| 12.8781| 10.8456|-.3013|0|0|0|0|
|2017-06-18| 12.5768| 12.8781| 10.8458|-.3013|0|0|0|0|
|2017-06-19| 12.5768| 12.8781| 10.8507|-.3013|0|0|0|0|
|2017-06-20| 12.5768| 12.8781| 10.8576|-.3013|0|0|0|0|
|2017-06-21| 12.5768| 12.8781| 10.8706|-.3013|0|0|0|0|
|2017-06-22| 12.5768| 12.8781| 10.8759|-.3013|0|0|0|0|
|2017-06-23| 12.5768| 12.8781| 10.884|-.3013|0|0|0|0|
|2017-06-24| 12.5768| 12.8781| 10.8899|-.3013|0|0|0|0|
|2017-06-25| 12.5768| 12.8781| 10.8899|-.3013|0|0|0|0|
|2017-06-26| 12.5768| 12.8781| 10.8977|-.3013|0|0|0|0|
|2017-06-27| 12.5768| 12.8781| 10.9014|-.3013|0|0|0|0|
|2017-06-28| 12.5768| 12.8781| 10.9072|-.3013|0|0|0|0|
|2017-06-29| 12.5768| 12.8781| 10.9117|-.3013|0|0|0|0|
|2017-06-30| 12.5768| 12.8781| 10.93|-.3013|0|0|0|0|
|2017-07-01| 12.5768| 12.8781| 10.9317|-.3013|0|0|0|0|
|2017-07-02| 12.5768| 12.8781| 10.9317|-.3013|0|0|0|0|
|2017-07-03| 12.5768| 12.8781| 10.9361|-.3013|0|0|0|0|
|2017-07-04| 12.5768| 12.8781| 10.9415|-.3013|0|0|0|0|
|2017-07-05| 12.5768| 12.8781| 10.952|-.3013|0|0|0|0|
|2017-07-06| 12.5768| 12.8781| 10.9611|-.3013|0|0|0|0|
|2017-07-07| 12.5768| 12.8781| 10.9691|-.3013|0|0|0|0|
|2017-07-08| 12.5768| 12.8781| 10.9718|-.3013|0|0|0|0|
|2017-07-09| 12.5768| 12.8781| 10.9726|-.3013|0|0|0|0|
|2017-07-10| 12.5768| 12.8781| 10.9882|-.3013|0|0|0|0|
|2017-07-11| 12.5768| 12.8781| 10.9956|-.3013|0|0|0|0|
|2017-07-12| 12.5768| 12.8781| 11.0041|-.3013|0|0|0|0|
|2017-07-13| 12.5768| 12.8781| 11.01|-.3013|0|0|0|0|
|2017-07-14| 12.5768| 12.8781| 11.0149|-.3013|0|0|0|0|
|2017-07-15| 12.5768| 12.8781| 11.0154|-.3013|0|0|0|0|
|2017-07-16| 12.5768| 12.8781| 11.0154|-.3013|0|0|0|0|
|2017-07-17| 12.5768| 12.8781| 11.0188|-.3013|0|0|0|0|
|2017-07-18| 12.5768| 12.8781| 11.022|-.3013|0|0|0|0|
|2017-07-19| 12.5768| 12.8781| 11.0237|-.3013|0|0|0|0|
|2017-07-20| 14.6729| 13.3796| 11.0682|1.2933|0|0|0|0|
|2017-07-21| 14.6729| 13.3796| 11.0707|1.2933|0|0|0|0|
|2017-07-22| 14.6729| 13.3796| 11.0733|1.2933|0|0|0|0|
|2017-07-23| 14.6729| 13.3796| 11.0733|1.2933|0|0|0|0|
|2017-07-24| 14.6729| 13.3796| 11.0748|1.2933|0|0|0|0|
|2017-07-25| 14.6729| 13.3796| 11.077|1.2933|0|0|0|0|
|2017-07-26| 14.6729| 13.3796| 11.0819|1.2933|0|0|0|0|
|2017-07-27| 14.6729| 13.3796| 11.0863|1.2933|0|0|0|0|
|2017-07-28| 14.6729| 13.3796| 11.0912|1.2933|0|0|0|0|
|2017-07-29| 14.6729| 13.3796| 11.0922|1.2933|0|0|0|0|
|2017-07-30| 14.6729| 13.3796| 11.0922|1.2933|0|0|0|0|
|2017-07-31| 14.6729| 13.3796| 11.0934|1.2933|0|0|0|0|
|2017-08-01| 14.6729| 13.3796| 11.0944|1.2933|0|0|0|0|
|2017-08-02| 14.6729| 13.3796| 11.0956|1.2933|0|0|0|0|
|2017-08-03| 14.6729| 13.3796| 11.0968|1.2933|0|0|0|0|
|2017-08-04| 14.6729| 13.3796| 11.0983|1.2933|0|0|0|0|
|2017-08-05| 14.6729| 13.3796| 11.0988|1.2933|0|0|0|0|
|2017-08-06| 14.6729| 13.3796| 11.0988|1.2933|0|0|0|0|
|2017-08-07| 14.6729| 13.3796| 11.0993|1.2933|0|0|0|0|
|2017-08-08| 14.6729| 13.3796| 11.1007|1.2933|0|0|0|0|
|2017-08-09| 14.6729| 13.3796| 11.1032|1.2933|0|0|0|0|
|2017-08-10| 14.6729| 13.3796| 11.1059|1.2933|0|0|0|0|
|2017-08-11| 14.6729| 13.3796| 11.1076|1.2933|0|0|0|0|
|2017-08-12| 14.6729| 13.3796| 11.1081|1.2933|0|0|0|0|
|2017-08-13| 14.6729| 13.3796| 11.1098|1.2933|0|0|0|0|
|2017-08-14| 14.6729| 13.3796| 11.1103|1.2933|0|0|0|0|
|2017-08-15| 14.6729| 13.3796| 11.1125|1.2933|0|0|0|0|
|2017-08-16| 14.6729| 13.3796| 11.1132|1.2933|0|0|0|0|
|2017-08-17| 14.6729| 13.3796| 11.1264|1.2933|0|0|0|0|
|2017-08-18| 14.6729| 13.3796| 11.1284|1.2933|0|0|0|0|
|2017-08-19| 14.6729| 13.3796| 11.1357|1.2933|0|0|0|0|
|2017-08-20| 14.6729| 13.3796| 11.1421|1.2933|0|0|0|0|
|2017-08-21| 14.6729| 13.3796| 11.1431|1.2933|0|0|0|0|
|2017-08-22| 14.6729| 13.3796| 11.1453|1.2933|0|0|0|0|
|2017-08-23| 14.6729| 13.3796| 11.1484|1.2933|0|0|0|0|
|2017-08-24| 14.6729| 13.3796| 11.1548|1.2933|0|0|0|0|
|2017-08-25| 14.6729| 13.3796| 11.1739|1.2933|0|0|0|0|
|2017-08-26| 14.6729| 13.3796| 11.1753|1.2933|0|0|0|0|
|2017-08-27| 14.6729| 13.3796| 11.1758|1.2933|0|0|0|0|
|2017-08-28| 14.6729| 13.3796| 11.1905|1.2933|0|0|0|0|
|2017-08-29| 14.6729| 13.3796| 11.2047|1.2933|0|0|0|0|
|2017-08-30| 14.6729| 13.3796| 11.2101|1.2933|0|0|0|0|
|2017-08-31| 14.6729| 13.3796| 11.2284|1.2933|0|0|0|0|
|2017-09-01| 14.6729| 13.3796| 11.2764|1.2933|0|0|0|0|
|2017-09-02| 14.6729| 13.3796| 11.3072|1.2933|0|0|0|0|
|2017-09-03| 14.6729| 13.3796| 11.3118|1.2933|0|0|0|0|
|2017-09-04| 14.6729| 13.3796| 11.318|1.2933|0|0|0|0|
|2017-09-05| 14.6729| 13.3796| 11.3344|1.2933|0|0|0|0|
|2017-09-06| 14.6729| 13.3796| 11.3522|1.2933|0|0|0|0|
|2017-09-07| 14.6729| 13.3796| 11.4156|1.2933|0|0|0|0|
|2017-09-08| 14.6729| 13.3796| 11.4442|1.2933|0|0|0|0|
|2017-09-09| 14.6729| 13.3796| 11.451|1.2933|0|0|0|0|
|2017-09-10| 14.6729| 13.3796| 11.4532|1.2933|0|0|0|0|
|2017-09-11| 14.6729| 13.3796| 11.474|1.2933|0|0|0|0|
|2017-09-12| 14.6729| 13.3796| 11.496|1.2933|0|0|0|0|
|2017-09-13| 14.6729| 13.3796| 11.5261|1.2933|0|0|0|0|
|2017-09-14| 14.6729| 13.3796| 11.5366|1.2933|0|0|0|0|
|2017-09-15| 14.6729| 13.3796| 11.5548|1.2933|0|0|0|0|
|2017-09-16| 14.6729| 14.3769| 11.5704|.2960|0|0|0|0|
|2017-09-17| 14.6729| 14.3769| 11.5738|.2960|0|0|0|0|
|2017-09-18| 14.6729| 14.3769| 11.5885|.2960|0|0|0|0|
|2017-09-19| 14.6729| 14.3769| 11.621|.2960|0|0|0|0|
|2017-09-20| 14.6729| 14.3769| 11.6377|.2960|0|0|0|0|
|2017-09-21| 14.6729| 14.3769| 11.6519|.2960|0|0|0|0|
|2017-09-22| 14.6729| 14.3769| 11.659|.2960|0|0|0|0|
|2017-09-23| 14.6729| 14.3769| 11.678|.2960|0|0|0|0|
|2017-09-24| 14.6729| 14.3769| 11.6829|.2960|0|0|0|0|
|2017-09-25| 14.6729| 14.3769| 11.7299|.2960|0|0|0|0|
|2017-09-26| 14.6729| 14.3769| 11.746|.2960|0|0|0|0|
|2017-09-27| 14.6729| 14.3769| 11.7783|.2960|0|0|0|0|
|2017-09-28| 14.6729| 14.3769| 11.807|.2960|0|0|0|0|
|2017-09-29| 14.6729| 14.3769| 11.8187|.2960|0|0|0|0|
|2017-09-30| 14.6729| 14.3769| 11.8236|.2960|0|0|0|0|
|2017-10-01| 14.6729| 14.3769| 11.828|.2960|0|0|0|0|
|2017-10-02| 14.6729| 14.3769| 11.8375|.2960|0|0|0|0|
|2017-10-03| 14.6729| 14.3769| 11.8466|.2960|0|0|0|0|
|2017-10-04| 14.6729| 14.3769| 11.8529|.2960|0|0|0|0|
|2017-10-05| 14.6729| 14.3769| 11.8603|.2960|0|0|0|0|
|2017-10-06| 14.6729| 14.3769| 11.8666|.2960|0|0|0|0|
|2017-10-07| 14.6729| 15.8752| 11.8847|-1.2023|0|0|0|0|
|2017-10-08| 14.6729| 15.8752| 11.8852|-1.2023|0|0|0|0|
|2017-10-09| 14.6729| 15.8752| 11.8911|-1.2023|0|0|0|0|
|2017-10-10| 14.6729| 15.8752| 11.9141|-1.2023|0|0|0|0|
|2017-10-11| 14.6729| 15.8752| 12.007|-1.2023|0|0|0|0|
|2017-10-12| 14.6729| 15.8752| 12.0127|-1.2023|0|0|0|0|
|2017-10-13| 14.6729| 15.8752| 12.0195|-1.2023|0|0|0|0|
|2017-10-14| 14.6729| 15.8752| 12.0229|-1.2023|0|0|0|0|
|2017-10-15| 14.6729| 15.8752| 12.0229|-1.2023|0|0|0|0|
|2017-10-16| 14.6729| 15.8752| 12.0237|-1.2023|0|0|0|0|
|2017-10-17| 14.6729| 15.8752| 12.0256|-1.2023|0|0|0|0|
|2017-10-18| 14.6729| 15.8752| 12.0266|-1.2023|0|0|0|0|
|2017-10-19| 14.6729| 15.8752| 12.0313|-1.2023|0|0|0|0|
|2017-10-20| 14.6729| 15.8752| 12.0376|-1.2023|0|0|0|0|
|2017-10-21| 14.6729| 15.8752| 12.0379|-1.2023|0|0|0|0|
|2017-10-22| 14.6729| 15.8752| 12.0379|-1.2023|0|0|0|0|
|2017-10-23| 14.6729| 15.8752| 12.0396|-1.2023|0|0|0|0|
|2017-10-24| 14.6729| 15.8752| 12.0425|-1.2023|0|0|0|0|
|2017-10-25| 14.6729| 15.8752| 12.0447|-1.2023|0|0|0|0|
|2017-10-26| 14.6729| 15.8752| 12.0455|-1.2023|0|0|0|0|
|2017-10-27| 14.6729| 15.8752| 12.0494|-1.2023|0|0|0|0|
|2017-10-28| 14.6729| 15.8752| 12.0496|-1.2023|0|0|0|0|
|2017-10-29| 14.6729| 15.8752| 12.0499|-1.2023|0|0|0|0|
|2017-10-30| 14.6729| 15.8752| 12.0523|-1.2023|0|0|0|0|
|2017-10-31| 14.6729| 15.8752| 12.0582|-1.2023|0|0|0|0|
|2017-11-01| 14.6729| 15.8752| 12.0609|-1.2023|0|0|0|0|
|2017-11-02| 14.6729| 15.8752| 12.066|-1.2023|0|0|0|0|
|2017-11-03| 14.6729| 15.8752| 12.0738|-1.2023|0|0|0|0|
|2017-11-04| 14.6729| 15.8752| 12.0768|-1.2023|0|0|0|0|
|2017-11-05| 14.6729| 15.8752| 12.077|-1.2023|0|0|0|0|
|2017-11-06| 14.6729| 15.8752| 12.1311|-1.2023|0|0|0|0|
|2017-11-07| 14.6729| 15.8752| 12.1575|-1.2023|0|0|0|0|
|2017-11-08| 14.6729| 15.8752| 12.2377|-1.2023|0|0|0|0|
|2017-11-09| 14.6729| 15.8752| 12.2551|-1.2023|0|0|0|0|
|2017-11-10| 14.6729| 15.8752| 12.2566|-1.2023|0|0|0|0|
|2017-11-11| 14.6729| 15.8752| 12.2568|-1.2023|0|0|0|0|
|2017-11-12| 14.6729| 15.8752| 12.2568|-1.2023|0|0|0|0|
|2017-11-13| 14.6729| 15.8752| 12.259|-1.2023|0|0|0|0|
|2017-11-14| 14.6729| 15.8752| 12.2612|-1.2023|0|0|0|0|
|2017-11-15| 14.6729| 15.8752| 12.2967|-1.2023|0|0|0|0|
|2017-11-16| 14.6729| 15.8752| 12.3038|-1.2023|0|0|0|0|
|2017-11-17| 14.6729| 15.8752| 12.3062|-1.2023|0|0|0|0|
|2017-11-18| 14.6729| 15.8752| 12.3069|-1.2023|0|0|0|0|
|2017-11-19| 14.6729| 15.8752| 12.3072|-1.2023|0|0|0|0|
|2017-11-20| 14.6729| 15.8752| 12.3074|-1.2023|0|0|0|0|
|2017-11-21| 14.6729| 15.8752| 12.3079|-1.2023|0|0|0|0|
|2017-11-22| 14.6729| 15.8752| 12.3089|-1.2023|0|0|0|0|
|2017-11-23| 14.6729| 15.8752| 12.3133|-1.2023|0|0|0|0|
|2017-11-24| 14.6729| 15.8752| 12.3165|-1.2023|0|0|0|0|
|2017-11-25| 14.6729| 15.8752| 12.3175|-1.2023|0|0|0|0|
|2017-11-26| 14.6729| 15.8752| 12.3175|-1.2023|0|0|0|0|
|2017-11-27| 14.6729| 15.8752| 12.3219|-1.2023|0|0|0|0|
|2017-11-28| 14.6729| 15.8752| 12.3233|-1.2023|0|0|0|0|
|2017-11-29| 14.6729| 15.8752| 12.3251|-1.2023|0|0|0|0|
|2017-11-30| 14.6729| 15.8752| 12.3253|-1.2023|0|0|0|0|
|2017-12-01| 14.6729| 15.8752| 12.3255|-1.2023|0|0|0|0|
|2017-12-02| 14.6729| 15.8752| 12.3258|-1.2023|0|0|0|0|
|2017-12-03| 14.6729| 15.8752| 12.326|-1.2023|0|0|0|0|
|2017-12-04| 14.6729| 15.8752| 12.3263|-1.2023|0|0|0|0|
|2017-12-05| 14.6729| 15.8752| 12.3265|-1.2023|0|0|0|0|
|2017-12-06| 14.6729| 15.8752| 12.3268|-1.2023|0|0|0|0|
|2017-12-07| 14.6729| 15.8752| 12.327|-1.2023|0|0|0|0|
|2017-12-08| 14.6729| 15.8752| 12.3273|-1.2023|0|0|0|0|
|2017-12-09| 14.6729| 15.8752| 12.3275|-1.2023|0|0|0|0|
|2017-12-10| 14.6729| 15.8752| 12.3275|-1.2023|0|0|0|0|
|2017-12-11| 14.6729| 15.8752| 12.328|-1.2023|0|0|0|0|
|2017-12-12| 14.6729| 15.8752| 12.3282|-1.2023|0|0|0|0|
|2017-12-13| 14.6729| 15.8752| 12.3285|-1.2023|0|0|0|0|
|2017-12-14| 14.6729| 15.8752| 12.3295|-1.2023|0|0|0|0|
|2017-12-15| 14.6729| 15.8752| 12.3321|-1.2023|0|0|0|0|
|2017-12-16| 14.6729| 15.8752| 12.3324|-1.2023|0|0|0|0|
|2017-12-17| 14.6729| 15.8752| 12.3324|-1.2023|0|0|0|0|
|2017-12-18| 14.6729| 15.8752| 12.3324|-1.2023|0|0|0|0|
|2017-12-19| 14.6729| 15.8752| 12.3334|-1.2023|0|0|0|0|
|2017-12-20| 14.6729| 15.8752| 12.3334|-1.2023|0|0|0|0|
|2017-12-21| 14.6729| 15.8752| 12.3334|-1.2023|0|0|0|0|
|2017-12-22| 14.6729| 15.8752| 12.3336|-1.2023|0|0|0|0|
|2017-12-23| 14.6729| 15.8752| 12.3336|-1.2023|0|0|0|0|
|2017-12-24| 14.6729| 15.8752| 12.3336|-1.2023|0|0|0|0|
|2017-12-25| 14.6729| 15.8752| 12.3336|-1.2023|0|0|0|0|
|2017-12-26| 14.6729| 15.8752| 12.3336|-1.2023|0|0|0|0|
|2017-12-27| 14.6729| 15.8752| 12.3336|-1.2023|0|0|0|0|
|2017-12-28| 14.6729| 15.8752| 12.3321|-1.2023|0|0|0|0|
|2017-12-29| 14.6729| 15.8752| 12.3324|-1.2023|0|0|0|0|
|2017-12-30| 14.6729| 15.8752| 12.3324|-1.2023|0|0|0|0|
|2017-12-31| 14.6729| 15.8752| 12.3326|-1.2023|0|0|0|0|
|2018-01-01| 14.6729| 15.8752| 12.3326|-1.2023|0|0|0|0|
|2018-01-02| 14.6729| 15.8752| 12.3329|-1.2023|0|0|0|0|
|2018-01-03| 14.6729| 15.8752| 12.3329|-1.2023|0|0|0|0|
|2018-01-04| 14.6729| 15.8752| 12.3343|-1.2023|0|0|0|0|
|2018-01-05| 14.6729| 15.8752| 12.3353|-1.2023|0|0|0|0|
|2018-01-06| 14.6729| 15.8752| 12.3353|-1.2023|0|0|0|0|
|2018-01-07| 14.6729| 15.8752| 12.3353|-1.2023|0|0|0|0|
|2018-01-08| 14.6729| 15.8752| 12.3356|-1.2023|0|0|0|0|
|2018-01-09| 14.6729| 15.8752| 12.3356|-1.2023|0|0|0|0|
|2018-01-10| 14.6729| 15.8752| 12.3358|-1.2023|0|0|0|0|
|2018-01-11| 14.6729| 15.8752| 12.3361|-1.2023|0|0|0|0|
|2018-01-12| 14.6729| 15.8752| 12.3365|-1.2023|0|0|0|0|
|2018-01-13| 14.6729| 15.8752| 12.3365|-1.2023|0|0|0|0|
|2018-01-14| 14.6729| 15.8752| 12.3365|-1.2023|0|0|0|0|
|2018-01-15| 14.6729| 15.8752| 12.3365|-1.2023|0|0|0|0|
|2018-01-16| 14.6729| 15.8752| 12.337|-1.2023|0|0|0|0|
|2018-01-17| 14.6729| 15.8752| 12.337|-1.2023|0|0|0|0|
|2018-01-18| 14.6729| 15.8752| 12.3375|-1.2023|0|0|0|0|
|2018-01-19| 14.6729| 15.8752| 12.3387|-1.2023|0|0|0|0|
|2018-01-20| 14.6729| 15.8752| 12.339|-1.2023|0|0|0|0|
|2018-01-21| 14.6729| 15.8752| 12.339|-1.2023|0|0|0|0|
|2018-01-22| 14.6729| 15.8752| 12.339|-1.2023|0|0|0|0|
|2018-01-23| 14.6729| 15.8752| 12.3593|-1.2023|0|0|0|0|
|2018-01-24| 14.6729| 15.8752| 12.3603|-1.2023|0|0|0|0|
|2018-01-25| 14.6729| 15.8752| 12.361|-1.2023|0|0|0|0|
|2018-01-26| 14.6729| 15.8752| 12.3613|-1.2023|0|0|0|0|
|2018-01-27| 14.6729| 15.8752| 12.3615|-1.2023|0|0|0|0|
|2018-01-28| 14.6729| 15.8752| 12.3615|-1.2023|0|0|0|0|
|2018-01-29| 14.6729| 15.8752| 12.3617|-1.2023|0|0|0|0|
|2018-01-30| 14.6729| 15.8752| 12.3642|-1.2023|0|0|0|0|
|2018-01-31| 14.6729| 15.8752| 12.3644|-1.2023|0|0|0|0|
|2018-02-01| 14.6729| 15.8752| 12.3649|-1.2023|0|0|0|0|
|2018-02-02| 14.6729| 15.8752| 12.3654|-1.2023|0|0|0|0|
|2018-02-03| 14.6729| 15.8752| 12.3654|-1.2023|0|0|0|0|
|2018-02-04| 14.6729| 15.8752| 12.3654|-1.2023|0|0|0|0|
|2018-02-05| 14.6729| 15.8752| 12.3657|-1.2023|0|0|0|0|
|2018-02-06| 14.6729| 15.8752| 12.3664|-1.2023|0|0|0|0|
|2018-02-07| 14.6729| 15.8752| 12.3664|-1.2023|0|0|0|0|
|2018-02-08| 14.6729| 15.8752| 12.3664|-1.2023|0|0|0|0|
|2018-02-09| 14.6729| 15.8752| 12.3669|-1.2023|0|0|0|0|
|2018-02-10| 14.6729| 15.8752| 12.3671|-1.2023|0|0|0|0|
|2018-02-11| 14.6729| 15.8752| 12.3681|-1.2023|0|0|0|0|
|2018-02-12| 14.6729| 15.8752| 12.3683|-1.2023|0|0|0|0|
|2018-02-13| 14.6729| 15.8752| 12.3688|-1.2023|0|0|0|0|
|2018-02-14| 14.6729| 15.8752| 12.3705|-1.2023|0|0|0|0|
|2018-02-15| 14.6729| 15.8752| 12.371|-1.2023|0|0|0|0|
|2018-02-16| 14.6729| 15.8752| 12.372|-1.2023|0|0|0|0|
|2018-02-17| 14.6729| 15.8752| 12.3723|-1.2023|0|0|0|0|
|2018-02-18| 14.6729| 15.8752| 12.3725|-1.2023|0|0|0|0|
|2018-02-19| 14.6729| 15.8752| 12.373|-1.2023|0|0|0|0|
|2018-02-20| 14.6729| 15.8752| 12.3742|-1.2023|0|0|0|0|
|2018-02-21| 14.6729| 15.8752| 12.3745|-1.2023|0|0|0|0|
|2018-02-22| 14.6729| 15.8752| 12.375|-1.2023|0|0|0|0|
|2018-02-23| 14.6729| 15.8752| 12.3759|-1.2023|0|0|0|0|
|2018-02-24| 14.6729| 15.8752| 12.3767|-1.2023|0|0|0|0|
|2018-02-25| 14.6729| 15.8752| 12.3767|-1.2023|0|0|0|0|
|2018-02-26| 14.6729| 15.8752| 12.3813|-1.2023|0|0|0|0|
|2018-02-27| 14.6729| 15.8752| 12.384|-1.2023|0|0|0|0|
|2018-02-28| 14.6729| 15.8752| 12.3865|-1.2023|0|0|0|0|
|2018-03-01| 14.6729| 15.8752| 12.3962|-1.2023|0|0|0|0|
|2018-03-02| 14.6729| 15.8752| 12.3992|-1.2023|0|0|0|0|
|2018-03-03| 14.6729| 15.8752| 12.4016|-1.2023|0|0|0|0|
|2018-03-04| 14.6729| 15.8752| 12.4021|-1.2023|0|0|0|0|
|2018-03-05| 14.6729| 15.8752| 12.4031|-1.2023|0|0|0|0|
|2018-03-06| 14.6729| 15.8752| 12.4072|-1.2023|0|0|0|0|
|2018-03-07| 14.6729| 15.8752| 12.4097|-1.2023|0|0|0|0|
|2018-03-08| 14.6729| 15.8752| 12.4143|-1.2023|0|0|0|0|
|2018-03-09| 14.6729| 15.8752| 12.4175|-1.2023|0|0|0|0|
|2018-03-10| 14.6729| 15.8752| 12.4192|-1.2023|0|0|0|0|
|2018-03-11| 14.6729| 15.8752| 12.4205|-1.2023|0|0|0|0|
|2018-03-12| 14.6729| 15.8752| 12.4244|-1.2023|0|0|0|0|
|2018-03-13| 14.6729| 15.1543| 12.0658|-.4814|0|0|0|0|
|2018-03-14| 14.6729| 15.1543| 12.0687|-.4814|0|0|0|0|
|2018-03-15| 14.6729| 15.1543| 12.0746|-.4814|0|0|0|0|
|2018-03-16| 14.6729| 15.1543| 12.0795|-.4814|0|0|0|0|
|2018-03-17| 14.6729| 15.1543| 12.0834|-.4814|0|0|0|0|
|2018-03-18| 14.6729| 15.1543| 12.0839|-.4814|0|0|0|0|
|2018-03-19| 14.6729| 15.1543| 12.0878|-.4814|0|0|0|0|
|2018-03-20| 14.6729| 15.1543| 12.0941|-.4814|0|0|0|0|
|2018-03-21| 14.6729| 15.1543| 12.0993|-.4814|0|0|0|0|
|2018-03-22| 14.6729| 15.1543| 12.1071|-.4814|0|0|0|0|
|2018-03-23| 14.6729| 15.1543| 12.1142|-.4814|0|0|0|0|
|2018-03-24| 14.6729| 15.1543| 12.121|-.4814|0|0|0|0|
|2018-03-25| 14.6729| 15.1543| 12.1213|-.4814|0|0|0|0|
|2018-03-26| 14.6729| 15.1543| 12.125|-.4814|0|0|0|0|
|2018-03-27| 14.6729| 15.1543| 12.134|-.4814|0|0|0|0|
|2018-03-28| 14.6729| 15.1543| 12.1362|-.4814|0|0|0|0|
|2018-03-29| 14.6729| 15.1543| 12.1416|-.4814|0|0|0|0|
|2018-03-30| 14.6729| 15.1543| 12.1504|-.4814|0|0|0|0|
|2018-03-31| 14.6729| 15.1543| 12.1506|-.4814|0|0|0|0|
|2018-04-01| 14.6729| 15.1543| 12.1506|-.4814|0|0|0|0|
|2018-04-02| 14.6729| 15.1543| 12.1506|-.4814|0|0|0|0|
|2018-04-03| 14.6729| 15.1543| 12.1521|-.4814|0|0|0|0|
|2018-04-04| 14.6729| 15.1543| 12.1983|-.4814|0|0|0|0|
|2018-04-05| 14.6729| 15.1543| 12.2089|-.4814|0|0|0|0|
|2018-04-06| 14.6729| 15.1543| 12.2338|-.4814|0|0|0|0|
|2018-04-07| 14.6729| 15.1543| 12.2348|-.4814|0|0|0|0|
|2018-04-08| 14.6729| 15.1543| 12.235|-.4814|0|0|0|0|
|2018-04-09| 14.6729| 15.1543| 12.238|-.4814|0|0|0|0|
|2018-04-10| 14.6729| 15.1543| 12.2468|-.4814|0|0|0|0|
|2018-04-11| 14.6729| 15.1543| 12.2512|-.4814|0|0|0|0|
|2018-04-12| 14.6729| 15.1543| 12.26|-.4814|0|0|0|0|
|2018-04-13| 14.6729| 15.1543| 12.269|-.4814|0|0|0|0|
|2018-04-14| 14.6729| 15.1543| 12.2703|-.4814|0|0|0|0|
|2018-04-15| 14.6729| 15.1543| 12.2703|-.4814|0|0|0|0|
|2018-04-16| 14.6729| 15.1543| 12.2744|-.4814|0|0|0|0|
|2018-04-17| 14.6729| 15.1543| 12.2879|-.4814|0|0|0|0|
|2018-04-18| 14.6729| 15.1543| 12.2913|-.4814|0|0|0|0|
|2018-04-19| 14.6729| 15.1543| 12.293|-.4814|0|0|0|0|
|2018-04-20| 14.6729| 15.1543| 12.295|-.4814|0|0|0|0|
|2018-04-21| 14.6729| 15.1543| 12.2969|-.4814|0|0|0|0|
|2018-04-22| 14.6729| 15.1543| 12.2977|-.4814|0|0|0|0|
|2018-04-23| 14.6729| 15.1543| 12.2994|-.4814|0|0|0|0|
|2018-04-24| 14.6729| 15.1543| 12.3018|-.4814|0|0|0|0|
|2018-04-25| 14.6729| 15.1543| 12.3101|-.4814|0|0|0|0|
|2018-04-26| 14.6729| 15.1543| 12.3138|-.4814|0|0|0|0|
|2018-04-27| 14.6729| 15.1543| 12.3209|-.4814|0|0|0|0|
|2018-04-28| 14.6729| 15.1543| 12.3297|-.4814|0|0|0|0|
|2018-04-29| 14.6729| 15.1543| 12.3302|-.4814|0|0|0|0|
|2018-04-30| 14.6729| 15.1543| 12.3304|-.4814|0|0|0|0|
|2018-05-01| 14.6729| 15.1543| 12.3307|-.4814|0|0|0|0|
|2018-05-02| 14.6729| 15.1543| 12.3336|-.4814|0|0|0|0|
|2018-05-03| 14.6729| 15.1543| 12.3339|-.4814|0|0|0|0|
|2018-05-04| 14.6729| 15.1543| 12.3351|-.4814|0|0|0|0|
|2018-05-05| 14.6729| 15.1543| 12.3361|-.4814|0|0|0|0|
|2018-05-06| 14.6729| 15.1543| 12.3363|-.4814|0|0|0|0|
|2018-05-07| 14.6729| 15.1543| 12.3385|-.4814|0|0|0|0|
|2018-05-08| 14.6729| 15.1543| 12.3446|-.4814|0|0|0|0|
|2018-05-09| 14.6729| 15.1543| 12.351|-.4814|0|0|0|0|
|2018-05-10| 14.6729| 15.1543| 12.3581|-.4814|0|0|0|0|
|2018-05-11| 14.6729| 15.1543| 12.362|-.4814|0|0|0|0|
|2018-05-12| 14.6729| 15.1543| 12.3625|-.4814|0|0|0|0|
|2018-05-13| 14.6729| 15.1543| 12.3627|-.4814|0|0|0|0|
|2018-05-14| 14.6729| 15.1543| 12.3708|-.4814|0|0|0|0|
|2018-05-15| 14.6729| 15.1543| 12.4075|-.4814|0|0|0|0|
|2018-05-16| 25.4199| 15.1707| 12.4315|10.2492|0|0|0|0|
|2018-05-17| 25.4199| 15.1707| 12.4366|10.2492|0|0|0|0|
|2018-05-18| 25.4199| 15.1707| 12.4491|10.2492|0|0|0|0|
|2018-05-19| 25.4199| 15.1707| 12.4513|10.2492|0|0|0|0|
|2018-05-20| 25.4199| 15.1707| 12.4515|10.2492|0|0|0|0|
|2018-05-21| 25.4199| 16.931| 13.0278|8.4889|0|0|0|0|
|2018-05-22| 25.4199| 25.6061| 13.4209|-.1862|0|0|0|0|
|2018-05-23| 25.4199| 35.1173| 14.0021|-9.6974|0|0|0|0|
|2018-05-24| 25.4199| 35.1378| 16.1648|-9.7179|0|0|0|0|
|2018-05-25| 25.4199| 28.1623| 10.67|-2.7424|0|0|0|0|
|2018-05-26| 25.4199| 28.1623| 10.5188|-2.7424|0|0|0|0|
|2018-05-27| 25.4199| 28.1623| 10.3904|-2.7424|0|0|0|0|
|2018-05-28| 25.4199| 28.1623| 10.2837|-2.7424|0|0|0|0|
|2018-05-29| 25.4199| 28.1623| 10.1969|-2.7424|0|0|0|0|
|2018-05-30| 25.4199| 28.1623| 10.1176|-2.7424|0|0|0|0|
|2018-05-31| 25.4199| 28.1623| 10.0491|-2.7424|0|0|0|0|
|2018-06-01| 25.4199| 28.1623| 10.0019|-2.7424|0|0|0|0|
|2018-06-02| 25.4199| 28.1623| 9.97844|-2.7424|0|0|0|0|
|2018-06-03| 25.4199| 28.1623| 9.9689|-2.7424|0|0|0|0|
|2018-06-04| 25.4199| 28.1623| 9.97208|-2.7424|0|0|0|0|
|2018-06-05| 25.4199| 28.1623| 13.294|-2.7424|0|0|0|0|
|2018-06-06| 25.4199| 28.1623| 15.6254|-2.7424|0|0|0|0|
|2018-06-07| 25.4199| 28.1623| 17.2516|-2.7424|0|0|0|0|
|2018-06-08| 25.4199| 28.1623| 16.4263|-2.7424|0|0|0|0|
|2018-06-09| 25.4199| 28.1623| 15.3559|-2.7424|0|0|0|0|
|2018-06-10|||||0|0|0|0|
|2018-06-11| 25.4199| 28.1623| 13.9368|-2.7424|0|0|0|0|
|2018-06-12| 25.4199| 28.1623| 15.7455|-2.7424|0|0|0|0|
|2018-06-13| 25.4199| 29.2034| 16.3818|-3.7835|0|0|0|0|
|2018-06-14| 25.4199| 29.2034| 15.339|-3.7835|0|0|0|0|
|2018-06-15| 25.4199| 29.2034| 15.2243|-3.7835|0|0|0|0|
|2018-06-16| 25.4199| 29.2034| 15.155|-3.7835|0|0|0|0|
|2018-06-17| 25.4199| 29.2034| 15.0924|-3.7835|0|0|0|0|
|2018-06-18| 25.4199| 29.2034| 15.054|-3.7835|0|0|0|0|
|2018-06-19| 25.4199| 29.2034| 15.0308|-3.7835|0|0|0|0|
|2018-06-20| 25.4199| 29.2034| 14.9735|-3.7835|0|0|0|0|
|2018-06-21| 25.4199| 29.2034| 14.9608|-3.7835|0|0|0|0|
|2018-06-22| 25.4199| 29.2034| 14.9672|-3.7835|0|0|0|0|
|2018-06-23| 25.4199| 29.2032| 14.9593|-3.7833|0|0|0|0|
|2018-06-24| 25.4199| 29.2032| 14.9579|-3.7833|0|0|0|0|
|2018-06-25| 25.4199| 29.2032| 14.9699|-3.7833|0|0|0|0|
|2018-06-26| 25.4199| 29.2032| 14.9848|-3.7833|0|0|0|0|
|2018-06-27| 25.4199| 29.2032| 14.9725|-3.7833|0|0|0|0|
|2018-06-28| 25.4199| 29.2032| 14.9777|-3.7833|0|0|0|0|
|2018-06-29| 25.4199| 29.2032| 14.9931|-3.7833|0|0|0|0|
|2018-06-30| 25.4199| 29.2032| 14.973|-3.7833|0|0|0|0|
|2018-07-01| 25.4199| 29.2032| 14.9733|-3.7833|0|0|0|0|
|2018-07-02| 25.4199| 29.2032| 14.9792|-3.7833|0|0|0|0|
|2018-07-03| 25.4199| 29.2032| 14.9767|-3.7833|0|0|0|0|
|2018-07-04| 25.4199| 29.2032| 14.9836|-3.7833|0|0|0|0|
|2018-07-05| 25.4199| 29.2032| 15.1888|-3.7833|0|0|0|0|
|2018-07-06| 25.4199| 29.2032| 14.9312|-3.7833|0|0|0|0|
|2018-07-07| 25.4199| 29.2032| 14.9356|-3.7833|0|0|0|0|
|2018-07-08| 25.4199| 29.2032| 14.9361|-3.7833|0|0|0|0|
|2018-07-09| 25.4199| 29.2032| 14.9349|-3.7833|0|0|0|0|
|2018-07-10| 25.4199| 29.2032| 14.9251|-3.7833|0|0|0|0|
|2018-07-11| 25.4199| 31.2472| 17.0109|-5.8273|0|0|0|0|
|2018-07-12| 25.4199| 31.2472| 16.9999|-5.8273|0|0|0|0|
|2018-07-13| 25.4199| 31.2472| 17.018|-5.8273|0|0|0|0|
|2018-07-14| 25.4199| 31.2472| 16.9904|-5.8273|0|0|0|0|
|2018-07-15| 25.4199| 31.2472| 16.9909|-5.8273|0|0|0|0|
|2018-07-16| 25.4199| 31.2472| 16.995|-5.8273|0|0|0|0|
|2018-07-17| 25.4199| 31.2472| 17.0117|-5.8273|0|0|0|0|
|2018-07-18| 25.4199| 31.2472| 17.0078|-5.8273|0|0|0|0|
|2018-07-19| 25.4199| 31.2472| 17.0246|-5.8273|0|0|0|0|
|2018-07-20| 25.4199| 31.2472| 17.0281|-5.8273|0|0|0|0|
|2018-07-21| 25.4199| 31.2472| 17.0134|-5.8273|0|0|0|0|
|2018-07-22| 25.4199| 31.2472| 16.9999|-5.8273|0|0|0|0|
|2018-07-23| 25.4199| 31.2472| 17.0114|-5.8273|0|0|0|0|
|2018-07-24| 25.4199| 31.2472| 17.0317|-5.8273|0|0|0|0|
|2018-07-25| 25.4199| 31.2472| 17.0178|-5.8273|0|0|0|0|
|2018-07-26| 25.4199| 31.2472| 17.0286|-5.8273|0|0|0|0|
|2018-07-27| 25.4199| 31.2472| 17.0224|-5.8273|0|0|0|0|
|2018-07-28| 25.4199| 31.2472| 17.031|-5.8273|0|0|0|0|
|2018-07-29| 25.4199| 31.2472| 17.0342|-5.8273|0|0|0|0|
|2018-07-30| 25.4199| 31.2472| 17.0366|-5.8273|0|0|0|0|
|2018-07-31| 25.4199| 31.2472| 17.0511|-5.8273|0|0|0|0|
|2018-08-01| 25.4199| 31.2472| 17.0276|-5.8273|0|0|0|0|
|2018-08-02| 25.4199| 31.2472| 17.0344|-5.8273|0|0|0|0|
|2018-08-03| 25.4199| 31.2472| 17.0427|-5.8273|0|0|0|0|
|2018-08-04| 25.4199| 31.2472| 17.0489|-5.8273|0|0|0|0|
|2018-08-05| 25.4199| 31.2472| 17.0489|-5.8273|0|0|0|0|
|2018-08-06| 25.4199| 31.2472| 17.0508|-5.8273|0|0|0|0|
|2018-08-07| 25.4199| 31.2472| 17.0577|-5.8273|0|0|0|0|
|2018-08-08| 25.4199| 31.2472| 17.0425|-5.8273|0|0|0|0|
|2018-08-09| 25.4199| 31.2472| 17.0454|-5.8273|0|0|0|0|
|2018-08-10| 25.4199| 31.2472| 17.0491|-5.8273|0|0|0|0|
|2018-08-11| 25.4199| 31.2472| 17.0677|-5.8273|0|0|0|0|
|2018-08-12| 25.4199| 31.2472| 17.0459|-5.8273|0|0|0|0|
|2018-08-13| 25.4199| 31.2472| 17.0486|-5.8273|0|0|0|0|
|2018-08-14| 25.4199| 31.2472| 17.0591|-5.8273|0|0|0|0|
|2018-08-15| 25.4199| 31.2472| 17.0738|-5.8273|0|0|0|0|
|2018-08-16| 25.4199| 31.2472| 17.0794|-5.8273|0|0|0|0|
|2018-08-17| 25.4199| 31.2472| 17.064|-5.8273|0|0|0|0|
|2018-08-18| 25.4199| 31.2472| 17.0706|-5.8273|0|0|0|0|
|2018-08-19| 25.4199| 31.2472| 17.0714|-5.8273|0|0|0|0|
|2018-08-20| 25.4199| 31.2472| 17.0858|-5.8273|0|0|0|0|
|2018-08-21| 25.4199| 31.2472| 17.0621|-5.8273|0|0|0|0|
|2018-08-22| 25.4199| 31.2472| 17.0763|-5.8273|0|0|0|0|
|2018-08-23| 25.4199| 31.2472| 17.0714|-5.8273|0|0|0|0|
|2018-08-24| 25.4199| 31.2472| 17.0875|-5.8273|0|0|0|0|
|2018-08-25| 25.4199| 31.2472| 17.0753|-5.8273|0|0|0|0|
|2018-08-26| 25.4199| 31.2472| 17.076|-5.8273|0|0|0|0|
|2018-08-27| 25.4199| 31.2472| 17.0804|-5.8273|0|0|0|0|
|2018-08-28| 25.4199| 29.2032| 15.0501|-3.7833|0|0|0|0|
|2018-08-29| 25.4199| 29.2032| 15.0848|-3.7833|0|0|0|0|
|2018-08-30| 25.4199| 29.2032| 15.0675|-3.7833|0|0|0|0|
|2018-08-31| 25.4199| 29.2032| 15.0763|-3.7833|0|0|0|0|
|2018-09-01| 25.4199| 29.2032| 15.0824|-3.7833|0|0|0|0|
|2018-09-02| 25.4199| 29.2032| 15.0829|-3.7833|0|0|0|0|
|2018-09-03| 25.4199| 29.2032| 15.0746|-3.7833|0|0|0|0|
|2018-09-04| 25.4199| 29.2032| 15.0885|-3.7833|0|0|0|0|
|2018-09-05| 25.4199| 29.2032| 15.1054|-3.7833|0|0|0|0|
|2018-09-06| 25.4199| 29.2032| 15.1071|-3.7833|0|0|0|0|
|2018-09-07| 25.4199| 29.2032| 15.1191|-3.7833|0|0|0|0|
|2018-09-08| 25.4199| 29.2032| 15.1276|-3.7833|0|0|0|0|
|2018-09-09| 25.4199| 29.2032| 15.1284|-3.7833|0|0|0|0|
|2018-09-10| 25.4199| 29.2032| 15.1134|-3.7833|0|0|0|0|
|2018-09-11| 25.4199| 29.2032| 15.1257|-3.7833|0|0|0|0|
|2018-09-12| 25.4199| 29.2032| 15.1289|-3.7833|0|0|0|0|
|2018-09-13| 25.4199| 29.2032| 15.143|-3.7833|0|0|0|0|
|2018-09-14| 25.4199| 29.2032| 15.1269|-3.7833|0|0|0|0|
|2018-09-15| 25.4199| 29.2032| 15.1056|-3.7833|0|0|0|0|
|2018-09-16| 25.4199| 29.2032| 15.1159|-3.7833|0|0|0|0|
|2018-09-17| 25.4199| 29.2032| 15.1257|-3.7833|0|0|0|0|
|2018-09-18| 25.4199| 29.2032| 15.1191|-3.7833|0|0|0|0|
|2018-09-19| 25.4199| 29.2032| 15.1379|-3.7833|0|0|0|0|
|2018-09-20| 25.4199| 29.2032| 15.1311|-3.7833|0|0|0|0|
|2018-09-21| 25.4199| 29.2032| 15.1455|-3.7833|0|0|0|0|
|2018-09-22| 25.4199| 29.2032| 15.1592|-3.7833|0|0|0|0|
|2018-09-23| 25.4199| 29.2032| 15.1323|-3.7833|0|0|0|0|
|2018-09-24| 25.4199| 29.2032| 15.136|-3.7833|0|0|0|0|
|2018-09-25| 25.4199| 29.2032| 15.1514|-3.7833|0|0|0|0|
|2018-09-26| 25.4199| 29.2032| 15.1775|-3.7833|0|0|0|0|
|2018-09-27| 25.4199| 29.2032| 15.3109|-3.7833|0|0|0|0|
|2018-09-28| 25.4199| 29.2032| 15.3417|-3.7833|0|0|0|0|
|2018-09-29| 25.4199| 29.2032| 15.314|-3.7833|0|0|0|0|
|2018-09-30| 25.4199| 29.2032| 15.3167|-3.7833|0|0|0|0|
|2018-10-01| 25.4199| 29.2032| 15.3226|-3.7833|0|0|0|0|
|2018-10-02| 25.4199| 29.2032| 15.35|-3.7833|0|0|0|0|
|2018-10-03| 25.4199| 29.2032| 15.3439|-3.7833|0|0|0|0|
|2018-10-04| 25.4199| 29.2032| 15.3908|-3.7833|0|0|0|0|
|2018-10-05| 25.4199| 29.2032| 15.3715|-3.7833|0|0|0|0|
|2018-10-06| 25.4199| 29.2032| 15.382|-3.7833|0|0|0|0|
|2018-10-07| 25.4199| 29.2032| 15.3727|-3.7833|0|0|0|0|
|2018-10-08| 25.4199| 29.2032| 15.3762|-3.7833|0|0|0|0|
|2018-10-09| 25.4199| 29.2032| 15.4297|-3.7833|0|0|0|0|
|2018-10-10| 25.4199| 29.2032| 15.4493|-3.7833|0|0|0|0|
|2018-10-11| 25.4199| 29.2032| 15.4662|-3.7833|0|0|0|0|
|2018-10-12| 25.4199| 29.2032| 15.4659|-3.7833|0|0|0|0|
|2018-10-13| 25.4199| 29.2032| 15.4826|-3.7833|0|0|0|0|
|2018-10-14| 25.4199| 29.2032| 15.4838|-3.7833|0|0|0|0|
|2018-10-15| 25.4199| 29.2032| 15.5058|-3.7833|0|0|0|0|
|2018-10-16| 25.4199| 29.2032| 15.4914|-3.7833|0|0|0|0|
|2018-10-17| 25.4199| 29.2032| 15.5168|-3.7833|0|0|0|0|
|2018-10-18| 25.4199| 29.2032| 16.644|-3.7833|0|0|0|0|
|2018-10-19| 25.4199| 29.2032| 15.9708|-3.7833|0|0|0|0|
|2018-10-20| 25.4199| 29.2032| 15.5574|-3.7833|0|0|0|0|
|2018-10-21| 25.4199| 29.2032| 15.4625|-3.7833|0|0|0|0|
|2018-10-22| 25.4199| 29.2032| 15.4385|-3.7833|0|0|0|0|
|2018-10-23| 25.4199| 29.2032| 15.4659|-3.7833|0|0|0|0|
|2018-10-24| 25.4199| 29.2032| 15.4615|-3.7833|0|0|0|0|
|2018-10-25| 25.4199| 30.244| 16.2221|-4.8241|0|0|0|0|
|2018-10-26| 25.4199| 30.244| 16.2536|-4.8241|0|0|0|0|
|2018-10-27| 25.4199| 30.244| 16.2394|-4.8241|0|0|0|0|
|2018-10-28| 25.4199| 30.244| 16.1792|-4.8241|0|0|0|0|
|2018-10-29| 25.4199| 30.244| 16.1773|-4.8241|0|0|0|0|
|2018-10-30| 25.4199| 30.244| 16.2017|-4.8241|0|0|0|0|
|2018-10-31| 25.4199| 30.244| 16.1797|-4.8241|0|0|0|0|
|2018-11-01| 25.4199| 30.244| 16.2017|-4.8241|0|0|0|0|
|2018-11-02| 25.4199| 30.244| 16.1232|-4.8241|0|0|0|0|
|2018-11-03| 25.4199| 30.244| 16.134|-4.8241|0|0|0|0|
|2018-11-04| 25.4199| 30.244| 16.1347|-4.8241|0|0|0|0|
|2018-11-05| 25.4199| 30.244| 16.1477|-4.8241|0|0|0|0|
|2018-11-06| 25.4199| 30.244| 16.1426|-4.8241|0|0|0|0|
|2018-11-07| 25.4199| 30.244| 16.1536|-4.8241|0|0|0|0|
|2018-11-08| 25.4199| 30.244| 16.2678|-4.8241|0|0|0|0|
|2018-11-09| 25.4199| 30.244| 16.2035|-4.8241|0|0|0|0|
|2018-11-10| 25.4199| 30.244| 16.2428|-4.8241|0|0|0|0|
|2018-11-11| 25.4199| 30.244| 16.2257|-4.8241|0|0|0|0|
|2018-11-12| 25.4199| 30.244| 16.1788|-4.8241|0|0|0|0|
|2018-11-13| 25.4199| 30.244| 16.2066|-4.8241|0|0|0|0|
|2018-11-14| 25.4199| 30.244| 16.2353|-4.8241|0|0|0|0|
|2018-11-15| 25.4199| 30.142| 16.3018|-4.7221|0|0|0|0|
|2018-11-16| 25.4199| 30.142| 16.3062|-4.7221|0|0|0|0|
|2018-11-17| 25.4199| 30.142| 16.3341|-4.7221|0|0|0|0|
|2018-11-18| 25.4199| 30.142| 16.5802|-4.7221|0|0|0|0|
|2018-11-19| 25.4199| 30.142| 16.5449|-4.7221|0|0|0|0|
|2018-11-20| 25.4199| 30.142| 16.5775|-4.7221|0|0|0|0|
|2018-11-21| 25.4199| 30.142| 16.5799|-4.7221|0|0|0|0|
|2018-11-22| 25.4199| 30.142| 16.6112|-4.7221|0|0|0|0|
|2018-11-23| 25.4199| 30.142| 16.6115|-4.7221|0|0|0|0|
|2018-11-24| 25.4199| 30.142| 16.6208|-4.7221|0|0|0|0|
|2018-11-25| 25.4199| 30.142| 16.6235|-4.7221|0|0|0|0|
|2018-11-26| 25.4199| 30.142| 16.6357|-4.7221|0|0|0|0|
|2018-11-27| 25.4199| 30.142| 16.6651|-4.7221|0|0|0|0|
|2018-11-28| 25.4199| 30.142| 16.6548|-4.7221|0|0|0|0|
|2018-11-29| 25.4199| 30.142| 16.6792|-4.7221|0|0|0|0|
|2018-11-30| 25.4199| 30.142| 16.6922|-4.7221|0|0|0|0|
|2018-12-01| 25.4199| 30.142| 16.7101|-4.7221|0|0|0|0|
|2018-12-02| 25.4199| 30.142| 16.711|-4.7221|0|0|0|0|
|2018-12-03| 25.4199| 30.142| 16.7211|-4.7221|0|0|0|0|
|2018-12-04| 25.4199| 30.142| 16.7128|-4.7221|0|0|0|0|
|2018-12-05| 25.4199| 30.142| 16.7294|-4.7221|0|0|0|0|
|2018-12-06| 25.4199| 30.142| 16.7343|-4.7221|0|0|0|0|
|2018-12-07| 25.4199| 30.142| 16.7512|-4.7221|0|0|0|0|
|2018-12-08| 25.4199| 30.142| 16.7561|-4.7221|0|0|0|0|
|2018-12-09| 25.4199| 30.142| 16.7563|-4.7221|0|0|0|0|
|2018-12-10| 25.4199| 30.142| 16.7663|-4.7221|0|0|0|0|
|2018-12-11| 25.4199| 30.142| 16.7888|-4.7221|0|0|0|0|
|2018-12-12| 25.4199| 30.142| 16.8231|-4.7221|0|0|0|0|
|2018-12-13| 25.4199| 30.142| 16.8243|-4.7221|0|0|0|0|
|2018-12-14| 25.4199| 30.142| 16.8299|-4.7221|0|0|0|0|
|2018-12-15| 25.4199| 30.142| 16.8446|-4.7221|0|0|0|0|
|2018-12-16| 25.4199| 30.142| 16.8546|-4.7221|0|0|0|0|
|2018-12-17| 25.4199| 30.142| 16.8637|-4.7221|0|0|0|0|
|2018-12-18| 25.4199| 18.451| 15.0476|6.9689|0|0|0|0|
|2018-12-19| 25.4199| 18.451| 13.7918|6.9689|0|0|0|0|
|2018-12-20| 25.4199| 18.451| 12.9148|6.9689|0|0|0|0|
|2018-12-21| 25.4199| 18.451| 12.5442|6.9689|0|0|0|0|
|2018-12-22| 25.4199| 18.451| 12.474|6.9689|0|0|0|0|
|2018-12-23| 25.4199| 18.451| 12.4141|6.9689|0|0|0|0|
|2018-12-24| 25.4199| 18.451| 12.3627|6.9689|0|0|0|0|
|2018-12-25| 25.4199| 18.451| 12.3189|6.9689|0|0|0|0|
|2018-12-26| 25.4199| 18.451| 12.2793|6.9689|0|0|0|0|
|2018-12-27| 25.4199| 18.451| 12.2646|6.9689|0|0|0|0|
|2018-12-28| 25.4199| 18.451| 12.2446|6.9689|0|0|0|0|
|2018-12-29| 25.4199| 18.451| 12.2189|6.9689|0|0|0|0|
|2018-12-30| 25.4199| 18.451| 12.1993|6.9689|0|0|0|0|
|2018-12-31| 25.4199| 18.451| 12.1839|6.9689|0|0|0|0|
|2019-01-01| 25.4199| 18.451| 12.1722|6.9689|0|0|0|0|
|2019-01-02| 25.4199| 18.451| 12.2287|6.9689|0|0|0|0|
|2019-01-03| 25.4199| 18.451| 12.2421|6.9689|0|0|0|0|
|2019-01-04| 25.4199| 18.451| 12.2365|6.9689|0|0|0|0|
|2019-01-05| 25.4199| 18.451| 12.2512|6.9689|0|0|0|0|
|2019-01-06| 25.4199| 18.451| 12.2526|6.9689|0|0|0|0|
|2019-01-07| 25.4199| 18.451| 12.238|6.9689|0|0|0|0|
|2019-01-08| 25.4199| 18.451| 12.2568|6.9689|0|0|0|0|
|2019-01-09| 25.4199| 18.451| 12.2685|6.9689|0|0|0|0|
|2019-01-10| 25.4199| 18.451| 12.2835|6.9689|0|0|0|0|
|2019-01-11| 25.4199| 18.451| 12.2835|6.9689|0|0|0|0|
|2019-01-12| 25.4199| 18.451| 12.2959|6.9689|0|0|0|0|
|2019-01-13| 25.4199| 18.451| 12.3052|6.9689|0|0|0|0|
|2019-01-14| 25.4199| 18.451| 12.315|6.9689|0|0|0|0|
|2019-01-15| 25.4199| 18.451| 12.305|6.9689|0|0|0|0|
|2019-01-16| 25.4199| 18.451| 12.3282|6.9689|0|0|0|0|
|2019-01-17| 25.4199| 18.451| 12.3268|6.9689|0|0|0|0|
|2019-01-18| 25.4199| 18.451| 12.3422|6.9689|0|0|0|0|
|2019-01-19| 25.4199| 18.451| 12.3295|6.9689|0|0|0|0|
|2019-01-20| 25.4199| 18.451| 12.3385|6.9689|0|0|0|0|
|2019-01-21| 25.4199| 18.451| 12.3507|6.9689|0|0|0|0|
|2019-01-22| 25.4199| 18.451| 12.3666|6.9689|0|0|0|0|
|2019-01-23| 25.4199| 18.451| 12.3632|6.9689|0|0|0|0|
|2019-01-24| 25.4199| 18.451| 12.3894|6.9689|0|0|0|0|
|2019-01-25| 25.4199| 18.9349| 12.3899|6.4850|0|0|0|0|
|2019-01-26| 25.4199| 18.9349| 12.395|6.4850|0|0|0|0|
|2019-01-27| 25.4199| 18.9349| 12.3999|6.4850|0|0|0|0|
|2019-01-28| 25.4199| 18.9349| 12.4082|6.4850|0|0|0|0|
|2019-01-29| 25.4199| 19.4816| 12.4138|5.9383|0|0|0|0|
|2019-01-30| 25.4199| 19.4816| 12.4567|5.9383|0|0|0|0|
|2019-01-31| 25.4199| 19.4816| 12.4635|5.9383|0|0|0|0|
|2019-02-01| 25.4199| 19.4816| 12.4772|5.9383|0|0|0|0|
|2019-02-02| 25.4199| 19.4816| 12.4838|5.9383|0|0|0|0|
|2019-02-03| 25.4199| 19.4816| 12.4855|5.9383|0|0|0|0|
|2019-02-04| 25.4199| 19.4816| 12.4953|5.9383|0|0|0|0|
|2019-02-05| 25.4199| 19.4816| 12.4887|5.9383|0|0|0|0|
|2019-02-06| 25.4199| 19.4816| 12.5066|5.9383|0|0|0|0|
|2019-02-07| 25.4199| 19.4816| 12.5215|5.9383|0|0|0|0|
|2019-02-08| 25.4199| 19.4816| 12.5183|5.9383|0|0|0|0|
|2019-02-09| 25.4199| 19.4816| 12.5271|5.9383|0|0|0|0|
|2019-02-10| 25.4199| 19.4816| 12.5254|5.9383|0|0|0|0|
|2019-02-11| 25.4199| 19.4816| 12.534|5.9383|0|0|0|0|
|2019-02-12| 25.4199| 19.4816| 12.5628|5.9383|0|0|0|0|
|2019-02-13| 25.4199| 19.4816| 12.5479|5.9383|0|0|0|0|
|2019-02-14| 25.4199| 19.4816| 12.566|5.9383|0|0|0|0|
|2019-02-15| 25.4199| 19.4816| 12.5645|5.9383|0|0|0|0|
|2019-02-16| 25.4199| 19.4816| 12.5777|5.9383|0|0|0|0|
|2019-02-17| 25.4199| 19.4816| 12.5792|5.9383|0|0|0|0|
|2019-02-18| 25.4199| 19.4816| 12.5853|5.9383|0|0|0|0|
|2019-02-19| 25.4199| 19.4816| 12.5817|5.9383|0|0|0|0|
|2019-02-20| 25.4199| 19.4816| 12.6069|5.9383|0|0|0|0|
|2019-02-21| 25.4199| 19.4816| 12.6382|5.9383|0|0|0|0|
|2019-02-22| 25.4199| 19.4816| 12.6597|5.9383|0|0|0|0|
|2019-02-23| 25.4199| 19.4816| 12.6797|5.9383|0|0|0|0|
|2019-02-24| 25.4199| 19.4816| 12.6793|5.9383|0|0|0|0|
|2019-02-25| 25.4199| 19.4816| 12.6846|5.9383|0|0|0|0|
|2019-02-26| 25.4199| 19.4816| 12.6949|5.9383|0|0|0|0|
|2019-02-27| 25.4199| 19.4816| 12.7147|5.9383|0|0|0|0|
|2019-02-28| 25.4199| 19.4816| 12.7103|5.9383|0|0|0|0|
|2019-03-01| 25.4199| 19.4816| 12.7416|5.9383|0|0|0|0|
|2019-03-02| 25.4199| 19.4816| 12.7487|5.9383|0|0|0|0|
|2019-03-03| 25.4199| 19.4816| 12.75|5.9383|0|0|0|0|
|2019-03-04| 25.4199| 19.4816| 12.7568|5.9383|0|0|0|0|
|2019-03-05| 25.4199| 19.4816| 12.7913|5.9383|0|0|0|0|
|2019-03-06| 25.4199| 19.4816| 12.7864|5.9383|0|0|0|0|
|2019-03-07| 25.4199| 19.4816| 12.8517|5.9383|0|0|0|0|
|2019-03-08| 25.4199| 19.4816| 12.8527|5.9383|0|0|0|0|
|2019-03-09| 25.4199| 19.4816| 12.8483|5.9383|0|0|0|0|
|2019-03-10| 25.4199| 19.4816| 12.8498|5.9383|0|0|0|0|
|2019-03-11| 25.4199| 19.4816| 12.8529|5.9383|0|0|0|0|
|2019-03-12| 25.4199| 19.4816| 12.8578|5.9383|0|0|0|0|
|2019-03-13| 25.4199| 19.4816| 12.8786|5.9383|0|0|0|0|
|2019-03-14| 25.4199| 19.4816| 12.8747|5.9383|0|0|0|0|
|2019-03-15| 25.4199| 19.4816| 12.8913|5.9383|0|0|0|0|
|2019-03-16| 25.4199| 19.4816| 12.8972|5.9383|0|0|0|0|
|2019-03-17| 25.4199| 19.4816| 12.8833|5.9383|0|0|0|0|
|2019-03-18| 25.4199| 19.4816| 12.8923|5.9383|0|0|0|0|
|2019-03-19| 25.4199| 19.4816| 12.9116|5.9383|0|0|0|0|
|2019-03-20| 25.4199| 19.4816| 12.9182|5.9383|0|0|0|0|
|2019-03-21| 25.4199| 19.4816| 12.9058|5.9383|0|0|0|0|
|2019-03-22| 25.4199| 19.4816| 12.9182|5.9383|0|0|0|0|
|2019-03-23| 25.4199| 19.4816| 12.9119|5.9383|0|0|0|0|
|2019-03-24| 25.4199| 19.4816| 12.9138|5.9383|0|0|0|0|
|2019-03-25| 25.4199| 19.4816| 12.9178|5.9383|0|0|0|0|
|2019-03-26| 25.4199| 19.4816| 12.9104|5.9383|0|0|0|0|
|2019-03-27| 25.4199| 19.4816| 12.9327|5.9383|0|0|0|0|
|2019-03-28| 25.4199| 19.4816| 12.9168|5.9383|0|0|0|0|
|2019-03-29| 25.4199| 19.4816| 12.9371|5.9383|0|0|0|0|
|2019-03-30| 25.4199| 19.4816| 12.9126|5.9383|0|0|0|0|
|2019-03-31| 25.4199| 19.4816| 12.9143|5.9383|0|0|0|0|
|2019-04-01| 25.4199| 19.4816| 12.9197|5.9383|0|0|0|0|
|2019-04-02| 25.4199| 19.4816| 12.9422|5.9383|0|0|0|0|
|2019-04-03| 25.4199| 19.4816| 12.9207|5.9383|0|0|0|0|
|2019-04-04| 25.4199| 19.4816| 12.9363|5.9383|0|0|0|0|
|2019-04-05| 25.4199| 19.4816| 12.9275|5.9383|0|0|0|0|
|2019-04-06| 25.4199| 19.4816| 12.941|5.9383|0|0|0|0|
|2019-04-07| 25.4199| 19.4816| 12.9427|5.9383|0|0|0|0|
|2019-04-08| 25.4199| 19.4816| 12.9332|5.9383|0|0|0|0|
|2019-04-09| 25.4199| 19.4816| 13.0046|5.9383|0|0|0|0|
|2019-04-10| 25.4199| 19.4816| 13.0014|5.9383|0|0|0|0|
|2019-04-11| 25.4199| 19.4816| 13.0203|5.9383|0|0|0|0|
|2019-04-12| 25.4199| 19.4816| 13.0995|5.9383|0|0|0|0|
|2019-04-13| 25.4199| 19.4816| 13.1078|5.9383|0|0|0|0|
|2019-04-14| 25.4199| 19.4816| 13.0939|5.9383|0|0|0|0|
|2019-04-15| 25.4199| 19.4816| 13.1015|5.9383|0|0|0|0|
|2019-04-16| 25.4199| 19.4816| 13.0892|5.9383|0|0|0|0|
|2019-04-17| 25.4199| 19.4816| 13.1223|5.9383|0|0|0|0|
|2019-04-18| 25.4199| 19.4816| 13.1186|5.9383|0|0|0|0|
|2019-04-19| 25.4199| 19.4816| 13.1685|5.9383|0|0|0|0|
|2019-04-20| 25.4199| 19.4816| 13.159|5.9383|0|0|0|0|
|2019-04-21| 25.4199| 19.4816| 13.1629|5.9383|0|0|0|0|
|2019-04-22| 25.4199| 19.4816| 13.1668|5.9383|0|0|0|0|
|2019-04-23| 25.4199| 19.4816| 13.1729|5.9383|0|0|0|0|
|2019-04-24| 25.4199| 19.4816| 13.1854|5.9383|0|0|0|0|
|2019-04-25| 25.4199| 19.4816| 13.1734|5.9383|0|0|0|0|
|2019-04-26| 25.4199| 19.4816| 13.1783|5.9383|0|0|0|0|
|2019-04-27| 25.4199| 19.4816| 13.1707|5.9383|0|0|0|0|
|2019-04-28| 25.4199| 19.4816| 13.1756|5.9383|0|0|0|0|
|2019-04-29| 25.4199| 19.4816| 13.1805|5.9383|0|0|0|0|
|2019-04-30| 25.4199| 19.4816| 13.1908|5.9383|0|0|0|0|
|2019-05-01| 25.4199| 19.4816| 13.1763|5.9383|0|0|0|0|
|2019-05-02| 25.4199| 19.4816| 13.1749|5.9383|0|0|0|0|
|2019-05-03| 25.4199| 19.4816| 13.178|5.9383|0|0|0|0|
|2019-05-04| 25.4199| 19.4816| 13.1949|5.9383|0|0|0|0|
|2019-05-05| 25.4199| 19.4816| 13.1956|5.9383|0|0|0|0|
|2019-05-06| 25.4199| 19.4816| 13.2071|5.9383|0|0|0|0|
|2019-05-07| 25.4199| 19.4816| 13.2101|5.9383|0|0|0|0|
|2019-05-08| 25.4199| 19.4816| 13.212|5.9383|0|0|0|0|
|2019-05-09| 25.4199| 19.4816| 13.2067|5.9383|0|0|0|0|
|2019-05-10| 25.4199| 19.4816| 13.2025|5.9383|0|0|0|0|
|2019-05-11| 25.4199| 19.4816| 13.2013|5.9383|0|0|0|0|
|2019-05-12| 25.4199| 19.4816| 13.189|5.9383|0|0|0|0|
|2019-05-13| 25.4199| 19.4816| 13.1937|5.9383|0|0|0|0|
|2019-05-14| 25.4199| 19.4816| 13.2081|5.9383|0|0|0|0|
|2019-05-15| 25.4199| 19.4816| 13.2045|5.9383|0|0|0|0|
|2019-05-16| 25.4199| 25.073| 14.9263|.3469|0|0|0|0|
|2019-05-17| 25.4199| 25.073| 14.9405|.3469|0|0|0|0|
|2019-05-18| 25.4199| 25.073| 14.9493|.3469|0|0|0|0|
|2019-05-19| 25.4199| 25.073| 14.9552|.3469|0|0|0|0|
|2019-05-20| 25.4199| 25.073| 14.9608|.3469|0|0|0|0|
|2019-05-21| 25.4199| 25.073| 14.9645|.3469|0|0|0|0|
|2019-05-22| 25.4199| 25.073| 15.3131|.3469|0|0|0|0|
|2019-05-23| 25.4199| 25.073| 16.9265|.3469|0|0|0|0|
|2019-05-24| 25.4199| 25.073| 16.9625|.3469|0|0|0|0|
|2019-05-25| 25.4199| 25.073| 16.9982|.3469|0|0|0|0|
|2019-05-26| 25.4199| 25.073| 16.999|.3469|0|0|0|0|
|2019-05-27| 25.4199| 25.073| 17.0048|.3469|0|0|0|0|
|2019-05-28| 25.4199| 25.073| 17.055|.3469|0|0|0|0|
|2019-05-29| 25.4199| 25.073| 17.0692|.3469|0|0|0|0|
|2019-05-30| 25.4199| 25.073| 17.0988|.3469|0|0|0|0|
|2019-05-31| 25.4199| 25.073| 17.3184|.3469|0|0|0|0|
|2019-06-01| 25.4199| 25.073| 17.3248|.3469|0|0|0|0|
|2019-06-02| 25.4199| 25.073| 17.3255|.3469|0|0|0|0|
|2019-06-03| 25.4199| 25.073| 17.3294|.3469|0|0|0|0|
|2019-06-04| 25.4199| 25.073| 17.3417|.3469|0|0|0|0|
|2019-06-05| 25.4199| 25.073| 17.3515|.3469|0|0|0|0|
|2019-06-06| 25.4199| 25.073| 17.3603|.3469|0|0|0|0|
|2019-06-07| 25.4199| 25.073| 17.3722|.3469|0|0|0|0|
|2019-06-08| 25.4199| 25.073| 17.3955|.3469|0|0|0|0|
|2019-06-09| 25.4199| 25.073| 17.3979|.3469|0|0|0|0|
|2019-06-10| 25.4199| 25.073| 17.4004|.3469|0|0|0|0|
|2019-06-11| 25.4199| 25.073| 17.4092|.3469|0|0|0|0|
|2019-06-12| 25.4199| 25.073| 17.4879|.3469|0|0|0|0|
|2019-06-13| 25.4199| 25.073| 17.6665|.3469|0|0|0|0|
|2019-06-14| 25.4199| 25.073| 17.7181|.3469|0|0|0|0|
|2019-06-15| 25.4199| 25.073| 17.7348|.3469|0|0|0|0|
|2019-06-16| 25.4199| 25.073| 17.7387|.3469|0|0|0|0|
|2019-06-17| 25.4199| 25.073| 17.7507|.3469|0|0|0|0|
|2019-06-18| 25.4199| 25.073| 17.779|.3469|0|0|0|0|
|2019-06-19| 25.4199| 25.073| 17.7959|.3469|0|0|0|0|
|2019-06-20| 25.4199| 25.073| 17.8047|.3469|0|0|0|0|
|2019-06-21| 25.4199| 25.073| 17.8055|.3469|0|0|0|0|
|2019-06-22| 25.4199| 25.073| 17.8067|.3469|0|0|0|0|
|2019-06-23| 25.4199| 25.073| 17.8069|.3469|0|0|0|0|
|2019-06-24| 25.4199| 25.073| 17.8104|.3469|0|0|0|0|
|2019-06-25| 25.4199| 25.073| 17.8211|.3469|0|0|0|0|
|2019-06-26| 25.4199| 25.073| 17.8316|.3469|0|0|0|0|
|2019-06-27| 25.4199| 25.073| 17.8524|.3469|0|0|0|0|
|2019-06-28| 25.4199| 25.073| 17.8654|.3469|0|0|0|0|
|2019-06-29| 25.4199| 25.073| 17.8813|.3469|0|0|0|0|
|2019-06-30| 25.4199| 25.073| 17.8813|.3469|0|0|0|0|
|2019-07-01| 25.4199| 25.073| 17.8879|.3469|0|0|0|0|
|2019-07-02| 25.4199| 25.073| 17.9031|.3469|0|0|0|0|
|2019-07-03| 25.4199| 25.073| 17.918|.3469|0|0|0|0|
|2019-07-04| 25.4199| 25.073| 17.9757|.3469|0|0|0|0|
|2019-07-05| 25.4199| 25.073| 17.9953|.3469|0|0|0|0|
|2019-07-06| 25.4199| 25.073| 18.0036|.3469|0|0|0|0|
|2019-07-07| 25.4199| 25.073| 18.0046|.3469|0|0|0|0|
|2019-07-08| 25.4199| 25.073| 18.0107|.3469|0|0|0|0|
|2019-07-09| 25.4199| 25.073| 18.0215|.3469|0|0|0|0|
|2019-07-10| 25.4199| 25.073| 18.0657|.3469|0|0|0|0|
|2019-07-11| 25.4199| 25.073| 18.1125|.3469|0|0|0|0|
|2019-07-12| 25.4199| 25.073| 18.1264|.3469|0|0|0|0|
|2019-07-13| 25.4199| 25.073| 18.1332|.3469|0|0|0|0|
|2019-07-14| 25.4199| 25.073| 18.1345|.3469|0|0|0|0|
|2019-07-15| 25.4199| 25.073| 18.1785|.3469|0|0|0|0|
|2019-07-16| 25.4199| 25.073| 18.2154|.3469|0|0|0|0|
|2019-07-17| 25.4199| 25.073| 18.2262|.3469|0|0|0|0|
|2019-07-18| 25.4199| 25.073| 18.2448|.3469|0|0|0|0|
|2019-07-19| 25.4199| 25.073| 18.3059|.3469|0|0|0|0|
|2019-07-20| 25.4199| 25.073| 18.3539|.3469|0|0|0|0|
|2019-07-21| 25.4199| 25.073| 18.3561|.3469|0|0|0|0|
|2019-07-22| 25.4199| 25.073| 18.36|.3469|0|0|0|0|
|2019-07-23| 25.4199| 25.073| 18.3801|.3469|0|0|0|0|
|2019-07-24| 25.4199| 25.073| 18.3911|.3469|0|0|0|0|
|2019-07-25| 25.4199| 25.073| 18.4018|.3469|0|0|0|0|
|2019-07-26| 25.4199| 25.073| 18.4092|.3469|0|0|0|0|
|2019-07-27| 25.4199| 25.073| 18.4192|.3469|0|0|0|0|
|2019-07-28| 25.4199| 25.073| 18.4207|.3469|0|0|0|0|
|2019-07-29| 25.4199| 25.073| 18.4221|.3469|0|0|0|0|
|2019-07-30| 25.4199| 25.073| 18.4258|.3469|0|0|0|0|
|2019-07-31| 25.4199| 25.073| 18.451|.3469|0|0|0|0|
|2019-08-01| 25.4199| 25.073| 18.4544|.3469|0|0|0|0|
|2019-08-02| 25.4199| 25.073| 18.4596|.3469|0|0|0|0|
|2019-08-03| 25.4199| 25.073| 18.4627|.3469|0|0|0|0|
|2019-08-04| 25.4199| 25.073| 18.4635|.3469|0|0|0|0|
|2019-08-05| 25.4199| 25.073| 18.4647|.3469|0|0|0|0|
|2019-08-06| 25.4199| 25.073| 18.4747|.3469|0|0|0|0|
|2019-08-07| 25.4199| 25.073| 18.4813|.3469|0|0|0|0|
|2019-08-08| 25.4199| 25.073| 18.5391|.3469|0|0|0|0|
|2019-08-09| 25.4199| 25.073| 18.5442|.3469|0|0|0|0|
|2019-08-10| 25.4199| 25.073| 18.5572|.3469|0|0|0|0|
|2019-08-11| 25.4199| 25.073| 18.5589|.3469|0|0|0|0|
|2019-08-12| 25.4199| 25.073| 18.5603|.3469|0|0|0|0|
|2019-08-13| 25.4199| 25.073| 18.5672|.3469|0|0|0|0|
|2019-08-14| 25.4199| 25.073| 18.577|.3469|0|0|0|0|
|2019-08-15| 25.4199| 25.073| 18.6624|.3469|0|0|0|0|
|2019-08-16| 25.4199| 25.073| 18.6817|.3469|0|0|0|0|
|2019-08-17| 25.4199| 25.073| 18.6888|.3469|0|0|0|0|
|2019-08-18| 25.4199| 25.073| 18.6895|.3469|0|0|0|0|
|2019-08-19| 25.4199| 25.073| 18.6915|.3469|0|0|0|0|
|2019-08-20| 25.4199| 25.073| 18.6978|.3469|0|0|0|0|
|2019-08-21| 25.4199| 25.073| 18.7093|.3469|0|0|0|0|
|2019-08-22| 25.4199| 25.073| 18.7179|.3469|0|0|0|0|
|2019-08-23| 25.4199| 25.073| 18.7267|.3469|0|0|0|0|
|2019-08-24| 25.4199| 25.073| 18.7306|.3469|0|0|0|0|
|2019-08-25| 25.4199| 25.073| 18.7318|.3469|0|0|0|0|
|2019-08-26| 25.4199| 25.073| 18.7321|.3469|0|0|0|0|
|2019-08-27| 25.4199| 25.073| 18.7377|.3469|0|0|0|0|
|2019-08-28| 25.4199| 25.073| 18.7839|.3469|0|0|0|0|
|2019-08-29| 25.4199| 25.073| 18.7864|.3469|0|0|0|0|
|2019-08-30| 25.4199| 25.073| 18.7947|.3469|0|0|0|0|
|2019-08-31| 25.4199| 25.073| 18.7991|.3469|0|0|0|0|
|2019-09-01| 25.4199| 25.073| 18.7991|.3469|0|0|0|0|
|2019-09-02| 25.4199| 25.073| 18.7991|.3469|0|0|0|0|
|2019-09-03| 25.4199| 25.073| 18.8077|.3469|0|0|0|0|
|2019-09-04| 31.7083| 26.5349| 19.0051|5.1734|0|0|0|0|
|2019-09-05| 31.7083| 26.5349| 19.7436|5.1734|0|0|0|0|
|2019-09-06| 31.7083| 26.5349| 19.9265|5.1734|0|0|0|0|
|2019-09-07| 31.7083| 26.5349| 19.9559|5.1734|0|0|0|0|
|2019-09-08| 31.7083| 26.5349| 19.9583|5.1734|0|0|0|0|
|2019-09-09| 31.7083| 26.5349| 19.9623|5.1734|0|0|0|0|
|2019-09-10| 31.7083| 26.5349| 19.987|5.1734|0|0|0|0|
|2019-09-11| 31.7083| 26.5349| 20.0234|5.1734|0|0|0|0|
|2019-09-12| 31.7083| 28.2022| 20.0396|3.5061|0|0|0|0|
|2019-09-13| 31.7083| 28.2022| 20.0743|3.5061|0|0|0|0|
|2019-09-14| 31.7083| 28.2022| 20.1149|3.5061|0|0|0|0|
|2019-09-15| 31.7083| 28.2022| 20.1186|3.5061|0|0|0|0|
|2019-09-16| 31.7083| 28.2022| 20.1242|3.5061|0|0|0|0|
|2019-09-17| 31.7083| 28.2022| 20.1416|3.5061|0|0|0|0|
|2019-09-18| 31.7083| 28.2022| 20.1643|3.5061|0|0|0|0|
|2019-09-19| 31.7083| 28.2022| 20.1871|3.5061|0|0|0|0|
|2019-09-20| 31.7083| 28.2022| 20.2059|3.5061|0|0|0|0|
|2019-09-21| 31.7083| 28.2022| 20.2174|3.5061|0|0|0|0|
|2019-09-22| 31.7083| 28.2022| 20.2201|3.5061|0|0|0|0|
|2019-09-23| 31.7083| 28.2022| 20.2308|3.5061|0|0|0|0|
|2019-09-24| 31.7083| 28.2022| 20.2458|3.5061|0|0|0|0|
|2019-09-25| 31.7083| 28.2022| 20.2568|3.5061|0|0|0|0|
|2019-09-26| 31.7083| 28.2022| 20.2849|3.5061|0|0|0|0|
|2019-09-27| 31.7083| 28.2022| 20.338|3.5061|0|0|0|0|
|2019-09-28| 31.7083| 28.2022| 20.3754|3.5061|0|0|0|0|
|2019-09-29| 31.7083| 28.2022| 20.3879|3.5061|0|0|0|0|
|2019-09-30| 31.7083| 28.2022| 20.4295|3.5061|0|0|0|0|
|2019-10-01| 31.7083| 28.2022| 20.543|3.5061|0|0|0|0|
|2019-10-02| 31.7083| 28.2022| 20.578|3.5061|0|0|0|0|
