<html>
 <head>
   <script type="text/javascript" src="https://www.google.com/jsapi"></script>
   <script type="text/javascript">
     google.load("visualization", "1", {packages:["corechart"]});
     google.setOnLoadCallback(drawChart);
     function drawChart() {
       var data = google.visualization.arrayToDataTable([
['Date','EFD','FC','SATA'],
['2014-10-31',   0,  0,  0],
['2014-11-01',   0,  0,  0],
['2014-11-02',   0,  0,  0],
['2014-11-03',   0,  0,  0],
['2014-11-04',   0,  10,  0],
['2014-11-05',   0,  10,  0],
['2014-11-06',   0,  10,  0],
['2014-11-07',   0,  10,  0],
['2014-11-08',   0,  10,  0],
['2014-11-09',   0,  10,  0],
['2014-11-10',   0,  10,  0],
['2014-11-11',   0,  10,  0],
['2014-11-12',   0,  10,  0],
['2014-11-13',   0,  10,  0],
['2014-11-14',   0,  15,  0],
['2014-11-15',   57,  280,  154],
['2014-11-16',   56,  278,  156],
['2014-11-17',   54,  281,  156],
['2014-11-18',   45,  287,  159],
['2014-11-19',   45,  285,  161],
['2014-11-20',   44,  287,  160],
['2014-11-21',   43,  290,  157],
['2014-11-22',   46,  287,  157],
['2014-11-23',   46,  285,  159],
['2014-11-24',   46,  285,  159],
['2014-11-25',   43,  287,  160],
['2014-11-26',   43,  290,  158],
['2014-11-27',   42,  290,  159],
['2014-11-28',   41,  288,  161],
['2014-11-29',   55,  276,  160],
['2014-11-30',   55,  273,  162],
['2014-12-01',   54,  275,  161],
['2014-12-02',   48,  278,  165],
['2014-12-03',   45,  284,  162],
['2014-12-04',   45,  289,  156],
['2014-12-05',   43,  295,  153],
['2014-12-06',   50,  281,  160],
['2014-12-07',   46,  273,  172],
['2014-12-08',   45,  283,  163],
['2014-12-09',   40,  291,  160],
['2014-12-10',   37,  300,  153],
['2014-12-11',   38,  294,  159],
['2014-12-12',   38,  298,  154],
['2014-12-13',   49,  293,  149],
['2014-12-14',   49,  286,  157],
['2014-12-15',   45,  276,  170],
['2014-12-16',   43,  279,  169],
['2014-12-17',   44,  281,  166],
['2014-12-18',   44,  284,  163],
['2014-12-19',   44,  301,  146],
['2014-12-20',   79,  303,  109],
['2014-12-21',   81,  354,  55],
['2014-12-22',   79,  367,  46],
['2014-12-23',   70,  389,  32],
['2014-12-24',   67,  396,  28],
['2014-12-25',   72,  341,  78],
['2014-12-26',   80,  323,  87],
['2014-12-27',   98,  303,  89],
['2014-12-28',   98,  284,  108],
['2014-12-29',   98,  278,  115],
['2014-12-30',   89,  298,  103],
['2014-12-31',   78,  300,  113],
['2015-01-01',   81,  294,  115],
['2015-01-02',   82,  306,  103],
['2015-01-03',   88,  296,  107],
['2015-01-04',   88,  305,  98],
['2015-01-05',   82,  310,  99],
['2015-01-06',   73,  312,  105],
['2015-01-07',   69,  301,  120],
['2015-01-08',   69,  304,  118],
['2015-01-09',   63,  312,  115],
['2015-01-10',   76,  309,  106],
['2015-01-11',   76,  316,  99],
['2015-01-12',   70,  323,  98],
['2015-01-13',   62,  321,  108],
['2015-01-14',   62,  317,  111],
['2015-01-15',   63,  316,  112],
['2015-01-16',   63,  315,  113],
['2015-01-17',   77,  297,  117],
['2015-01-18',   75,  308,  108],
['2015-01-19',   74,  318,  98],
['2015-01-20',   68,  325,  98],
['2015-01-21',   68,  305,  118],
['2015-01-22',   68,  296,  126],
['2015-01-23',   68,  310,  113],
['2015-01-24',   79,  298,  113],
['2015-01-25',   71,  308,  111],
['2015-01-26',   62,  340,  88],
['2015-01-27',   61,  339,  90],
['2015-01-28',   64,  319,  108],
['2015-01-29',   64,  309,  118],
['2015-01-30',   64,  304,  123],
['2015-01-31',   78,  293,  120],
['2015-02-01',   78,  297,  115],
['2015-02-02',   77,  298,  115],
['2015-02-03',   64,  315,  112],
['2015-02-04',   64,  320,  107],
['2015-02-05',   63,  316,  111],
['2015-02-06',   63,  314,  114],
['2015-02-07',   73,  299,  119],
['2015-02-08',   73,  282,  136],
['2015-02-09',   73,  286,  132],
['2015-02-10',   73,  286,  132],
['2015-02-11',   71,  279,  141],
['2015-02-12',   70,  289,  132],
['2015-02-13',   70,  281,  140],
['2015-02-14',   80,  270,  141],
['2015-02-15',   76,  276,  138],
['2015-02-16',   76,  277,  138],
['2015-02-17',   74,  278,  139],
['2015-02-18',   74,  279,  139],
['2015-02-19',   72,  292,  127],
['2015-02-20',   72,  285,  134],
['2015-02-21',   82,  277,  131],
['2015-02-22',   81,  280,  129],
['2015-02-23',   79,  277,  134],
['2015-02-24',   70,  255,  165],
['2015-02-25',   70,  257,  163],
['2015-02-26',   69,  266,  156],
['2015-02-27',   70,  288,  133],
['2015-02-28',   79,  274,  138],
['2015-03-01',   79,  274,  138],
['2015-03-02',   76,  271,  144],
['2015-03-03',   66,  274,  151],
['2015-03-04',   62,  276,  152],
['2015-03-05',   61,  268,  162],
['2015-03-06',   62,  270,  159],
['2015-03-07',   78,  253,  160],
['2015-03-08',   75,  257,  159],
['2015-03-09',   75,  253,  163],
['2015-03-10',   68,  255,  168],
['2015-03-11',   66,  257,  168],
['2015-03-12',   66,  265,  159],
['2015-03-13',   67,  261,  163],
['2015-03-14',   79,  259,  153],
['2015-03-15',   77,  261,  152],
['2015-03-16',   74,  265,  151],
['2015-03-17',   73,  267,  151],
['2015-03-18',   70,  263,  158],
['2015-03-19',   70,  263,  158],
['2015-03-20',   69,  270,  152],
['2015-03-21',   84,  256,  151],
['2015-03-22',   84,  254,  153],
['2015-03-23',   81,  258,  152],
['2015-03-24',   74,  262,  154],
['2015-03-25',   69,  262,  159],
['2015-03-26',   69,  260,  162],
['2015-03-27',   67,  263,  161],
['2015-03-28',   77,  250,  164],
['2015-03-29',   74,  253,  164],
['2015-03-30',   71,  259,  160],
['2015-03-31',   68,  264,  159],
['2015-04-01',   64,  274,  153],
['2015-04-02',   62,  276,  153],
['2015-04-03',   60,  272,  159],
['2015-04-04',   73,  260,  158],
['2015-04-05',   73,  261,  157],
['2015-04-06',   67,  266,  158],
['2015-04-07',   58,  276,  157],
['2015-04-08',   58,  273,  160],
['2015-04-09',   56,  275,  160],
['2015-04-10',   56,  275,  159],
['2015-04-11',   66,  262,  162],
['2015-04-12',   65,  263,  163],
['2015-04-13',   65,  263,  163],
['2015-04-14',   62,  268,  161],
['2015-04-15',   61,  266,  163],
['2015-04-16',   61,  267,  163],
['2015-04-17',   60,  279,  152],
['2015-04-18',   65,  273,  153],
['2015-04-19',   64,  263,  164],
['2015-04-20',   60,  267,  164],
['2015-04-21',   59,  271,  161],
['2015-04-22',   59,  272,  160],
['2015-04-23',   59,  273,  160],
['2015-04-24',   59,  279,  154],
['2015-04-25',   70,  264,  157],
['2015-04-26',   65,  265,  161],
['2015-04-27',   63,  266,  163],
['2015-04-28',   61,  264,  167],
['2015-04-29',   61,  263,  168],
['2015-04-30',   61,  268,  163],
['2015-05-01',   60,  272,  159],
['2015-05-02',   73,  260,  158],
['2015-05-03',   71,  262,  158],
['2015-05-04',   69,  255,  167],
['2015-05-05',   62,  261,  169],
['2015-05-06',   58,  264,  170],
['2015-05-07',   58,  259,  173],
['2015-05-08',   58,  268,  164],
['2015-05-09',   65,  265,  162],
['2015-05-10',   64,  269,  158],
['2015-05-11',   64,  269,  158],
['2015-05-12',   59,  272,  160],
['2015-05-13',   59,  273,  159],
['2015-05-14',   58,  271,  162],
['2015-05-15',   58,  272,  162],
['2015-05-16',   64,  268,  160],
['2015-05-17',   64,  268,  159],
['2015-05-18',   63,  260,  168],
['2015-05-19',   54,  265,  172],
['2015-05-20',   54,  266,  171],
['2015-05-21',   55,  274,  163],
['2015-05-22',   54,  274,  163],
['2015-05-23',   61,  268,  163],
['2015-05-24',   60,  268,  164],
['2015-05-25',   60,  271,  160],
['2015-05-26',   56,  272,  163],
['2015-05-27',   56,  272,  163],
['2015-05-28',   56,  273,  162],
['2015-05-29',   55,  279,  157],
['2015-05-30',   62,  273,  156],
['2015-05-31',   58,  270,  162],
['2015-06-01',   54,  275,  162],
['2015-06-02',   53,  275,  163],
['2015-06-03',   51,  277,  163],
['2015-06-04',   51,  275,  165],
['2015-06-05',   51,  282,  158],
['2015-06-06',   59,  274,  158],
['2015-06-07',   59,  276,  157],
['2015-06-08',   55,  279,  157],
['2015-06-09',   53,  280,  158],
['2015-06-10',   53,  278,  160],
['2015-06-11',   53,  275,  163],
['2015-06-12',   52,  281,  158],
['2015-06-13',   57,  277,  157],
['2015-06-14',   57,  271,  163],
['2015-06-15',   55,  278,  159],
['2015-06-16',   51,  290,  150],
['2015-06-17',   51,  286,  155],
['2015-06-18',   51,  286,  155],
['2015-06-19',   51,  286,  155],
['2015-06-20',   62,  280,  149],
['2015-06-21',   61,  282,  149],
['2015-06-22',   60,  272,  159],
['2015-06-23',   55,  279,  158],
['2015-06-24',   54,  285,  152],
['2015-06-25',   54,  281,  157],
['2015-06-26',   52,  283,  157],
['2015-06-27',   58,  279,  154],
['2015-06-28',   58,  284,  150],
['2015-06-29',   52,  285,  154],
['2015-06-30',   51,  284,  157],
['2015-07-01',   50,  281,  160],
['2015-07-02',   45,  294,  153],
['2015-07-03',   45,  296,  150],
['2015-07-04',   60,  281,  150],
['2015-07-05',   58,  279,  154],
['2015-07-06',   58,  281,  152],
['2015-07-07',   51,  287,  154],
['2015-07-08',   51,  284,  157],
['2015-07-09',   50,  289,  153],
['2015-07-10',   50,  291,  150],
['2015-07-11',   61,  276,  153],
['2015-07-12',   60,  275,  156],
['2015-07-13',   48,  291,  152],
['2015-07-14',   48,  296,  147],
['2015-07-15',   47,  297,  148],
['2015-07-16',   47,  286,  158],
['2015-07-17',   47,  286,  159],
['2015-07-18',   56,  277,  158],
['2015-07-19',   56,  278,  157],
['2015-07-20',   53,  282,  157],
['2015-07-21',   50,  291,  151],
['2015-07-22',   50,  292,  148],
['2015-07-23',   51,  292,  148],
['2015-07-24',   52,  289,  150],
['2015-07-25',   66,  276,  149],
['2015-07-26',   64,  275,  153],
['2015-07-27',   55,  287,  149],
['2015-07-28',   49,  292,  151],
['2015-07-29',   49,  290,  153],
['2015-07-30',   49,  292,  149],
['2015-07-31',   51,  297,  143],
['2015-08-01',   60,  288,  143],
['2015-08-02',   57,  285,  149],
['2015-08-03',   45,  293,  153],
['2015-08-04',   44,  291,  156],
['2015-08-05',   45,  285,  162],
['2015-08-06',   45,  297,  150],
['2015-08-07',   45,  301,  145],
['2015-08-08',   46,  304,  142],
['2015-08-09',   46,  297,  149],
['2015-08-10',   42,  294,  156],
['2015-08-11',   41,  276,  175],
['2015-08-12',   40,  229,  223],
['2015-08-13',   39,  198,  255],
['2015-08-14',   34,  263,  205],
['2015-08-15',   34,  297,  172],
['2015-08-16',   32,  308,  163],
['2015-08-17',   30,  308,  165],
['2015-09-01',   23,  264,  219],
['2015-09-02',   22,  254,  229],
['2015-09-03',   22,  267,  217],
['2015-09-04',   22,  299,  185],
['2015-09-05',   25,  316,  165],
['2015-09-06',   25,  324,  157],
['2015-09-07',   24,  341,  142],
['2015-09-08',   23,  336,  147],
['2015-09-09',   23,  258,  225],
['2015-09-10',   23,  235,  249],
['2015-09-11',   23,  288,  195],
['2015-09-12',   23,  303,  180],
['2015-09-13',   23,  330,  153],
['2015-09-14',   23,  316,  167],
['2015-09-15',   23,  288,  195],
['2015-09-16',   22,  269,  215],
['2015-09-17',   22,  261,  223],
['2015-09-18',   22,  292,  192],
['2015-09-19',   22,  310,  174],
['2015-09-20',   22,  327,  157],
['2015-09-21',   22,  316,  168],
['2015-09-22',   22,  283,  200],
['2015-09-23',   22,  254,  229],
['2015-09-24',   21,  271,  214],
['2015-09-25',   21,  289,  196],
['2015-09-26',   21,  296,  190],
['2015-09-27',   21,  306,  178],
['2015-09-28',   21,  297,  189],
['2015-09-29',   20,  285,  201],
['2015-09-30',   19,  272,  214],
['2015-10-01',   19,  282,  205],
['2015-10-02',   19,  302,  185],
['2015-10-03',   24,  337,  145],
['2015-10-04',   23,  335,  148],
['2015-10-05',   23,  339,  144],
['2015-10-06',   25,  345,  137],
['2015-10-07',   27,  342,  137],
['2015-10-08',   28,  334,  144],
['2015-10-09',   29,  333,  144],
['2015-10-10',   38,  322,  146],
['2015-10-11',   38,  321,  147],
['2015-10-12',   39,  319,  148],
['2015-10-13',   38,  315,  154],
['2015-10-14',   38,  322,  146],
['2015-10-15',   38,  321,  147],
['2015-10-16',   38,  326,  142],
['2015-10-17',   41,  323,  142],
['2015-10-18',   41,  323,  142],
['2015-10-19',   41,  323,  143],
['2015-10-20',   40,  322,  145],
['2015-10-21',   42,  329,  136],
['2015-10-22',   42,  329,  136],
['2015-10-23',   41,  335,  130],
['2015-10-24',   64,  315,  128],
['2015-10-25',   48,  328,  130],
['2015-10-26',   48,  319,  140],
['2015-10-27',   47,  315,  144],
['2015-10-28',   45,  306,  156],
['2015-10-29',   45,  307,  154],
['2015-10-30',   45,  307,  154],
['2015-10-31',   48,  315,  144],
['2015-11-01',   47,  324,  135],
['2015-11-02',   47,  330,  130],
['2015-11-03',   45,  331,  131],
['2015-11-04',   44,  328,  134],
['2015-11-05',   44,  319,  143],
['2015-11-06',   44,  316,  147],
['2015-11-07',   45,  308,  153],
['2015-11-08',   46,  316,  145],
['2015-11-09',   46,  320,  141],
['2015-11-13',   44,  323,  140],
['2015-11-14',   45,  321,  140],
['2015-11-15',   45,  315,  147],
['2015-11-16',   44,  304,  158],
['2015-11-17',   43,  296,  168],
['2015-11-18',   41,  293,  172],
['2015-11-19',   41,  304,  162],
['2015-11-20',   41,  308,  157],
['2015-11-21',   46,  312,  148],
['2015-11-22',   46,  318,  142],
['2015-11-23',   46,  314,  146],
['2015-11-24',   46,  307,  153],
['2015-11-25',   45,  305,  156],
['2015-11-26',   45,  289,  172],
['2015-11-27',   45,  289,  172],
['2015-11-28',   51,  287,  168],
['2015-11-29',   50,  291,  166],
['2015-11-30',   50,  289,  168],
['2015-12-01',   50,  288,  169],
['2015-12-02',   47,  291,  169],
['2015-12-03',   46,  286,  175],
['2015-12-04',   46,  288,  173],
['2015-12-05',   51,  277,  179],
['2015-12-06',   48,  270,  188],
['2015-12-07',   47,  276,  183],
['2015-12-08',   46,  278,  183],
['2015-12-09',   46,  284,  176],
['2015-12-10',   46,  294,  167],
['2015-12-11',   46,  296,  165],
['2015-12-12',   53,  285,  168],
['2015-12-13',   50,  284,  172],
['2015-12-14',   49,  290,  168],
['2015-12-15',   47,  284,  175],
['2015-12-16',   47,  285,  174],
['2015-12-17',   46,  288,  172],
['2015-12-18',   46,  283,  177],
['2015-12-19',   61,  272,  174],
['2015-12-20',   58,  264,  184],
['2015-12-21',   58,  273,  175],
['2015-12-22',   55,  272,  179],
['2015-12-23',   53,  286,  168],
['2015-12-24',   53,  279,  175],
['2015-12-25',   55,  280,  172],
['2015-12-26',   79,  256,  172],
['2015-12-27',   79,  243,  184],
['2015-12-28',   79,  241,  187],
['2015-12-29',   78,  236,  192],
['2015-12-30',   70,  240,  197],
['2015-12-31',   66,  248,  193],
['2016-01-01',   67,  247,  193],
['2016-01-02',   76,  238,  192],
['2016-01-03',   76,  247,  184],
['2016-01-04',   68,  251,  187],
['2016-01-05',   62,  256,  188],
['2016-01-06',   58,  260,  188],
['2016-01-07',   54,  257,  195],
['2016-01-08',   54,  261,  191],
['2016-01-09',   61,  251,  194],
['2016-01-10',   60,  254,  192],
['2016-01-11',   60,  263,  184],
['2016-01-12',   54,  272,  180],
['2016-01-13',   53,  274,  179],
['2016-01-14',   53,  270,  183],
['2016-01-15',   53,  269,  184],
['2016-01-16',   53,  266,  187],
['2016-01-17',   53,  271,  182],
['2016-01-18',   48,  274,  184],
['2016-01-19',   49,  276,  182],
['2016-01-20',   49,  276,  182],
['2016-01-21',   49,  276,  182],
['2016-01-22',   49,  268,  190],
['2016-01-23',   49,  268,  189],
['2016-01-24',   48,  272,  186],
['2016-01-25',   48,  280,  178],
['2016-01-26',   47,  281,  178],
['2016-01-27',   48,  271,  187],
['2016-01-28',   48,  272,  186],
['2016-01-29',   49,  272,  186],
['2016-01-30',   59,  264,  183],
['2016-01-31',   58,  266,  183],
['2016-02-01',   52,  263,  191],
['2016-02-02',   51,  275,  181],
['2016-02-03',   51,  277,  179],
['2016-02-04',   50,  275,  181],
['2016-02-05',   50,  281,  175],
['2016-02-06',   55,  273,  179],
['2016-02-07',   50,  280,  177],
['2016-02-08',   45,  286,  175],
['2016-02-09',   43,  285,  178],
['2016-02-10',   44,  287,  175],
['2016-02-11',   46,  281,  179],
['2016-02-12',   47,  282,  177],
['2016-02-13',   55,  280,  171],
['2016-02-14',   49,  292,  166],
['2016-02-15',   47,  287,  172],
['2016-02-16',   44,  291,  171],
['2016-02-17',   43,  284,  180],
['2016-02-18',   40,  283,  183],
['2016-02-19',   41,  291,  175],
['2016-02-20',   41,  290,  176],
['2016-02-21',   41,  289,  177],
['2016-02-22',   36,  291,  180],
['2016-02-23',   36,  298,  172],
['2016-02-24',   36,  297,  174],
['2016-02-25',   37,  295,  174],
['2016-02-26',   37,  295,  174],
['2016-02-27',   37,  295,  174],
['2016-02-28',   37,  295,  174],
['2016-02-29',   37,  294,  175],
['2016-03-01',   37,  291,  178],
['2016-03-02',   37,  291,  178],
['2016-03-03',   37,  288,  181],
['2016-03-04',   38,  290,  178],
['2016-03-05',   45,  259,  202],
['2016-03-06',   43,  266,  197],
['2016-03-07',   39,  289,  179],
['2016-03-08',   38,  287,  181],
['2016-03-09',   38,  271,  197],
['2016-03-10',   38,  261,  207],
['2016-03-11',   39,  260,  207],
['2016-03-12',   40,  264,  202],
['2016-03-13',   41,  258,  208],
['2016-03-14',   38,  253,  215],
['2016-03-15',   39,  249,  218],
['2016-03-16',   39,  249,  218],
['2016-03-17',   40,  247,  219],
['2016-03-18',   41,  262,  204],
['2016-03-19',   44,  251,  211],
['2016-03-20',   41,  253,  213],
['2016-03-21',   39,  258,  210],
['2016-03-22',   39,  257,  211],
['2016-03-23',   40,  251,  216],
['2016-03-24',   41,  249,  216],
['2016-03-25',   41,  244,  222],
['2016-03-26',   46,  250,  211],
['2016-03-27',   43,  252,  212],
['2016-03-28',   40,  242,  225],
['2016-03-29',   40,  242,  224],
['2016-03-30',   40,  254,  212],
['2016-03-31',   40,  254,  212],
['2016-04-01',   41,  263,  203],
['2016-04-02',   41,  261,  204],
['2016-04-03',   40,  256,  210],
['2016-04-04',   36,  255,  215],
['2016-04-05',   36,  258,  213],
['2016-04-06',   37,  254,  215],
['2016-04-07',   39,  253,  215],
['2016-04-08',   39,  259,  209],
['2016-04-09',   42,  255,  210],
['2016-04-10',   41,  255,  211],
['2016-04-11',   38,  259,  211],
['2016-04-12',   37,  255,  215],
['2016-04-13',   38,  252,  218],
['2016-04-14',   40,  249,  218],
['2016-04-15',   41,  257,  210],
['2016-04-16',   41,  257,  209],
['2016-04-17',   41,  256,  211],
['2016-04-18',   39,  243,  225],
['2016-04-19',   40,  248,  219],
['2016-04-20',   40,  248,  220],
['2016-04-21',   41,  249,  217],
['2016-04-22',   41,  258,  208],
['2016-04-23',   44,  256,  208],
['2016-04-24',   42,  256,  209],
['2016-04-25',   39,  249,  219],
['2016-04-26',   39,  249,  219],
['2016-04-27',   39,  248,  220],
['2016-04-28',   40,  248,  219],
['2016-04-29',   40,  266,  202],
['2016-04-30',   42,  257,  209],
['2016-05-01',   41,  257,  210],
['2016-05-02',   36,  261,  210],
['2016-05-03',   38,  259,  211],
['2016-05-04',   39,  252,  217],
['2016-05-05',   39,  251,  217],
['2016-05-06',   40,  252,  215],
['2016-05-07',   44,  255,  208],
['2016-05-08',   43,  255,  209],
['2016-05-09',   40,  248,  219],
['2016-05-10',   42,  245,  221],
['2016-05-11',   42,  244,  221],
['2016-05-12',   42,  244,  221],
['2016-05-13',   42,  262,  204],
['2016-05-14',   43,  252,  212],
['2016-05-15',   43,  252,  212],
['2016-05-16',   42,  246,  219],
['2016-05-17',   39,  251,  217],
['2016-05-18',   38,  249,  220],
['2016-05-19',   41,  245,  221],
['2016-05-20',   41,  257,  209],
['2016-05-21',   44,  257,  206],
['2016-05-22',   44,  251,  212],
['2016-05-23',   40,  255,  213],
['2016-05-24',   43,  250,  215],
['2016-05-25',   42,  248,  217],
['2016-05-26',   44,  246,  217],
['2016-05-27',   43,  239,  225],
['2016-05-28',   45,  249,  214],
['2016-05-29',   45,  250,  213],
['2016-05-30',   40,  251,  217],
['2016-05-31',   40,  246,  222],
['2016-06-01',   40,  245,  223],
['2016-06-02',   41,  244,  222],
['2016-06-03',   41,  252,  214],
['2016-06-04',   43,  252,  212],
['2016-06-05',   43,  251,  213],
['2016-06-06',   36,  257,  214],
['2016-06-07',   34,  257,  216],
['2016-06-08',   37,  252,  218],
['2016-06-09',   41,  254,  218],
['2016-06-10',   41,  267,  205],
['2016-06-11',   42,  270,  201],
['2016-06-12',   42,  262,  209],
['2016-06-13',   37,  266,  210],
['2016-06-14',   37,  269,  207],
['2016-06-15',   38,  259,  216],
['2016-06-16',   41,  256,  216],
['2016-06-17',   43,  251,  222],
['2016-06-18',   51,  251,  213],
['2016-06-19',   49,  254,  212],
['2016-06-20',   43,  259,  213],
['2016-06-21',   43,  265,  207],
['2016-06-22',   44,  265,  207],
['2016-06-23',   44,  265,  207],
['2016-06-24',   43,  264,  208],
['2016-06-25',   44,  257,  214],
['2016-06-26',   44,  257,  214],
['2016-06-27',   41,  259,  216],
['2016-06-28',   41,  261,  214],
['2016-06-29',   39,  255,  222],
['2016-06-30',   39,  252,  225],
['2016-07-01',   40,  252,  224],
['2016-07-02',   44,  261,  210],
['2016-07-03',   44,  258,  213],
['2016-07-04',   33,  269,  214],
['2016-07-05',   33,  269,  213],
['2016-07-06',   34,  259,  222],
['2016-07-07',   38,  256,  222],
['2016-07-08',   41,  246,  228],
['2016-07-09',   44,  260,  211],
['2016-07-10',   42,  257,  217],
['2016-07-11',   36,  248,  231],
['2016-07-12',   37,  251,  227],
['2016-07-13',   36,  253,  227],
['2016-07-14',   37,  252,  227],
['2016-07-15',   37,  267,  212],
['2016-07-16',   41,  261,  214],
['2016-07-17',   37,  263,  215],
['2016-07-18',   29,  263,  223],
['2016-07-19',   34,  258,  224],
['2016-07-20',   32,  259,  224],
['2016-07-21',   32,  260,  224],
['2016-07-22',   33,  278,  204],
['2016-07-23',   37,  270,  209],
['2016-07-24',   35,  272,  209],
['2016-07-25',   34,  272,  209],
['2016-07-26',   36,  269,  211],
['2016-07-27',   35,  262,  219],
['2016-07-28',   36,  261,  219],
['2016-07-29',   37,  272,  207],
['2016-07-30',   40,  269,  207],
['2016-07-31',   36,  271,  208],
['2016-08-01',   30,  263,  223],
['2016-08-02',   33,  264,  218],
['2016-08-03',   31,  263,  221],
['2016-08-04',   34,  260,  222],
['2016-08-05',   34,  258,  223],
['2016-08-06',   37,  263,  215],
['2016-08-07',   34,  270,  211],
['2016-08-08',   32,  270,  213],
['2016-08-09',   33,  265,  217],
['2016-08-10',   33,  261,  221],
['2016-08-11',   33,  262,  221],
['2016-08-12',   33,  271,  213],
['2016-08-13',   35,  268,  214],
['2016-08-14',   33,  272,  211],
['2016-08-15',   33,  270,  213],
['2016-08-16',   33,  273,  210],
['2016-08-17',   33,  266,  217],
['2016-08-18',   34,  266,  216],
['2016-08-19',   36,  266,  215],
['2016-08-20',   39,  259,  218],
['2016-08-21',   39,  259,  219],
['2016-08-22',   38,  264,  214],
['2016-08-23',   38,  264,  215],
['2016-08-24',   38,  250,  228],
['2016-08-25',   38,  256,  222],
['2016-08-26',   38,  268,  210],
['2016-08-27',   39,  263,  214],
['2016-08-28',   38,  260,  218],
['2016-08-29',   38,  260,  218],
['2016-08-30',   38,  247,  232],
['2016-08-31',   37,  251,  228],
['2016-09-01',   38,  250,  228],
['2016-09-02',   38,  250,  228],
['2016-09-03',   39,  259,  219],
['2016-09-04',   38,  261,  217],
['2016-09-05',   34,  265,  218],
['2016-09-06',   38,  254,  225],
['2016-09-07',   37,  253,  227],
['2016-09-08',   38,  252,  227],
['2016-09-09',   37,  251,  228],
['2016-09-10',   39,  263,  215],
['2016-09-11',   37,  263,  216],
['2016-09-12',   32,  254,  230],
['2016-09-13',   36,  246,  235],
['2016-09-14',   35,  246,  235],
['2016-09-15',   36,  247,  234],
['2016-09-16',   36,  263,  218],
['2016-09-17',   37,  256,  224],
['2016-09-18',   36,  257,  223],
['2016-09-19',   32,  247,  238],
['2016-09-20',   35,  249,  233],
['2016-09-21',   35,  249,  233],
['2016-09-22',   31,  254,  231],
['2016-09-23',   29,  276,  213],
['2016-09-24',   28,  237,  252],
['2016-09-25',   25,  214,  278],
['2016-09-26',   22,  215,  281],
['2016-09-27',   22,  185,  311],
['2016-09-28',   21,  174,  323],
['2016-09-29',   19,  182,  317],
['2016-09-30',   18,  215,  285],
['2016-10-01',   18,  275,  224],
['2016-10-02',   18,  278,  221],
['2016-10-03',   17,  272,  228],
['2016-10-04',   16,  236,  266],
['2016-10-05',   15,  174,  328],
['2016-10-06',   15,  192,  310],
['2016-10-07',   15,  225,  277],
['2016-10-08',   16,  229,  273],
['2016-10-09',   16,  223,  279],
['2016-10-10',   16,  207,  294],
['2016-10-11',   15,  179,  323],
['2016-10-12',   15,  172,  330],
['2016-10-13',   15,  197,  306],
['2016-10-14',   15,  227,  275],
['2016-10-15',   16,  236,  266],
['2016-10-16',   16,  229,  272],
['2016-10-17',   16,  231,  270],
['2016-10-18',   16,  214,  288],
['2016-10-19',   16,  195,  307],
['2016-10-20',   15,  203,  300],
['2016-10-21',   16,  236,  266],
['2016-10-22',   17,  234,  267],
['2016-10-23',   16,  231,  270],
['2016-10-24',   16,  166,  336],
['2016-10-25',   15,  171,  331],
['2016-10-26',   15,  170,  333],
['2016-10-27',   15,  209,  293],
['2016-10-28',   15,  256,  246],
['2016-10-29',   15,  249,  253],
['2016-10-30',   15,  245,  257],
['2016-10-31',   15,  210,  293],
['2016-11-01',   14,  178,  325],
['2016-11-02',   14,  189,  314],
['2016-11-03',   14,  192,  312],
['2016-11-04',   14,  233,  271],
['2016-11-05',   16,  271,  230],
['2016-11-06',   15,  285,  218],
['2016-11-07',   14,  284,  220],
['2016-11-08',   14,  276,  228],
['2016-11-09',   14,  238,  266],
['2016-11-10',   14,  200,  305],
['2016-11-11',   14,  223,  281],
['2016-11-12',   13,  222,  282],
['2016-11-13',   13,  219,  285],
['2016-11-14',   14,  170,  334],
['2016-11-15',   13,  181,  323],
['2016-11-16',   13,  180,  325],
['2016-11-17',   14,  190,  315],
['2016-11-18',   14,  221,  283],
['2016-11-19',   14,  218,  286],
['2016-11-20',   13,  217,  288],
['2016-11-21',   14,  159,  345],
['2016-11-22',   13,  166,  338],
['2016-11-23',   14,  165,  339],
['2016-11-24',   14,  182,  322],
['2016-11-25',   14,  229,  275],
['2016-11-26',   14,  221,  283],
['2016-11-27',   14,  212,  291],
['2016-11-28',   12,  214,  291],
['2016-11-29',   12,  171,  335],
['2016-11-30',   12,  169,  337],
['2016-12-01',   12,  194,  311],
['2016-12-02',   12,  222,  283],
['2016-12-03',   16,  267,  234],
['2016-12-04',   15,  300,  203],
['2016-12-05',   14,  280,  224],
['2016-12-06',   15,  261,  241],
['2016-12-07',   15,  209,  294],
['2016-12-08',   15,  184,  319],
['2016-12-09',   16,  244,  258],
['2016-12-10',   16,  257,  245],
['2016-12-11',   16,  256,  246],
['2016-12-12',   14,  214,  289],
['2016-12-13',   15,  175,  328],
['2016-12-14',   15,  169,  334],
['2016-12-15',   15,  178,  325],
['2016-12-16',   15,  221,  283],
['2016-12-17',   15,  226,  277],
['2016-12-18',   15,  220,  283],
['2016-12-19',   15,  218,  285],
['2016-12-20',   15,  189,  314],
['2016-12-21',   14,  173,  330],
['2016-12-22',   14,  187,  316],
['2016-12-23',   14,  226,  278],
['2016-12-24',   14,  225,  279],
['2016-12-25',   14,  220,  284],
['2016-12-26',   15,  157,  346],
['2016-12-27',   15,  159,  344],
['2016-12-28',   16,  157,  345],
['2016-12-29',   15,  189,  314],
['2016-12-30',   16,  229,  273],
['2016-12-31',   16,  231,  271],
['2017-01-01',   15,  228,  274],
['2017-01-02',   16,  188,  313],
['2017-01-03',   16,  180,  322],
['2017-01-04',   15,  183,  319],
['2017-01-05',   14,  208,  295],
['2017-01-06',   15,  288,  215],
['2017-01-07',   17,  326,  175],
['2017-01-08',   17,  324,  177],
['2017-01-09',   17,  310,  191],
['2017-01-10',   17,  306,  195],
['2017-01-11',   16,  295,  206],
['2017-01-12',   16,  241,  260],
['2017-01-13',   16,  221,  280],
['2017-01-14',   17,  235,  266],
['2017-01-15',   18,  232,  268],
['2017-01-16',   18,  191,  309],
['2017-01-17',   18,  168,  332],
['2017-01-18',   18,  177,  323],
['2017-01-19',   17,  191,  310],
['2017-01-20',   17,  227,  274],
['2017-01-21',   17,  238,  263],
['2017-01-22',   17,  228,  273],
['2017-01-23',   17,  175,  326],
['2017-01-24',   17,  163,  338],
['2017-01-25',   17,  163,  338],
['2017-01-26',   17,  185,  316],
['2017-01-27',   17,  233,  269],
['2017-01-28',   17,  233,  268],
['2017-01-29',   17,  228,  273],
['2017-01-30',   17,  229,  272],
['2017-01-31',   17,  177,  324],
['2017-02-01',   17,  187,  314],
['2017-02-02',   17,  195,  306],
['2017-02-03',   17,  203,  298],
['2017-02-04',   18,  280,  220],
['2017-02-05',   18,  300,  199],
['2017-02-06',   19,  286,  214],
['2017-02-07',   20,  257,  242],
['2017-02-08',   18,  186,  314],
['2017-02-09',   18,  194,  305],
['2017-02-10',   18,  216,  283],
['2017-02-11',   18,  226,  274],
['2017-02-12',   18,  225,  275],
['2017-02-13',   18,  208,  292],
['2017-02-14',   18,  180,  320],
['2017-02-15',   18,  175,  325],
['2017-02-16',   18,  192,  308],
['2017-02-17',   18,  231,  270],
['2017-02-18',   18,  227,  272],
['2017-02-19',   18,  223,  277],
['2017-02-20',   18,  223,  277],
['2017-02-21',   19,  185,  314],
['2017-02-22',   18,  169,  331],
['2017-02-23',   18,  198,  302],
['2017-02-24',   19,  220,  280],
['2017-02-25',   18,  229,  271],
['2017-02-26',   19,  223,  276],
['2017-02-27',   19,  181,  318],
['2017-02-28',   19,  180,  319],
['2017-03-01',   19,  186,  313],
['2017-03-02',   19,  205,  295],
['2017-03-03',   19,  214,  286],
['2017-03-04',   23,  260,  235],
['2017-03-05',   22,  289,  206],
['2017-03-06',   22,  288,  208],
['2017-03-07',   22,  276,  220],
['2017-03-08',   22,  205,  291],
['2017-03-09',   22,  193,  303],
['2017-03-10',   22,  222,  274],
['2017-03-11',   22,  227,  269],
['2017-03-12',   22,  220,  276],
['2017-03-13',   22,  217,  279],
['2017-03-14',   22,  174,  322],
['2017-03-15',   22,  168,  328],
['2017-03-16',   22,  174,  323],
['2017-03-17',   22,  226,  271],
['2017-03-18',   22,  231,  266],
['2017-03-19',   22,  225,  271],
['2017-03-20',   22,  175,  321],
['2017-03-21',   22,  171,  325],
['2017-03-22',   22,  168,  328],
['2017-03-23',   22,  197,  299],
['2017-03-24',   21,  224,  273],
['2017-03-25',   21,  236,  261],
['2017-03-26',   21,  237,  260],
['2017-03-27',   21,  213,  284],
['2017-03-28',   22,  175,  321],
['2017-03-29',   21,  169,  328],
['2017-03-30',   21,  196,  301],
['2017-03-31',   22,  232,  265],
['2017-04-01',   24,  268,  226],
['2017-04-02',   24,  292,  202],
['2017-04-03',   24,  300,  195],
['2017-04-04',   23,  283,  212],
['2017-04-05',   22,  248,  248],
['2017-04-06',   21,  204,  293],
['2017-04-07',   21,  203,  294],
['2017-04-08',   21,  232,  265],
['2017-04-09',   21,  231,  266],
['2017-04-10',   21,  183,  314],
['2017-04-11',   21,  176,  320],
['2017-04-12',   22,  175,  322],
['2017-04-13',   21,  193,  304],
['2017-04-14',   21,  213,  284],
['2017-04-15',   21,  231,  266],
['2017-04-16',   21,  233,  263],
['2017-04-17',   22,  222,  275],
['2017-04-18',   22,  180,  317],
['2017-04-19',   22,  171,  325],
['2017-04-20',   21,  171,  326],
['2017-04-21',   21,  190,  307],
['2017-04-22',   21,  192,  305],
['2017-04-23',   22,  185,  311],
['2017-04-24',   21,  184,  313],
['2017-04-25',   21,  196,  300],
['2017-04-26',   21,  186,  310],
['2017-04-27',   20,  187,  311],
['2017-04-28',   19,  239,  260],
['2017-04-29',   19,  240,  259],
['2017-04-30',   19,  231,  268],
['2017-05-01',   20,  201,  298],
['2017-05-02',   19,  173,  326],
['2017-05-03',   20,  167,  332],
['2017-05-04',   20,  189,  309],
['2017-05-05',   20,  215,  283],
['2017-05-06',   23,  268,  228],
['2017-05-07',   23,  292,  203],
['2017-05-08',   23,  292,  202],
['2017-05-09',   24,  279,  215],
['2017-05-10',   23,  228,  268],
['2017-05-11',   23,  213,  282],
['2017-05-12',   22,  224,  272],
['2017-05-13',   22,  241,  254],
['2017-05-14',   23,  234,  262],
['2017-05-15',   23,  232,  263],
['2017-05-16',   23,  193,  302],
['2017-05-17',   23,  173,  322],
['2017-05-18',   24,  193,  301],
['2017-05-19',   24,  235,  259],
['2017-05-20',   24,  237,  257],
['2017-05-21',   24,  236,  258],
['2017-05-22',   25,  178,  315],
['2017-05-23',   25,  179,  315],
['2017-05-24',   24,  179,  315],
['2017-05-25',   23,  193,  303],
['2017-05-26',   23,  241,  254],
['2017-05-27',   23,  240,  255],
['2017-05-28',   23,  232,  264],
['2017-05-29',   23,  175,  320],
['2017-05-30',   23,  154,  342],
['2017-05-31',   23,  165,  330],
['2017-06-01',   23,  167,  328],
['2017-06-02',   23,  194,  301],
['2017-06-03',   24,  274,  220],
['2017-06-04',   25,  297,  196],
['2017-06-05',   25,  298,  196],
['2017-06-06',   25,  282,  211],
['2017-06-07',   25,  252,  241],
['2017-06-08',   25,  225,  269],
['2017-06-09',   25,  256,  237],
['2017-06-10',   26,  258,  234],
['2017-06-11',   26,  234,  258],
['2017-06-12',   26,  186,  307],
['2017-06-13',   25,  171,  321],
['2017-06-14',   25,  195,  298],
['2017-06-15',   25,  210,  284],
['2017-06-16',   25,  229,  265],
['2017-06-17',   25,  241,  253],
['2017-06-18',   25,  227,  266],
['2017-06-19',   24,  209,  285],
['2017-06-20',   24,  174,  320],
['2017-06-21',   24,  165,  329],
['2017-06-22',   24,  180,  315],
['2017-06-23',   24,  233,  261],
['2017-06-24',   23,  234,  261],
['2017-06-25',   23,  230,  264],
['2017-06-26',   23,  234,  261],
['2017-06-27',   24,  183,  311],
['2017-06-28',   24,  166,  329],
['2017-06-29',   24,  188,  307],
['2017-06-30',   24,  223,  271],
['2017-07-01',   25,  291,  203],
['2017-07-02',   25,  304,  189],
['2017-07-03',   26,  294,  198],
['2017-07-04',   26,  261,  231],
['2017-07-05',   26,  187,  306],
['2017-07-06',   26,  213,  280],
['2017-07-07',   26,  236,  259],
['2017-07-08',   26,  240,  254],
['2017-07-09',   26,  240,  255],
['2017-07-10',   26,  217,  277],
['2017-07-11',   26,  199,  296],
['2017-07-12',   25,  182,  313],
['2017-07-13',   24,  195,  301],
['2017-07-14',   24,  227,  269],
['2017-07-15',   24,  243,  253],
['2017-07-16',   24,  233,  264],
['2017-07-17',   23,  232,  264],
['2017-07-18',   23,  192,  305],
['2017-07-19',   23,  170,  327],
['2017-07-20',   23,  184,  313],
['2017-07-21',   23,  231,  266],
['2017-07-22',   23,  236,  261],
['2017-07-23',   23,  240,  257],
['2017-07-24',   23,  170,  328],
['2017-07-25',   23,  175,  322],
['2017-07-26',   24,  172,  325],
['2017-07-27',   24,  180,  318],
['2017-07-28',   24,  224,  273],
['2017-07-29',   24,  228,  268],
['2017-07-30',   24,  222,  275],
['2017-07-31',   24,  189,  308],
['2017-08-01',   24,  168,  329],
['2017-08-02',   24,  178,  319],
['2017-08-03',   23,  188,  310],
['2017-08-04',   23,  229,  269],
['2017-08-05',   25,  283,  213],
['2017-08-06',   25,  302,  194],
['2017-08-07',   25,  303,  193],
['2017-08-08',   24,  289,  207],
['2017-08-09',   25,  246,  250],
['2017-08-10',   24,  199,  298],
['2017-08-11',   24,  226,  271],
['2017-08-12',   24,  238,  259],
['2017-08-13',   24,  243,  254],
['2017-08-14',   24,  199,  298],
['2017-08-15',   24,  187,  310],
['2017-08-16',   24,  177,  320],
['2017-08-17',   24,  196,  301],
['2017-08-18',   24,  214,  283],
['2017-08-19',   24,  214,  284],
['2017-08-20',   24,  210,  287],
['2017-08-21',   24,  191,  306],
['2017-08-22',   24,  168,  329],
['2017-08-23',   24,  169,  328],
['2017-08-24',   24,  186,  311],
['2017-08-25',   24,  226,  271],
['2017-08-26',   24,  231,  265],
['2017-08-27',   24,  227,  270],
['2017-08-28',   24,  227,  270],
['2017-08-29',   24,  194,  303],
['2017-08-30',   24,  185,  311],
['2017-08-31',   24,  194,  303],
['2017-09-01',   24,  229,  268],
['2017-09-02',   25,  285,  211],
['2017-09-03',   25,  305,  190],
['2017-09-04',   25,  290,  206],
['2017-09-05',   25,  272,  223],
['2017-09-06',   25,  234,  262],
['2017-09-07',   24,  206,  290],
['2017-09-08',   25,  237,  259],
['2017-09-09',   25,  247,  249],
['2017-09-10',   25,  222,  274],
['2017-09-11',   25,  200,  296],
['2017-09-12',   25,  191,  305],
['2017-09-13',   25,  193,  303],
['2017-09-14',   24,  184,  313],
['2017-09-15',   26,  198,  297],
['2017-09-16',   26,  212,  283],
['2017-09-17',   26,  234,  261],
['2017-09-18',   26,  233,  262],
['2017-09-19',   26,  188,  307],
['2017-09-20',   26,  187,  308],
['2017-09-21',   26,  140,  355],
['2017-09-22',   26,  136,  359],
['2017-09-23',   26,  113,  381],
['2017-09-24',   26,  101,  394],
['2017-09-25',   26,  96,  399],
['2017-09-26',   26,  94,  401],
['2017-09-27',   25,  97,  399],
['2017-09-28',   25,  107,  389],
['2017-09-29',   25,  111,  385],
['2017-09-30',   25,  107,  388],
['2017-10-01',   25,  99,  397],
['2017-10-02',   24,  91,  406],
['2017-10-03',   24,  92,  404],
['2017-10-04',   24,  88,  408],
['2017-10-05',   24,  98,  399],
['2017-10-06',   25,  99,  398],
['2017-10-07',   25,  154,  342],
['2017-10-08',   25,  155,  341],
['2017-10-09',   25,  117,  379],
['2017-10-10',   25,  108,  388],
['2017-10-11',   25,  105,  391],
['2017-10-12',   25,  119,  376],
['2017-10-13',   25,  116,  380],
['2017-10-14',   26,  114,  382],
['2017-10-15',   26,  110,  386],
['2017-10-16',   26,  101,  394],
['2017-10-17',   26,  108,  387],
['2017-10-18',   26,  101,  394],
['2017-10-19',   26,  111,  384],
['2017-10-20',   26,  114,  382],
['2017-10-21',   26,  131,  364],
['2017-10-22',   27,  133,  362],
['2017-10-23',   27,  141,  354],
['2017-10-24',   26,  158,  338],
['2017-10-25',   26,  176,  320],
['2017-10-26',   26,  214,  283],
['2017-10-27',   32,  269,  223],
['2017-10-28',   32,  271,  221],
['2017-10-29',   31,  269,  224],
['2017-10-30',   33,  260,  231],
['2017-10-31',   33,  206,  286],
['2017-11-01',   32,  199,  294],
['2017-11-02',   31,  318,  176],
['2017-11-03',   29,  455,  42],
['2017-11-04',   25,  462,  39],
['2017-11-05',   16,  472,  39],
['2017-11-06',   13,  324,  189],
['2017-11-07',   13,  291,  222],
['2017-11-08',   13,  215,  298],
['2017-11-09',   5,  110,  412],
['2017-11-10',   4,  91,  432],
['2017-11-11',   3,  77,  446],
['2017-11-12',   3,  52,  472],
['2017-11-13',   3,  44,  480],
['2017-11-14',   2,  41,  483],
['2017-11-15',   2,  32,  492]
        ]);
        var options = {
          title: 'VMAX FAST association report for paap3p01_SG',
          chartArea:{left:50,top:50},vAxis:{title:'Gigabytes'},hAxis:{title:'DateTime'}
        };

        var chart = new google.visualization.LineChart(document.getElementById('chart_div'));
        chart.draw(data, options);
      }
    </script>
  </head>
  <body>
    <div id="chart_div" style="width: 1500px; height: 900px;"></div>
  </body>
</html>


^Date^EFD^FC^SATA^
|2017-11-15|2|32|492|
|2017-11-14|2|41|483|
|2017-11-13|3|44|480|
|2017-11-12|3|52|472|
|2017-11-11|3|77|446|
|2017-11-10|4|91|432|
|2017-11-09|5|110|412|
|2017-11-08|13|215|298|
|2017-11-07|13|291|222|
|2017-11-06|13|324|189|
|2017-11-05|16|472|39|
|2017-11-04|25|462|39|
|2017-11-03|29|455|42|
|2017-11-02|31|318|176|
|2017-11-01|32|199|294|
|2017-10-31|33|206|286|
|2017-10-30|33|260|231|
|2017-10-29|31|269|224|
|2017-10-28|32|271|221|
|2017-10-27|32|269|223|
|2017-10-26|26|214|283|
|2017-10-25|26|176|320|
|2017-10-24|26|158|338|
|2017-10-23|27|141|354|
|2017-10-22|27|133|362|
|2017-10-21|26|131|364|
|2017-10-20|26|114|382|
|2017-10-19|26|111|384|
|2017-10-18|26|101|394|
|2017-10-17|26|108|387|
|2017-10-16|26|101|394|
|2017-10-15|26|110|386|
|2017-10-14|26|114|382|
|2017-10-13|25|116|380|
|2017-10-12|25|119|376|
|2017-10-11|25|105|391|
|2017-10-10|25|108|388|
|2017-10-09|25|117|379|
|2017-10-08|25|155|341|
|2017-10-07|25|154|342|
|2017-10-06|25|99|398|
|2017-10-05|24|98|399|
|2017-10-04|24|88|408|
|2017-10-03|24|92|404|
|2017-10-02|24|91|406|
|2017-10-01|25|99|397|
|2017-09-30|25|107|388|
|2017-09-29|25|111|385|
|2017-09-28|25|107|389|
|2017-09-27|25|97|399|
|2017-09-26|26|94|401|
|2017-09-25|26|96|399|
|2017-09-24|26|101|394|
|2017-09-23|26|113|381|
|2017-09-22|26|136|359|
|2017-09-21|26|140|355|
|2017-09-20|26|187|308|
|2017-09-19|26|188|307|
|2017-09-18|26|233|262|
|2017-09-17|26|234|261|
|2017-09-16|26|212|283|
|2017-09-15|26|198|297|
|2017-09-14|24|184|313|
|2017-09-13|25|193|303|
|2017-09-12|25|191|305|
|2017-09-11|25|200|296|
|2017-09-10|25|222|274|
|2017-09-09|25|247|249|
|2017-09-08|25|237|259|
|2017-09-07|24|206|290|
|2017-09-06|25|234|262|
|2017-09-05|25|272|223|
|2017-09-04|25|290|206|
|2017-09-03|25|305|190|
|2017-09-02|25|285|211|
|2017-09-01|24|229|268|
|2017-08-31|24|194|303|
|2017-08-30|24|185|311|
|2017-08-29|24|194|303|
|2017-08-28|24|227|270|
|2017-08-27|24|227|270|
|2017-08-26|24|231|265|
|2017-08-25|24|226|271|
|2017-08-24|24|186|311|
|2017-08-23|24|169|328|
|2017-08-22|24|168|329|
|2017-08-21|24|191|306|
|2017-08-20|24|210|287|
|2017-08-19|24|214|284|
|2017-08-18|24|214|283|
|2017-08-17|24|196|301|
|2017-08-16|24|177|320|
|2017-08-15|24|187|310|
|2017-08-14|24|199|298|
|2017-08-13|24|243|254|
|2017-08-12|24|238|259|
|2017-08-11|24|226|271|
|2017-08-10|24|199|298|
|2017-08-09|25|246|250|
|2017-08-08|24|289|207|
|2017-08-07|25|303|193|
|2017-08-06|25|302|194|
|2017-08-05|25|283|213|
|2017-08-04|23|229|269|
|2017-08-03|23|188|310|
|2017-08-02|24|178|319|
|2017-08-01|24|168|329|
|2017-07-31|24|189|308|
|2017-07-30|24|222|275|
|2017-07-29|24|228|268|
|2017-07-28|24|224|273|
|2017-07-27|24|180|318|
|2017-07-26|24|172|325|
|2017-07-25|23|175|322|
|2017-07-24|23|170|328|
|2017-07-23|23|240|257|
|2017-07-22|23|236|261|
|2017-07-21|23|231|266|
|2017-07-20|23|184|313|
|2017-07-19|23|170|327|
|2017-07-18|23|192|305|
|2017-07-17|23|232|264|
|2017-07-16|24|233|264|
|2017-07-15|24|243|253|
|2017-07-14|24|227|269|
|2017-07-13|24|195|301|
|2017-07-12|25|182|313|
|2017-07-11|26|199|296|
|2017-07-10|26|217|277|
|2017-07-09|26|240|255|
|2017-07-08|26|240|254|
|2017-07-07|26|236|259|
|2017-07-06|26|213|280|
|2017-07-05|26|187|306|
|2017-07-04|26|261|231|
|2017-07-03|26|294|198|
|2017-07-02|25|304|189|
|2017-07-01|25|291|203|
|2017-06-30|24|223|271|
|2017-06-29|24|188|307|
|2017-06-28|24|166|329|
|2017-06-27|24|183|311|
|2017-06-26|23|234|261|
|2017-06-25|23|230|264|
|2017-06-24|23|234|261|
|2017-06-23|24|233|261|
|2017-06-22|24|180|315|
|2017-06-21|24|165|329|
|2017-06-20|24|174|320|
|2017-06-19|24|209|285|
|2017-06-18|25|227|266|
|2017-06-17|25|241|253|
|2017-06-16|25|229|265|
|2017-06-15|25|210|284|
|2017-06-14|25|195|298|
|2017-06-13|25|171|321|
|2017-06-12|26|186|307|
|2017-06-11|26|234|258|
|2017-06-10|26|258|234|
|2017-06-09|25|256|237|
|2017-06-08|25|225|269|
|2017-06-07|25|252|241|
|2017-06-06|25|282|211|
|2017-06-05|25|298|196|
|2017-06-04|25|297|196|
|2017-06-03|24|274|220|
|2017-06-02|23|194|301|
|2017-06-01|23|167|328|
|2017-05-31|23|165|330|
|2017-05-30|23|154|342|
|2017-05-29|23|175|320|
|2017-05-28|23|232|264|
|2017-05-27|23|240|255|
|2017-05-26|23|241|254|
|2017-05-25|23|193|303|
|2017-05-24|24|179|315|
|2017-05-23|25|179|315|
|2017-05-22|25|178|315|
|2017-05-21|24|236|258|
|2017-05-20|24|237|257|
|2017-05-19|24|235|259|
|2017-05-18|24|193|301|
|2017-05-17|23|173|322|
|2017-05-16|23|193|302|
|2017-05-15|23|232|263|
|2017-05-14|23|234|262|
|2017-05-13|22|241|254|
|2017-05-12|22|224|272|
|2017-05-11|23|213|282|
|2017-05-10|23|228|268|
|2017-05-09|24|279|215|
|2017-05-08|23|292|202|
|2017-05-07|23|292|203|
|2017-05-06|23|268|228|
|2017-05-05|20|215|283|
|2017-05-04|20|189|309|
|2017-05-03|20|167|332|
|2017-05-02|19|173|326|
|2017-05-01|20|201|298|
|2017-04-30|19|231|268|
|2017-04-29|19|240|259|
|2017-04-28|19|239|260|
|2017-04-27|20|187|311|
|2017-04-26|21|186|310|
|2017-04-25|21|196|300|
|2017-04-24|21|184|313|
|2017-04-23|22|185|311|
|2017-04-22|21|192|305|
|2017-04-21|21|190|307|
|2017-04-20|21|171|326|
|2017-04-19|22|171|325|
|2017-04-18|22|180|317|
|2017-04-17|22|222|275|
|2017-04-16|21|233|263|
|2017-04-15|21|231|266|
|2017-04-14|21|213|284|
|2017-04-13|21|193|304|
|2017-04-12|22|175|322|
|2017-04-11|21|176|320|
|2017-04-10|21|183|314|
|2017-04-09|21|231|266|
|2017-04-08|21|232|265|
|2017-04-07|21|203|294|
|2017-04-06|21|204|293|
|2017-04-05|22|248|248|
|2017-04-04|23|283|212|
|2017-04-03|24|300|195|
|2017-04-02|24|292|202|
|2017-04-01|24|268|226|
|2017-03-31|22|232|265|
|2017-03-30|21|196|301|
|2017-03-29|21|169|328|
|2017-03-28|22|175|321|
|2017-03-27|21|213|284|
|2017-03-26|21|237|260|
|2017-03-25|21|236|261|
|2017-03-24|21|224|273|
|2017-03-23|22|197|299|
|2017-03-22|22|168|328|
|2017-03-21|22|171|325|
|2017-03-20|22|175|321|
|2017-03-19|22|225|271|
|2017-03-18|22|231|266|
|2017-03-17|22|226|271|
|2017-03-16|22|174|323|
|2017-03-15|22|168|328|
|2017-03-14|22|174|322|
|2017-03-13|22|217|279|
|2017-03-12|22|220|276|
|2017-03-11|22|227|269|
|2017-03-10|22|222|274|
|2017-03-09|22|193|303|
|2017-03-08|22|205|291|
|2017-03-07|22|276|220|
|2017-03-06|22|288|208|
|2017-03-05|22|289|206|
|2017-03-04|23|260|235|
|2017-03-03|19|214|286|
|2017-03-02|19|205|295|
|2017-03-01|19|186|313|
|2017-02-28|19|180|319|
|2017-02-27|19|181|318|
|2017-02-26|19|223|276|
|2017-02-25|18|229|271|
|2017-02-24|19|220|280|
|2017-02-23|18|198|302|
|2017-02-22|18|169|331|
|2017-02-21|19|185|314|
|2017-02-20|18|223|277|
|2017-02-19|18|223|277|
|2017-02-18|18|227|272|
|2017-02-17|18|231|270|
|2017-02-16|18|192|308|
|2017-02-15|18|175|325|
|2017-02-14|18|180|320|
|2017-02-13|18|208|292|
|2017-02-12|18|225|275|
|2017-02-11|18|226|274|
|2017-02-10|18|216|283|
|2017-02-09|18|194|305|
|2017-02-08|18|186|314|
|2017-02-07|20|257|242|
|2017-02-06|19|286|214|
|2017-02-05|18|300|199|
|2017-02-04|18|280|220|
|2017-02-03|17|203|298|
|2017-02-02|17|195|306|
|2017-02-01|17|187|314|
|2017-01-31|17|177|324|
|2017-01-30|17|229|272|
|2017-01-29|17|228|273|
|2017-01-28|17|233|268|
|2017-01-27|17|233|269|
|2017-01-26|17|185|316|
|2017-01-25|17|163|338|
|2017-01-24|17|163|338|
|2017-01-23|17|175|326|
|2017-01-22|17|228|273|
|2017-01-21|17|238|263|
|2017-01-20|17|227|274|
|2017-01-19|17|191|310|
|2017-01-18|18|177|323|
|2017-01-17|18|168|332|
|2017-01-16|18|191|309|
|2017-01-15|18|232|268|
|2017-01-14|17|235|266|
|2017-01-13|16|221|280|
|2017-01-12|16|241|260|
|2017-01-11|16|295|206|
|2017-01-10|17|306|195|
|2017-01-09|17|310|191|
|2017-01-08|17|324|177|
|2017-01-07|17|326|175|
|2017-01-06|15|288|215|
|2017-01-05|14|208|295|
|2017-01-04|15|183|319|
|2017-01-03|16|180|322|
|2017-01-02|16|188|313|
|2017-01-01|15|228|274|
|2016-12-31|16|231|271|
|2016-12-30|16|229|273|
|2016-12-29|15|189|314|
|2016-12-28|16|157|345|
|2016-12-27|15|159|344|
|2016-12-26|15|157|346|
|2016-12-25|14|220|284|
|2016-12-24|14|225|279|
|2016-12-23|14|226|278|
|2016-12-22|14|187|316|
|2016-12-21|14|173|330|
|2016-12-20|15|189|314|
|2016-12-19|15|218|285|
|2016-12-18|15|220|283|
|2016-12-17|15|226|277|
|2016-12-16|15|221|283|
|2016-12-15|15|178|325|
|2016-12-14|15|169|334|
|2016-12-13|15|175|328|
|2016-12-12|14|214|289|
|2016-12-11|16|256|246|
|2016-12-10|16|257|245|
|2016-12-09|16|244|258|
|2016-12-08|15|184|319|
|2016-12-07|15|209|294|
|2016-12-06|15|261|241|
|2016-12-05|14|280|224|
|2016-12-04|15|300|203|
|2016-12-03|16|267|234|
|2016-12-02|12|222|283|
|2016-12-01|12|194|311|
|2016-11-30|12|169|337|
|2016-11-29|12|171|335|
|2016-11-28|12|214|291|
|2016-11-27|14|212|291|
|2016-11-26|14|221|283|
|2016-11-25|14|229|275|
|2016-11-24|14|182|322|
|2016-11-23|14|165|339|
|2016-11-22|13|166|338|
|2016-11-21|14|159|345|
|2016-11-20|13|217|288|
|2016-11-19|14|218|286|
|2016-11-18|14|221|283|
|2016-11-17|14|190|315|
|2016-11-16|13|180|325|
|2016-11-15|13|181|323|
|2016-11-14|14|170|334|
|2016-11-13|13|219|285|
|2016-11-12|13|222|282|
|2016-11-11|14|223|281|
|2016-11-10|14|200|305|
|2016-11-09|14|238|266|
|2016-11-08|14|276|228|
|2016-11-07|14|284|220|
|2016-11-06|15|285|218|
|2016-11-05|16|271|230|
|2016-11-04|14|233|271|
|2016-11-03|14|192|312|
|2016-11-02|14|189|314|
|2016-11-01|14|178|325|
|2016-10-31|15|210|293|
|2016-10-30|15|245|257|
|2016-10-29|15|249|253|
|2016-10-28|15|256|246|
|2016-10-27|15|209|293|
|2016-10-26|15|170|333|
|2016-10-25|15|171|331|
|2016-10-24|16|166|336|
|2016-10-23|16|231|270|
|2016-10-22|17|234|267|
|2016-10-21|16|236|266|
|2016-10-20|15|203|300|
|2016-10-19|16|195|307|
|2016-10-18|16|214|288|
|2016-10-17|16|231|270|
|2016-10-16|16|229|272|
|2016-10-15|16|236|266|
|2016-10-14|15|227|275|
|2016-10-13|15|197|306|
|2016-10-12|15|172|330|
|2016-10-11|15|179|323|
|2016-10-10|16|207|294|
|2016-10-09|16|223|279|
|2016-10-08|16|229|273|
|2016-10-07|15|225|277|
|2016-10-06|15|192|310|
|2016-10-05|15|174|328|
|2016-10-04|16|236|266|
|2016-10-03|17|272|228|
|2016-10-02|18|278|221|
|2016-10-01|18|275|224|
|2016-09-30|18|215|285|
|2016-09-29|19|182|317|
|2016-09-28|21|174|323|
|2016-09-27|22|185|311|
|2016-09-26|22|215|281|
|2016-09-25|25|214|278|
|2016-09-24|28|237|252|
|2016-09-23|29|276|213|
|2016-09-22|31|254|231|
|2016-09-21|35|249|233|
|2016-09-20|35|249|233|
|2016-09-19|32|247|238|
|2016-09-18|36|257|223|
|2016-09-17|37|256|224|
|2016-09-16|36|263|218|
|2016-09-15|36|247|234|
|2016-09-14|35|246|235|
|2016-09-13|36|246|235|
|2016-09-12|32|254|230|
|2016-09-11|37|263|216|
|2016-09-10|39|263|215|
|2016-09-09|37|251|228|
|2016-09-08|38|252|227|
|2016-09-07|37|253|227|
|2016-09-06|38|254|225|
|2016-09-05|34|265|218|
|2016-09-04|38|261|217|
|2016-09-03|39|259|219|
|2016-09-02|38|250|228|
|2016-09-01|38|250|228|
|2016-08-31|37|251|228|
|2016-08-30|38|247|232|
|2016-08-29|38|260|218|
|2016-08-28|38|260|218|
|2016-08-27|39|263|214|
|2016-08-26|38|268|210|
|2016-08-25|38|256|222|
|2016-08-24|38|250|228|
|2016-08-23|38|264|215|
|2016-08-22|38|264|214|
|2016-08-21|39|259|219|
|2016-08-20|39|259|218|
|2016-08-19|36|266|215|
|2016-08-18|34|266|216|
|2016-08-17|33|266|217|
|2016-08-16|33|273|210|
|2016-08-15|33|270|213|
|2016-08-14|33|272|211|
|2016-08-13|35|268|214|
|2016-08-12|33|271|213|
|2016-08-11|33|262|221|
|2016-08-10|33|261|221|
|2016-08-09|33|265|217|
|2016-08-08|32|270|213|
|2016-08-07|34|270|211|
|2016-08-06|37|263|215|
|2016-08-05|34|258|223|
|2016-08-04|34|260|222|
|2016-08-03|31|263|221|
|2016-08-02|33|264|218|
|2016-08-01|30|263|223|
|2016-07-31|36|271|208|
|2016-07-30|40|269|207|
|2016-07-29|37|272|207|
|2016-07-28|36|261|219|
|2016-07-27|35|262|219|
|2016-07-26|36|269|211|
|2016-07-25|34|272|209|
|2016-07-24|35|272|209|
|2016-07-23|37|270|209|
|2016-07-22|33|278|204|
|2016-07-21|32|260|224|
|2016-07-20|32|259|224|
|2016-07-19|34|258|224|
|2016-07-18|29|263|223|
|2016-07-17|37|263|215|
|2016-07-16|41|261|214|
|2016-07-15|37|267|212|
|2016-07-14|37|252|227|
|2016-07-13|36|253|227|
|2016-07-12|37|251|227|
|2016-07-11|36|248|231|
|2016-07-10|42|257|217|
|2016-07-09|44|260|211|
|2016-07-08|41|246|228|
|2016-07-07|38|256|222|
|2016-07-06|34|259|222|
|2016-07-05|33|269|213|
|2016-07-04|33|269|214|
|2016-07-03|44|258|213|
|2016-07-02|44|261|210|
|2016-07-01|40|252|224|
|2016-06-30|39|252|225|
|2016-06-29|39|255|222|
|2016-06-28|41|261|214|
|2016-06-27|41|259|216|
|2016-06-26|44|257|214|
|2016-06-25|44|257|214|
|2016-06-24|43|264|208|
|2016-06-23|44|265|207|
|2016-06-22|44|265|207|
|2016-06-21|43|265|207|
|2016-06-20|43|259|213|
|2016-06-19|49|254|212|
|2016-06-18|51|251|213|
|2016-06-17|43|251|222|
|2016-06-16|41|256|216|
|2016-06-15|38|259|216|
|2016-06-14|37|269|207|
|2016-06-13|37|266|210|
|2016-06-12|42|262|209|
|2016-06-11|42|270|201|
|2016-06-10|41|267|205|
|2016-06-09|41|254|218|
|2016-06-08|37|252|218|
|2016-06-07|34|257|216|
|2016-06-06|36|257|214|
|2016-06-05|43|251|213|
|2016-06-04|43|252|212|
|2016-06-03|41|252|214|
|2016-06-02|41|244|222|
|2016-06-01|40|245|223|
|2016-05-31|40|246|222|
|2016-05-30|40|251|217|
|2016-05-29|45|250|213|
|2016-05-28|45|249|214|
|2016-05-27|43|239|225|
|2016-05-26|44|246|217|
|2016-05-25|42|248|217|
|2016-05-24|43|250|215|
|2016-05-23|40|255|213|
|2016-05-22|44|251|212|
|2016-05-21|44|257|206|
|2016-05-20|41|257|209|
|2016-05-19|41|245|221|
|2016-05-18|38|249|220|
|2016-05-17|39|251|217|
|2016-05-16|42|246|219|
|2016-05-15|43|252|212|
|2016-05-14|43|252|212|
|2016-05-13|42|262|204|
|2016-05-12|42|244|221|
|2016-05-11|42|244|221|
|2016-05-10|42|245|221|
|2016-05-09|40|248|219|
|2016-05-08|43|255|209|
|2016-05-07|44|255|208|
|2016-05-06|40|252|215|
|2016-05-05|39|251|217|
|2016-05-04|39|252|217|
|2016-05-03|38|259|211|
|2016-05-02|36|261|210|
|2016-05-01|41|257|210|
|2016-04-30|42|257|209|
|2016-04-29|40|266|202|
|2016-04-28|40|248|219|
|2016-04-27|39|248|220|
|2016-04-26|39|249|219|
|2016-04-25|39|249|219|
|2016-04-24|42|256|209|
|2016-04-23|44|256|208|
|2016-04-22|41|258|208|
|2016-04-21|41|249|217|
|2016-04-20|40|248|220|
|2016-04-19|40|248|219|
|2016-04-18|39|243|225|
|2016-04-17|41|256|211|
|2016-04-16|41|257|209|
|2016-04-15|41|257|210|
|2016-04-14|40|249|218|
|2016-04-13|38|252|218|
|2016-04-12|37|255|215|
|2016-04-11|38|259|211|
|2016-04-10|41|255|211|
|2016-04-09|42|255|210|
|2016-04-08|39|259|209|
|2016-04-07|39|253|215|
|2016-04-06|37|254|215|
|2016-04-05|36|258|213|
|2016-04-04|36|255|215|
|2016-04-03|40|256|210|
|2016-04-02|41|261|204|
|2016-04-01|41|263|203|
|2016-03-31|40|254|212|
|2016-03-30|40|254|212|
|2016-03-29|40|242|224|
|2016-03-28|40|242|225|
|2016-03-27|43|252|212|
|2016-03-26|46|250|211|
|2016-03-25|41|244|222|
|2016-03-24|41|249|216|
|2016-03-23|40|251|216|
|2016-03-22|39|257|211|
|2016-03-21|39|258|210|
|2016-03-20|41|253|213|
|2016-03-19|44|251|211|
|2016-03-18|41|262|204|
|2016-03-17|40|247|219|
|2016-03-16|39|249|218|
|2016-03-15|39|249|218|
|2016-03-14|38|253|215|
|2016-03-13|41|258|208|
|2016-03-12|40|264|202|
|2016-03-11|39|260|207|
|2016-03-10|38|261|207|
|2016-03-09|38|271|197|
|2016-03-08|38|287|181|
|2016-03-07|39|289|179|
|2016-03-06|43|266|197|
|2016-03-05|45|259|202|
|2016-03-04|38|290|178|
|2016-03-03|37|288|181|
|2016-03-02|37|291|178|
|2016-03-01|37|291|178|
|2016-02-29|37|294|175|
|2016-02-28|37|295|174|
|2016-02-27|37|295|174|
|2016-02-26|37|295|174|
|2016-02-25|37|295|174|
|2016-02-24|36|297|174|
|2016-02-23|36|298|172|
|2016-02-22|36|291|180|
|2016-02-21|41|289|177|
|2016-02-20|41|290|176|
|2016-02-19|41|291|175|
|2016-02-18|40|283|183|
|2016-02-17|43|284|180|
|2016-02-16|44|291|171|
|2016-02-15|47|287|172|
|2016-02-14|49|292|166|
|2016-02-13|55|280|171|
|2016-02-12|47|282|177|
|2016-02-11|46|281|179|
|2016-02-10|44|287|175|
|2016-02-09|43|285|178|
|2016-02-08|45|286|175|
|2016-02-07|50|280|177|
|2016-02-06|55|273|179|
|2016-02-05|50|281|175|
|2016-02-04|50|275|181|
|2016-02-03|51|277|179|
|2016-02-02|51|275|181|
|2016-02-01|52|263|191|
|2016-01-31|58|266|183|
|2016-01-30|59|264|183|
|2016-01-29|49|272|186|
|2016-01-28|48|272|186|
|2016-01-27|48|271|187|
|2016-01-26|47|281|178|
|2016-01-25|48|280|178|
|2016-01-24|48|272|186|
|2016-01-23|49|268|189|
|2016-01-22|49|268|190|
|2016-01-21|49|276|182|
|2016-01-20|49|276|182|
|2016-01-19|49|276|182|
|2016-01-18|48|274|184|
|2016-01-17|53|271|182|
|2016-01-16|53|266|187|
|2016-01-15|53|269|184|
|2016-01-14|53|270|183|
|2016-01-13|53|274|179|
|2016-01-12|54|272|180|
|2016-01-11|60|263|184|
|2016-01-10|60|254|192|
|2016-01-09|61|251|194|
|2016-01-08|54|261|191|
|2016-01-07|54|257|195|
|2016-01-06|58|260|188|
|2016-01-05|62|256|188|
|2016-01-04|68|251|187|
|2016-01-03|76|247|184|
|2016-01-02|76|238|192|
|2016-01-01|67|247|193|
|2015-12-31|66|248|193|
|2015-12-30|70|240|197|
|2015-12-29|78|236|192|
|2015-12-28|79|241|187|
|2015-12-27|79|243|184|
|2015-12-26|79|256|172|
|2015-12-25|55|280|172|
|2015-12-24|53|279|175|
|2015-12-23|53|286|168|
|2015-12-22|55|272|179|
|2015-12-21|58|273|175|
|2015-12-20|58|264|184|
|2015-12-19|61|272|174|
|2015-12-18|46|283|177|
|2015-12-17|46|288|172|
|2015-12-16|47|285|174|
|2015-12-15|47|284|175|
|2015-12-14|49|290|168|
|2015-12-13|50|284|172|
|2015-12-12|53|285|168|
|2015-12-11|46|296|165|
|2015-12-10|46|294|167|
|2015-12-09|46|284|176|
|2015-12-08|46|278|183|
|2015-12-07|47|276|183|
|2015-12-06|48|270|188|
|2015-12-05|51|277|179|
|2015-12-04|46|288|173|
|2015-12-03|46|286|175|
|2015-12-02|47|291|169|
|2015-12-01|50|288|169|
|2015-11-30|50|289|168|
|2015-11-29|50|291|166|
|2015-11-28|51|287|168|
|2015-11-27|45|289|172|
|2015-11-26|45|289|172|
|2015-11-25|45|305|156|
|2015-11-24|46|307|153|
|2015-11-23|46|314|146|
|2015-11-22|46|318|142|
|2015-11-21|46|312|148|
|2015-11-20|41|308|157|
|2015-11-19|41|304|162|
|2015-11-18|41|293|172|
|2015-11-17|43|296|168|
|2015-11-16|44|304|158|
|2015-11-15|45|315|147|
|2015-11-14|45|321|140|
|2015-11-13|44|323|140|
|2015-11-09|46|320|141|
|2015-11-08|46|316|145|
|2015-11-07|45|308|153|
|2015-11-06|44|316|147|
|2015-11-05|44|319|143|
|2015-11-04|44|328|134|
|2015-11-03|45|331|131|
|2015-11-02|47|330|130|
|2015-11-01|47|324|135|
|2015-10-31|48|315|144|
|2015-10-30|45|307|154|
|2015-10-29|45|307|154|
|2015-10-28|45|306|156|
|2015-10-27|47|315|144|
|2015-10-26|48|319|140|
|2015-10-25|48|328|130|
|2015-10-24|64|315|128|
|2015-10-23|41|335|130|
|2015-10-22|42|329|136|
|2015-10-21|42|329|136|
|2015-10-20|40|322|145|
|2015-10-19|41|323|143|
|2015-10-18|41|323|142|
|2015-10-17|41|323|142|
|2015-10-16|38|326|142|
|2015-10-15|38|321|147|
|2015-10-14|38|322|146|
|2015-10-13|38|315|154|
|2015-10-12|39|319|148|
|2015-10-11|38|321|147|
|2015-10-10|38|322|146|
|2015-10-09|29|333|144|
|2015-10-08|28|334|144|
|2015-10-07|27|342|137|
|2015-10-06|25|345|137|
|2015-10-05|23|339|144|
|2015-10-04|23|335|148|
|2015-10-03|24|337|145|
|2015-10-02|19|302|185|
|2015-10-01|19|282|205|
|2015-09-30|19|272|214|
|2015-09-29|20|285|201|
|2015-09-28|21|297|189|
|2015-09-27|21|306|178|
|2015-09-26|21|296|190|
|2015-09-25|21|289|196|
|2015-09-24|21|271|214|
|2015-09-23|22|254|229|
|2015-09-22|22|283|200|
|2015-09-21|22|316|168|
|2015-09-20|22|327|157|
|2015-09-19|22|310|174|
|2015-09-18|22|292|192|
|2015-09-17|22|261|223|
|2015-09-16|22|269|215|
|2015-09-15|23|288|195|
|2015-09-14|23|316|167|
|2015-09-13|23|330|153|
|2015-09-12|23|303|180|
|2015-09-11|23|288|195|
|2015-09-10|23|235|249|
|2015-09-09|23|258|225|
|2015-09-08|23|336|147|
|2015-09-07|24|341|142|
|2015-09-06|25|324|157|
|2015-09-05|25|316|165|
|2015-09-04|22|299|185|
|2015-09-03|22|267|217|
|2015-09-02|22|254|229|
|2015-09-01|23|264|219|
|2015-08-17|30|308|165|
|2015-08-16|32|308|163|
|2015-08-15|34|297|172|
|2015-08-14|34|263|205|
|2015-08-13|39|198|255|
|2015-08-12|40|229|223|
|2015-08-11|41|276|175|
|2015-08-10|42|294|156|
|2015-08-09|46|297|149|
|2015-08-08|46|304|142|
|2015-08-07|45|301|145|
|2015-08-06|45|297|150|
|2015-08-05|45|285|162|
|2015-08-04|44|291|156|
|2015-08-03|45|293|153|
|2015-08-02|57|285|149|
|2015-08-01|60|288|143|
|2015-07-31|51|297|143|
|2015-07-30|49|292|149|
|2015-07-29|49|290|153|
|2015-07-28|49|292|151|
|2015-07-27|55|287|149|
|2015-07-26|64|275|153|
|2015-07-25|66|276|149|
|2015-07-24|52|289|150|
|2015-07-23|51|292|148|
|2015-07-22|50|292|148|
|2015-07-21|50|291|151|
|2015-07-20|53|282|157|
|2015-07-19|56|278|157|
|2015-07-18|56|277|158|
|2015-07-17|47|286|159|
|2015-07-16|47|286|158|
|2015-07-15|47|297|148|
|2015-07-14|48|296|147|
|2015-07-13|48|291|152|
|2015-07-12|60|275|156|
|2015-07-11|61|276|153|
|2015-07-10|50|291|150|
|2015-07-09|50|289|153|
|2015-07-08|51|284|157|
|2015-07-07|51|287|154|
|2015-07-06|58|281|152|
|2015-07-05|58|279|154|
|2015-07-04|60|281|150|
|2015-07-03|45|296|150|
|2015-07-02|45|294|153|
|2015-07-01|50|281|160|
|2015-06-30|51|284|157|
|2015-06-29|52|285|154|
|2015-06-28|58|284|150|
|2015-06-27|58|279|154|
|2015-06-26|52|283|157|
|2015-06-25|54|281|157|
|2015-06-24|54|285|152|
|2015-06-23|55|279|158|
|2015-06-22|60|272|159|
|2015-06-21|61|282|149|
|2015-06-20|62|280|149|
|2015-06-19|51|286|155|
|2015-06-18|51|286|155|
|2015-06-17|51|286|155|
|2015-06-16|51|290|150|
|2015-06-15|55|278|159|
|2015-06-14|57|271|163|
|2015-06-13|57|277|157|
|2015-06-12|52|281|158|
|2015-06-11|53|275|163|
|2015-06-10|53|278|160|
|2015-06-09|53|280|158|
|2015-06-08|55|279|157|
|2015-06-07|59|276|157|
|2015-06-06|59|274|158|
|2015-06-05|51|282|158|
|2015-06-04|51|275|165|
|2015-06-03|51|277|163|
|2015-06-02|53|275|163|
|2015-06-01|54|275|162|
|2015-05-31|58|270|162|
|2015-05-30|62|273|156|
|2015-05-29|55|279|157|
|2015-05-28|56|273|162|
|2015-05-27|56|272|163|
|2015-05-26|56|272|163|
|2015-05-25|60|271|160|
|2015-05-24|60|268|164|
|2015-05-23|61|268|163|
|2015-05-22|54|274|163|
|2015-05-21|55|274|163|
|2015-05-20|54|266|171|
|2015-05-19|54|265|172|
|2015-05-18|63|260|168|
|2015-05-17|64|268|159|
|2015-05-16|64|268|160|
|2015-05-15|58|272|162|
|2015-05-14|58|271|162|
|2015-05-13|59|273|159|
|2015-05-12|59|272|160|
|2015-05-11|64|269|158|
|2015-05-10|64|269|158|
|2015-05-09|65|265|162|
|2015-05-08|58|268|164|
|2015-05-07|58|259|173|
|2015-05-06|58|264|170|
|2015-05-05|62|261|169|
|2015-05-04|69|255|167|
|2015-05-03|71|262|158|
|2015-05-02|73|260|158|
|2015-05-01|60|272|159|
|2015-04-30|61|268|163|
|2015-04-29|61|263|168|
|2015-04-28|61|264|167|
|2015-04-27|63|266|163|
|2015-04-26|65|265|161|
|2015-04-25|70|264|157|
|2015-04-24|59|279|154|
|2015-04-23|59|273|160|
|2015-04-22|59|272|160|
|2015-04-21|59|271|161|
|2015-04-20|60|267|164|
|2015-04-19|64|263|164|
|2015-04-18|65|273|153|
|2015-04-17|60|279|152|
|2015-04-16|61|267|163|
|2015-04-15|61|266|163|
|2015-04-14|62|268|161|
|2015-04-13|65|263|163|
|2015-04-12|65|263|163|
|2015-04-11|66|262|162|
|2015-04-10|56|275|159|
|2015-04-09|56|275|160|
|2015-04-08|58|273|160|
|2015-04-07|58|276|157|
|2015-04-06|67|266|158|
|2015-04-05|73|261|157|
|2015-04-04|73|260|158|
|2015-04-03|60|272|159|
|2015-04-02|62|276|153|
|2015-04-01|64|274|153|
|2015-03-31|68|264|159|
|2015-03-30|71|259|160|
|2015-03-29|74|253|164|
|2015-03-28|77|250|164|
|2015-03-27|67|263|161|
|2015-03-26|69|260|162|
|2015-03-25|69|262|159|
|2015-03-24|74|262|154|
|2015-03-23|81|258|152|
|2015-03-22|84|254|153|
|2015-03-21|84|256|151|
|2015-03-20|69|270|152|
|2015-03-19|70|263|158|
|2015-03-18|70|263|158|
|2015-03-17|73|267|151|
|2015-03-16|74|265|151|
|2015-03-15|77|261|152|
|2015-03-14|79|259|153|
|2015-03-13|67|261|163|
|2015-03-12|66|265|159|
|2015-03-11|66|257|168|
|2015-03-10|68|255|168|
|2015-03-09|75|253|163|
|2015-03-08|75|257|159|
|2015-03-07|78|253|160|
|2015-03-06|62|270|159|
|2015-03-05|61|268|162|
|2015-03-04|62|276|152|
|2015-03-03|66|274|151|
|2015-03-02|76|271|144|
|2015-03-01|79|274|138|
|2015-02-28|79|274|138|
|2015-02-27|70|288|133|
|2015-02-26|69|266|156|
|2015-02-25|70|257|163|
|2015-02-24|70|255|165|
|2015-02-23|79|277|134|
|2015-02-22|81|280|129|
|2015-02-21|82|277|131|
|2015-02-20|72|285|134|
|2015-02-19|72|292|127|
|2015-02-18|74|279|139|
|2015-02-17|74|278|139|
|2015-02-16|76|277|138|
|2015-02-15|76|276|138|
|2015-02-14|80|270|141|
|2015-02-13|70|281|140|
|2015-02-12|70|289|132|
|2015-02-11|71|279|141|
|2015-02-10|73|286|132|
|2015-02-09|73|286|132|
|2015-02-08|73|282|136|
|2015-02-07|73|299|119|
|2015-02-06|63|314|114|
|2015-02-05|63|316|111|
|2015-02-04|64|320|107|
|2015-02-03|64|315|112|
|2015-02-02|77|298|115|
|2015-02-01|78|297|115|
|2015-01-31|78|293|120|
|2015-01-30|64|304|123|
|2015-01-29|64|309|118|
|2015-01-28|64|319|108|
|2015-01-27|61|339|90|
|2015-01-26|62|340|88|
|2015-01-25|71|308|111|
|2015-01-24|79|298|113|
|2015-01-23|68|310|113|
|2015-01-22|68|296|126|
|2015-01-21|68|305|118|
|2015-01-20|68|325|98|
|2015-01-19|74|318|98|
|2015-01-18|75|308|108|
|2015-01-17|77|297|117|
|2015-01-16|63|315|113|
|2015-01-15|63|316|112|
|2015-01-14|62|317|111|
|2015-01-13|62|321|108|
|2015-01-12|70|323|98|
|2015-01-11|76|316|99|
|2015-01-10|76|309|106|
|2015-01-09|63|312|115|
|2015-01-08|69|304|118|
|2015-01-07|69|301|120|
|2015-01-06|73|312|105|
|2015-01-05|82|310|99|
|2015-01-04|88|305|98|
|2015-01-03|88|296|107|
|2015-01-02|82|306|103|
|2015-01-01|81|294|115|
|2014-12-31|78|300|113|
|2014-12-30|89|298|103|
|2014-12-29|98|278|115|
|2014-12-28|98|284|108|
|2014-12-27|98|303|89|
|2014-12-26|80|323|87|
|2014-12-25|72|341|78|
|2014-12-24|67|396|28|
|2014-12-23|70|389|32|
|2014-12-22|79|367|46|
|2014-12-21|81|354|55|
|2014-12-20|79|303|109|
|2014-12-19|44|301|146|
|2014-12-18|44|284|163|
|2014-12-17|44|281|166|
|2014-12-16|43|279|169|
|2014-12-15|45|276|170|
|2014-12-14|49|286|157|
|2014-12-13|49|293|149|
|2014-12-12|38|298|154|
|2014-12-11|38|294|159|
|2014-12-10|37|300|153|
|2014-12-09|40|291|160|
|2014-12-08|45|283|163|
|2014-12-07|46|273|172|
|2014-12-06|50|281|160|
|2014-12-05|43|295|153|
|2014-12-04|45|289|156|
|2014-12-03|45|284|162|
|2014-12-02|48|278|165|
|2014-12-01|54|275|161|
|2014-11-30|55|273|162|
|2014-11-29|55|276|160|
|2014-11-28|41|288|161|
|2014-11-27|42|290|159|
|2014-11-26|43|290|158|
|2014-11-25|43|287|160|
|2014-11-24|46|285|159|
|2014-11-23|46|285|159|
|2014-11-22|46|287|157|
|2014-11-21|43|290|157|
|2014-11-20|44|287|160|
|2014-11-19|45|285|161|
|2014-11-18|45|287|159|
|2014-11-17|54|281|156|
|2014-11-16|56|278|156|
|2014-11-15|57|280|154|
|2014-11-14|0|15|0|
|2014-11-13|0|10|0|
|2014-11-12|0|10|0|
|2014-11-11|0|10|0|
|2014-11-10|0|10|0|
|2014-11-09|0|10|0|
|2014-11-08|0|10|0|
|2014-11-07|0|10|0|
|2014-11-06|0|10|0|
|2014-11-05|0|10|0|
|2014-11-04|0|10|0|
|2014-11-03|0|0|0|
|2014-11-02|0|0|0|
|2014-11-01|0|0|0|
|2014-10-31|0|0|0|
