<html>
 <head>
   <script type="text/javascript" src="https://www.google.com/jsapi"></script>
   <script type="text/javascript">
     google.load("visualization", "1", {packages:["corechart"]});
     google.setOnLoadCallback(drawChart);
     function drawChart() {
       var data = google.visualization.arrayToDataTable([
['Date','EFD','FC','SATA'],
['2014-09-28',   0,  41,  53],
['2014-09-29',   0,  41,  53],
['2014-09-30',   0,  41,  53],
['2014-10-01',   0,  41,  53],
['2014-10-02',   0,  41,  53],
['2014-10-03',   0,  41,  53],
['2014-10-04',   0,  41,  53],
['2014-10-05',   1,  40,  53],
['2014-10-06',   1,  41,  53],
['2014-10-07',   1,  41,  52],
['2014-10-08',   1,  41,  52],
['2014-10-09',   1,  41,  52],
['2014-10-10',   0,  41,  52],
['2014-10-11',   0,  41,  52],
['2014-10-12',   0,  41,  53],
['2014-10-13',   0,  40,  53],
['2014-10-14',   0,  41,  53],
['2014-10-15',   0,  40,  53],
['2014-10-16',   0,  40,  54],
['2014-10-17',   0,  40,  53],
['2014-10-18',   0,  41,  52],
['2014-10-19',   0,  41,  52],
['2014-10-20',   0,  41,  53],
['2014-10-21',   0,  44,  50],
['2014-10-22',   0,  45,  49],
['2014-10-23',   1,  56,  38],
['2014-10-24',   1,  56,  37],
['2014-10-25',   1,  56,  37],
['2014-10-26',   1,  56,  37],
['2014-10-27',   1,  56,  38],
['2014-10-28',   1,  56,  38],
['2014-10-29',   1,  56,  38],
['2014-10-30',   1,  51,  42],
['2014-10-31',   1,  47,  46],
['2014-11-01',   1,  47,  46],
['2014-11-02',   1,  43,  50],
['2014-11-03',   1,  43,  51],
['2014-11-04',   1,  43,  51],
['2014-11-05',   1,  44,  50],
['2014-11-06',   1,  42,  52],
['2014-11-07',   1,  41,  52],
['2014-11-08',   1,  40,  53],
['2014-11-09',   1,  41,  53],
['2014-11-10',   1,  40,  53],
['2014-11-11',   1,  40,  53],
['2014-11-12',   1,  40,  53],
['2014-11-13',   1,  39,  54],
['2014-11-14',   1,  40,  53],
['2014-11-15',   1,  40,  53],
['2014-11-16',   1,  40,  53],
['2014-11-17',   1,  40,  53],
['2014-11-18',   1,  40,  53],
['2014-11-19',   1,  39,  54],
['2014-11-20',   1,  39,  54],
['2014-11-21',   1,  38,  55],
['2014-11-22',   1,  40,  53],
['2014-11-23',   1,  40,  53],
['2014-11-24',   1,  40,  53],
['2014-11-25',   1,  40,  53],
['2014-11-26',   1,  39,  54],
['2014-11-27',   1,  39,  54],
['2014-11-28',   1,  39,  54],
['2014-11-29',   1,  38,  55],
['2014-11-30',   1,  38,  55],
['2014-12-01',   1,  39,  54],
['2014-12-02',   1,  40,  53],
['2014-12-03',   1,  40,  53],
['2014-12-04',   1,  39,  54],
['2014-12-05',   1,  38,  55],
['2014-12-06',   1,  38,  55],
['2014-12-07',   1,  41,  52],
['2014-12-08',   1,  42,  51],
['2014-12-09',   1,  42,  51],
['2014-12-10',   1,  41,  52],
['2014-12-11',   1,  41,  52],
['2014-12-12',   1,  41,  52],
['2014-12-13',   1,  41,  52],
['2014-12-14',   1,  41,  52],
['2014-12-15',   1,  41,  52],
['2014-12-16',   1,  42,  51],
['2014-12-17',   1,  42,  51],
['2014-12-18',   1,  41,  52],
['2014-12-19',   1,  42,  51],
['2014-12-20',   1,  48,  46],
['2014-12-21',   1,  58,  36],
['2014-12-22',   1,  68,  26],
['2014-12-23',   1,  76,  18],
['2014-12-24',   1,  74,  19],
['2014-12-25',   2,  73,  20],
['2014-12-26',   2,  73,  20],
['2014-12-27',   2,  73,  21],
['2014-12-28',   2,  72,  21],
['2014-12-29',   2,  60,  33],
['2014-12-30',   2,  60,  34],
['2014-12-31',   2,  57,  36],
['2015-01-01',   2,  54,  39],
['2015-01-02',   2,  52,  41],
['2015-01-03',   2,  52,  41],
['2015-01-04',   2,  54,  40],
['2015-01-05',   2,  61,  32],
['2015-01-06',   2,  61,  32],
['2015-01-07',   1,  63,  31],
['2015-01-08',   1,  63,  31],
['2015-01-09',   1,  64,  30],
['2015-01-10',   1,  63,  31],
['2015-01-11',   1,  63,  30],
['2015-01-12',   1,  62,  32],
['2015-01-13',   1,  60,  34],
['2015-01-14',   1,  58,  36],
['2015-01-15',   1,  58,  36],
['2015-01-16',   1,  58,  36],
['2015-01-17',   1,  59,  35],
['2015-01-18',   1,  54,  39],
['2015-01-19',   1,  55,  39],
['2015-01-20',   1,  59,  35],
['2015-01-21',   1,  60,  34],
['2015-01-22',   1,  61,  33],
['2015-01-23',   1,  62,  32],
['2015-01-24',   1,  61,  32],
['2015-01-25',   1,  62,  32],
['2015-01-26',   1,  62,  32],
['2015-01-27',   1,  62,  32],
['2015-01-28',   1,  49,  45],
['2015-01-29',   1,  50,  44],
['2015-01-30',   1,  37,  57],
['2015-01-31',   1,  46,  48],
['2015-02-01',   1,  53,  41],
['2015-02-02',   1,  54,  40],
['2015-02-03',   1,  53,  41],
['2015-02-04',   1,  52,  42],
['2015-02-05',   1,  57,  37],
['2015-02-06',   1,  56,  38],
['2015-02-07',   1,  54,  40],
['2015-02-08',   1,  54,  40],
['2015-02-09',   1,  52,  42],
['2015-02-10',   1,  53,  41],
['2015-02-11',   1,  50,  46],
['2015-02-12',   1,  49,  47],
['2015-02-13',   1,  43,  53],
['2015-02-14',   1,  44,  52],
['2015-02-15',   1,  43,  53],
['2015-02-16',   1,  47,  49],
['2015-02-17',   1,  46,  50],
['2015-02-18',   1,  46,  50],
['2015-02-19',   1,  45,  51],
['2015-02-20',   1,  42,  55],
['2015-02-21',   1,  42,  55],
['2015-02-22',   1,  39,  57],
['2015-02-23',   1,  40,  56],
['2015-02-24',   1,  41,  55],
['2015-02-25',   1,  42,  54],
['2015-02-26',   1,  42,  55],
['2015-02-27',   1,  40,  56],
['2015-02-28',   1,  40,  56],
['2015-03-01',   1,  41,  56],
['2015-03-02',   1,  38,  58],
['2015-03-03',   1,  38,  58],
['2015-03-04',   1,  38,  58],
['2015-03-05',   1,  38,  58],
['2015-03-06',   1,  40,  56],
['2015-03-07',   1,  40,  56],
['2015-03-08',   1,  35,  61],
['2015-03-09',   1,  36,  60],
['2015-03-10',   1,  33,  63],
['2015-03-11',   1,  34,  63],
['2015-03-12',   1,  38,  58],
['2015-03-13',   1,  39,  57],
['2015-03-14',   1,  41,  56],
['2015-03-15',   1,  41,  55],
['2015-03-16',   1,  40,  57],
['2015-03-17',   1,  38,  58],
['2015-03-18',   1,  37,  59],
['2015-03-19',   1,  39,  57],
['2015-03-20',   1,  40,  56],
['2015-03-21',   1,  40,  56],
['2015-03-22',   1,  44,  52],
['2015-03-23',   1,  44,  53],
['2015-03-24',   1,  44,  53],
['2015-03-25',   1,  39,  57],
['2015-03-26',   1,  38,  58],
['2015-03-27',   1,  37,  59],
['2015-03-28',   1,  41,  55],
['2015-03-29',   1,  43,  53],
['2015-03-30',   1,  44,  52],
['2015-03-31',   1,  44,  53],
['2015-04-01',   1,  43,  53],
['2015-04-02',   1,  43,  53],
['2015-04-03',   1,  43,  53],
['2015-04-04',   1,  44,  52],
['2015-04-05',   1,  44,  52],
['2015-04-06',   1,  44,  52],
['2015-04-07',   1,  43,  53],
['2015-04-08',   1,  44,  52],
['2015-04-09',   1,  44,  52],
['2015-04-10',   1,  44,  52],
['2015-04-11',   1,  44,  52],
['2015-04-12',   1,  44,  52],
['2015-04-13',   1,  43,  53],
['2015-04-14',   1,  43,  54],
['2015-04-15',   1,  42,  55],
['2015-04-16',   1,  42,  55],
['2015-04-17',   1,  46,  52],
['2015-04-18',   1,  46,  52],
['2015-04-19',   1,  46,  52],
['2015-04-20',   1,  45,  52],
['2015-04-21',   1,  42,  55],
['2015-04-22',   1,  41,  56],
['2015-04-23',   1,  42,  56],
['2015-04-24',   1,  45,  52],
['2015-04-25',   1,  46,  51],
['2015-04-26',   1,  45,  51],
['2015-04-27',   1,  45,  52],
['2015-04-28',   1,  44,  53],
['2015-04-29',   1,  44,  53],
['2015-04-30',   1,  43,  54],
['2015-05-01',   1,  40,  57],
['2015-05-02',   1,  40,  57],
['2015-05-03',   1,  40,  57],
['2015-05-04',   1,  32,  65],
['2015-05-05',   1,  33,  64],
['2015-05-06',   1,  34,  64],
['2015-05-07',   1,  39,  58],
['2015-05-08',   1,  43,  54],
['2015-05-09',   1,  43,  54],
['2015-05-10',   1,  43,  54],
['2015-05-11',   1,  45,  53],
['2015-05-12',   1,  42,  56],
['2015-05-13',   1,  41,  56],
['2015-05-14',   1,  47,  54],
['2015-05-15',   1,  49,  52],
['2015-05-16',   1,  50,  51],
['2015-05-17',   1,  52,  48],
['2015-05-18',   1,  50,  51],
['2015-05-19',   1,  47,  53],
['2015-05-20',   1,  48,  53],
['2015-05-21',   1,  44,  57],
['2015-05-22',   1,  45,  55],
['2015-05-23',   1,  45,  56],
['2015-05-24',   1,  48,  52],
['2015-05-25',   1,  41,  59],
['2015-05-26',   1,  39,  62],
['2015-05-27',   1,  40,  60],
['2015-05-28',   1,  40,  60],
['2015-05-29',   1,  41,  60],
['2015-05-30',   1,  40,  60],
['2015-05-31',   1,  43,  58],
['2015-06-01',   1,  44,  57],
['2015-06-02',   1,  40,  61],
['2015-06-03',   1,  40,  61],
['2015-06-04',   1,  45,  56],
['2015-06-05',   1,  45,  56],
['2015-06-06',   1,  46,  55],
['2015-06-07',   1,  45,  56],
['2015-06-08',   1,  40,  61],
['2015-06-09',   1,  33,  68],
['2015-06-10',   1,  32,  69],
['2015-06-11',   1,  37,  64],
['2015-06-12',   1,  43,  59],
['2015-06-13',   1,  43,  59],
['2015-06-14',   1,  45,  56],
['2015-06-15',   1,  45,  57],
['2015-06-16',   1,  40,  61],
['2015-06-17',   1,  37,  64],
['2015-06-18',   1,  38,  64],
['2015-06-19',   1,  50,  52],
['2015-06-20',   1,  50,  52],
['2015-06-21',   1,  50,  51],
['2015-06-22',   1,  50,  51],
['2015-06-23',   1,  50,  52],
['2015-06-24',   1,  46,  55],
['2015-06-25',   1,  44,  57],
['2015-06-26',   1,  45,  57],
['2015-06-27',   1,  47,  54],
['2015-06-28',   1,  47,  54],
['2015-06-29',   1,  47,  55],
['2015-06-30',   1,  47,  55],
['2015-07-01',   1,  46,  55],
['2015-07-02',   1,  44,  58],
['2015-07-03',   1,  44,  58],
['2015-07-04',   1,  43,  58],
['2015-07-05',   1,  39,  62],
['2015-07-06',   1,  40,  62],
['2015-07-07',   1,  37,  64],
['2015-07-08',   1,  37,  65],
['2015-07-09',   1,  42,  60],
['2015-07-10',   1,  42,  60],
['2015-07-11',   1,  44,  58],
['2015-07-12',   1,  43,  58],
['2015-07-13',   1,  44,  57],
['2015-07-14',   1,  44,  58],
['2015-07-15',   1,  42,  60],
['2015-07-16',   1,  40,  62],
['2015-07-17',   1,  40,  61],
['2015-07-18',   1,  44,  58],
['2015-07-19',   1,  45,  56],
['2015-07-20',   1,  47,  55],
['2015-07-21',   1,  44,  58],
['2015-07-22',   1,  44,  58],
['2015-07-23',   1,  45,  56],
['2015-07-24',   1,  49,  53],
['2015-07-25',   1,  50,  52],
['2015-07-26',   1,  47,  55],
['2015-07-27',   1,  44,  58],
['2015-07-28',   1,  38,  63],
['2015-07-29',   1,  37,  65],
['2015-07-30',   1,  37,  65],
['2015-07-31',   1,  39,  64],
['2015-08-01',   1,  39,  64],
['2015-08-02',   1,  43,  60],
['2015-08-03',   1,  43,  60],
['2015-08-04',   1,  42,  62],
['2015-08-05',   1,  37,  66],
['2015-08-06',   1,  41,  62],
['2015-08-07',   1,  44,  60],
['2015-08-08',   1,  44,  60],
['2015-08-09',   1,  49,  56],
['2015-08-10',   1,  48,  57],
['2015-08-11',   1,  44,  61],
['2015-08-12',   1,  42,  63],
['2015-08-13',   1,  44,  61],
['2015-08-14',   1,  43,  64],
['2015-08-15',   1,  46,  61],
['2015-08-16',   1,  51,  56],
['2015-08-17',   1,  51,  56],
['2015-09-01',   1,  46,  61],
['2015-09-02',   1,  47,  60],
['2015-09-03',   1,  42,  65],
['2015-09-04',   1,  42,  65],
['2015-09-05',   1,  44,  63],
['2015-09-06',   1,  46,  61],
['2015-09-07',   1,  47,  60],
['2015-09-08',   1,  47,  60],
['2015-09-09',   1,  44,  63],
['2015-09-10',   1,  37,  70],
['2015-09-11',   1,  40,  67],
['2015-09-12',   1,  44,  63],
['2015-09-13',   1,  44,  63],
['2015-09-14',   1,  49,  58],
['2015-09-15',   1,  49,  58],
['2015-09-16',   1,  49,  58],
['2015-09-17',   1,  44,  63],
['2015-09-18',   1,  43,  64],
['2015-09-19',   1,  46,  61],
['2015-09-20',   1,  48,  59],
['2015-09-21',   1,  45,  62],
['2015-09-22',   1,  41,  66],
['2015-09-23',   1,  42,  65],
['2015-09-24',   1,  44,  63],
['2015-09-25',   1,  45,  61],
['2015-09-26',   1,  45,  62],
['2015-09-27',   1,  39,  67],
['2015-09-28',   1,  37,  69],
['2015-09-29',   1,  31,  76],
['2015-09-30',   1,  34,  73],
['2015-10-01',   1,  42,  65],
['2015-10-02',   1,  44,  63],
['2015-10-03',   1,  49,  58],
['2015-10-04',   1,  48,  59],
['2015-10-05',   1,  46,  61],
['2015-10-06',   1,  44,  63],
['2015-10-07',   1,  42,  65],
['2015-10-08',   1,  39,  68],
['2015-10-09',   1,  41,  66],
['2015-10-10',   1,  41,  66],
['2015-10-11',   1,  44,  63],
['2015-10-12',   1,  42,  65],
['2015-10-13',   1,  42,  65],
['2015-10-14',   1,  39,  68],
['2015-10-15',   1,  37,  70],
['2015-10-16',   1,  37,  70],
['2015-10-17',   1,  38,  69],
['2015-10-18',   1,  38,  69],
['2015-10-19',   1,  37,  69],
['2015-10-20',   1,  38,  69],
['2015-10-21',   1,  38,  69],
['2015-10-22',   1,  36,  71],
['2015-10-23',   1,  41,  65],
['2015-10-24',   1,  42,  65],
['2015-10-25',   1,  43,  64],
['2015-10-26',   1,  46,  61],
['2015-10-27',   1,  46,  61],
['2015-10-28',   1,  45,  61],
['2015-10-29',   1,  44,  63],
['2015-10-30',   1,  44,  63],
['2015-10-31',   1,  44,  63],
['2015-11-01',   1,  43,  64],
['2015-11-02',   1,  42,  65],
['2015-11-03',   1,  42,  65],
['2015-11-04',   1,  42,  65],
['2015-11-05',   1,  43,  64],
['2015-11-06',   1,  46,  62],
['2015-11-07',   1,  45,  62],
['2015-11-08',   1,  45,  63],
['2015-11-09',   1,  42,  65],
['2015-11-13',   1,  40,  68],
['2015-11-14',   1,  42,  66],
['2015-11-15',   1,  40,  67],
['2015-11-16',   1,  40,  67],
['2015-11-17',   1,  40,  67],
['2015-11-18',   1,  40,  68],
['2015-11-19',   1,  40,  68],
['2015-11-20',   1,  35,  73],
['2015-11-21',   1,  35,  73],
['2015-11-22',   1,  35,  73],
['2015-11-23',   1,  39,  68],
['2015-11-24',   1,  40,  67],
['2015-11-25',   1,  40,  67],
['2015-11-26',   1,  38,  69],
['2015-11-27',   1,  43,  64],
['2015-11-28',   1,  43,  64],
['2015-11-29',   1,  43,  65],
['2015-11-30',   1,  39,  69],
['2015-12-01',   1,  36,  71],
['2015-12-02',   1,  36,  71],
['2015-12-03',   1,  36,  72],
['2015-12-04',   1,  39,  68],
['2015-12-05',   1,  41,  66],
['2015-12-06',   1,  41,  66],
['2015-12-07',   1,  44,  64],
['2015-12-08',   1,  44,  64],
['2015-12-09',   1,  43,  64],
['2015-12-10',   1,  44,  64],
['2015-12-11',   1,  44,  63],
['2015-12-12',   1,  44,  63],
['2015-12-13',   1,  44,  64],
['2015-12-14',   1,  43,  65],
['2015-12-15',   1,  42,  66],
['2015-12-16',   1,  42,  66],
['2015-12-17',   1,  42,  66],
['2015-12-18',   1,  43,  65],
['2015-12-19',   2,  43,  64],
['2015-12-20',   2,  44,  63],
['2015-12-21',   2,  44,  63],
['2015-12-22',   2,  43,  64],
['2015-12-23',   2,  43,  64],
['2015-12-24',   2,  42,  65],
['2015-12-25',   2,  42,  65],
['2015-12-26',   2,  43,  64],
['2015-12-27',   2,  43,  64],
['2015-12-28',   2,  42,  65],
['2015-12-29',   2,  42,  65],
['2015-12-30',   2,  42,  65],
['2015-12-31',   2,  41,  66],
['2016-01-01',   2,  41,  66],
['2016-01-02',   2,  40,  67],
['2016-01-03',   2,  40,  67],
['2016-01-04',   2,  39,  68],
['2016-01-05',   2,  39,  68],
['2016-01-06',   2,  39,  68],
['2016-01-07',   2,  39,  68],
['2016-01-08',   2,  40,  67],
['2016-01-09',   3,  39,  67],
['2016-01-10',   3,  39,  67],
['2016-01-11',   3,  38,  67],
['2016-01-12',   3,  37,  69],
['2016-01-13',   3,  37,  68],
['2016-01-14',   3,  36,  70],
['2016-01-15',   3,  37,  68],
['2016-01-16',   3,  37,  69],
['2016-01-17',   3,  38,  68],
['2016-01-18',   3,  38,  68],
['2016-01-19',   3,  38,  68],
['2016-01-20',   3,  37,  68],
['2016-01-21',   3,  38,  67],
['2016-01-22',   3,  37,  69],
['2016-01-23',   3,  37,  68],
['2016-01-24',   3,  37,  69],
['2016-01-25',   3,  35,  70],
['2016-01-26',   3,  33,  72],
['2016-01-27',   3,  28,  78],
['2016-01-28',   3,  31,  75],
['2016-01-29',   3,  32,  74],
['2016-01-30',   3,  34,  72],
['2016-01-31',   3,  37,  69],
['2016-02-01',   3,  37,  69],
['2016-02-02',   3,  36,  69],
['2016-02-03',   3,  36,  70],
['2016-02-04',   3,  34,  71],
['2016-02-05',   3,  35,  71],
['2016-02-06',   3,  40,  65],
['2016-02-07',   3,  40,  65],
['2016-02-08',   3,  40,  65],
['2016-02-09',   3,  40,  65],
['2016-02-10',   3,  40,  66],
['2016-02-11',   3,  41,  65],
['2016-02-12',   3,  41,  65],
['2016-02-13',   3,  41,  65],
['2016-02-14',   3,  41,  64],
['2016-02-15',   3,  41,  64],
['2016-02-16',   3,  41,  64],
['2016-02-17',   3,  42,  64],
['2016-02-18',   3,  40,  66],
['2016-02-19',   3,  37,  69],
['2016-02-20',   3,  36,  70],
['2016-02-21',   3,  39,  67],
['2016-02-22',   3,  42,  64],
['2016-02-23',   3,  41,  65],
['2016-02-24',   3,  40,  66],
['2016-02-25',   3,  40,  66],
['2016-02-26',   3,  40,  66],
['2016-02-27',   3,  40,  66],
['2016-02-28',   3,  40,  66],
['2016-02-29',   3,  40,  67],
['2016-03-01',   3,  39,  67],
['2016-03-02',   2,  39,  67],
['2016-03-03',   2,  39,  67],
['2016-03-04',   3,  39,  67],
['2016-03-05',   2,  40,  67],
['2016-03-06',   2,  37,  69],
['2016-03-07',   2,  38,  69],
['2016-03-08',   2,  38,  69],
['2016-03-09',   2,  38,  69],
['2016-03-10',   2,  37,  69],
['2016-03-11',   2,  37,  69],
['2016-03-12',   2,  37,  69],
['2016-03-13',   2,  38,  69],
['2016-03-14',   2,  38,  69],
['2016-03-15',   2,  37,  70],
['2016-03-16',   2,  37,  70],
['2016-03-17',   2,  37,  70],
['2016-03-18',   2,  37,  70],
['2016-03-19',   2,  37,  69],
['2016-03-20',   2,  37,  69],
['2016-03-21',   2,  37,  69],
['2016-03-22',   2,  37,  69],
['2016-03-23',   2,  37,  70],
['2016-03-24',   2,  37,  70],
['2016-03-25',   2,  37,  70],
['2016-03-26',   2,  37,  69],
['2016-03-27',   2,  37,  69],
['2016-03-28',   2,  36,  71],
['2016-03-29',   2,  35,  71],
['2016-03-30',   2,  37,  70],
['2016-03-31',   2,  36,  70],
['2016-04-01',   2,  37,  69],
['2016-04-02',   2,  38,  69],
['2016-04-03',   2,  38,  69],
['2016-04-04',   2,  38,  69],
['2016-04-05',   2,  37,  70],
['2016-04-06',   2,  37,  70],
['2016-04-07',   2,  37,  70],
['2016-04-08',   2,  37,  70],
['2016-04-09',   2,  37,  70],
['2016-04-10',   2,  37,  70],
['2016-04-11',   2,  37,  70],
['2016-04-12',   2,  34,  73],
['2016-04-13',   2,  34,  73],
['2016-04-14',   2,  35,  73],
['2016-04-15',   1,  33,  75],
['2016-04-16',   1,  35,  72],
['2016-04-17',   1,  35,  72],
['2016-04-18',   1,  35,  72],
['2016-04-19',   2,  31,  76],
['2016-04-20',   1,  35,  73],
['2016-04-21',   1,  35,  73],
['2016-04-22',   1,  35,  73],
['2016-04-23',   1,  36,  71],
['2016-04-24',   1,  36,  71],
['2016-04-25',   1,  35,  73],
['2016-04-26',   2,  33,  74],
['2016-04-27',   1,  34,  74],
['2016-04-28',   1,  34,  74],
['2016-04-29',   1,  35,  73],
['2016-04-30',   1,  35,  72],
['2016-05-01',   1,  35,  72],
['2016-05-02',   1,  35,  72],
['2016-05-03',   1,  34,  73],
['2016-05-04',   1,  35,  73],
['2016-05-05',   1,  34,  73],
['2016-05-06',   1,  35,  72],
['2016-05-07',   1,  35,  73],
['2016-05-08',   1,  35,  73],
['2016-05-09',   1,  33,  74],
['2016-05-10',   1,  33,  74],
['2016-05-11',   1,  34,  74],
['2016-05-12',   1,  33,  74],
['2016-05-13',   1,  34,  74],
['2016-05-14',   1,  34,  74],
['2016-05-15',   1,  35,  73],
['2016-05-16',   1,  35,  73],
['2016-05-17',   1,  34,  73],
['2016-05-18',   1,  34,  73],
['2016-05-19',   1,  34,  74],
['2016-05-20',   1,  34,  74],
['2016-05-21',   1,  35,  73],
['2016-05-22',   1,  35,  73],
['2016-05-23',   1,  35,  73],
['2016-05-24',   1,  34,  74],
['2016-05-25',   1,  34,  74],
['2016-05-26',   1,  34,  74],
['2016-05-27',   1,  34,  74],
['2016-05-28',   1,  33,  75],
['2016-05-29',   1,  33,  75],
['2016-05-30',   1,  33,  75],
['2016-05-31',   1,  31,  77],
['2016-06-01',   1,  32,  76],
['2016-06-02',   1,  32,  76],
['2016-06-03',   1,  32,  76],
['2016-06-04',   1,  32,  76],
['2016-06-05',   1,  32,  76],
['2016-06-06',   1,  32,  76],
['2016-06-07',   1,  32,  76],
['2016-06-08',   1,  31,  77],
['2016-06-09',   1,  31,  77],
['2016-06-10',   1,  32,  76],
['2016-06-11',   1,  32,  76],
['2016-06-12',   1,  35,  73],
['2016-06-13',   1,  35,  73],
['2016-06-14',   1,  35,  73],
['2016-06-15',   1,  34,  73],
['2016-06-16',   1,  34,  74],
['2016-06-17',   1,  34,  74],
['2016-06-18',   1,  35,  73],
['2016-06-19',   1,  35,  73],
['2016-06-20',   1,  31,  76],
['2016-06-21',   1,  30,  77],
['2016-06-22',   1,  30,  77],
['2016-06-23',   1,  30,  77],
['2016-06-24',   1,  29,  79],
['2016-06-25',   1,  29,  79],
['2016-06-26',   1,  30,  78],
['2016-06-27',   1,  30,  78],
['2016-06-28',   1,  30,  78],
['2016-06-29',   1,  30,  78],
['2016-06-30',   1,  34,  74],
['2016-07-01',   1,  34,  74],
['2016-07-02',   1,  34,  74],
['2016-07-03',   1,  35,  73],
['2016-07-04',   1,  35,  73],
['2016-07-05',   1,  35,  73],
['2016-07-06',   1,  32,  75],
['2016-07-07',   1,  32,  75],
['2016-07-08',   1,  32,  76],
['2016-07-09',   1,  33,  74],
['2016-07-10',   1,  34,  74],
['2016-07-11',   1,  33,  75],
['2016-07-12',   1,  35,  73],
['2016-07-13',   1,  35,  73],
['2016-07-14',   1,  35,  73],
['2016-07-15',   1,  36,  72],
['2016-07-16',   1,  36,  72],
['2016-07-17',   1,  36,  72],
['2016-07-18',   1,  35,  73],
['2016-07-19',   1,  31,  77],
['2016-07-20',   1,  29,  79],
['2016-07-21',   1,  32,  76],
['2016-07-22',   1,  34,  74],
['2016-07-23',   1,  36,  72],
['2016-07-24',   1,  36,  72],
['2016-07-25',   1,  36,  72],
['2016-07-26',   1,  34,  73],
['2016-07-27',   1,  33,  74],
['2016-07-28',   1,  33,  75],
['2016-07-29',   1,  34,  74],
['2016-07-30',   1,  36,  72],
['2016-07-31',   1,  36,  72],
['2016-08-01',   1,  35,  73],
['2016-08-02',   1,  33,  74],
['2016-08-03',   1,  36,  71],
['2016-08-04',   1,  36,  71],
['2016-08-05',   1,  38,  70],
['2016-08-06',   1,  37,  71],
['2016-08-07',   1,  37,  71],
['2016-08-08',   1,  37,  71],
['2016-08-09',   1,  38,  70],
['2016-08-10',   1,  35,  73],
['2016-08-11',   1,  35,  73],
['2016-08-12',   1,  35,  73],
['2016-08-13',   1,  37,  71],
['2016-08-14',   1,  36,  72],
['2016-08-15',   1,  36,  72],
['2016-08-16',   1,  35,  73],
['2016-08-17',   1,  35,  73],
['2016-08-18',   1,  34,  73],
['2016-08-19',   1,  34,  73],
['2016-08-20',   1,  35,  73],
['2016-08-21',   1,  36,  72],
['2016-08-22',   1,  36,  72],
['2016-08-23',   1,  34,  74],
['2016-08-24',   1,  33,  75],
['2016-08-25',   1,  33,  75],
['2016-08-26',   1,  32,  76],
['2016-08-27',   1,  32,  75],
['2016-08-28',   1,  35,  73],
['2016-08-29',   1,  35,  73],
['2016-08-30',   1,  35,  73],
['2016-08-31',   1,  34,  74],
['2016-09-01',   1,  35,  73],
['2016-09-02',   1,  35,  73],
['2016-09-03',   1,  36,  72],
['2016-09-04',   1,  36,  72],
['2016-09-05',   1,  36,  72],
['2016-09-06',   1,  33,  75],
['2016-09-07',   1,  32,  76],
['2016-09-08',   1,  32,  76],
['2016-09-09',   1,  33,  75],
['2016-09-10',   1,  36,  72],
['2016-09-11',   1,  36,  72],
['2016-09-12',   1,  36,  72],
['2016-09-13',   1,  30,  77],
['2016-09-14',   1,  31,  76],
['2016-09-15',   1,  32,  76],
['2016-09-16',   1,  34,  74],
['2016-09-17',   1,  34,  74],
['2016-09-18',   1,  36,  72],
['2016-09-19',   1,  36,  72],
['2016-09-20',   1,  35,  73],
['2016-09-21',   1,  34,  74],
['2016-09-22',   1,  34,  74],
['2016-09-23',   1,  36,  72],
['2016-09-24',   1,  36,  72],
['2016-09-25',   1,  36,  71],
['2016-09-26',   1,  36,  72],
['2016-09-27',   1,  30,  77],
['2016-09-28',   1,  25,  83],
['2016-09-29',   1,  25,  83],
['2016-09-30',   1,  25,  83],
['2016-10-01',   1,  27,  81],
['2016-10-02',   1,  31,  77],
['2016-10-03',   1,  29,  79],
['2016-10-04',   1,  27,  82],
['2016-10-05',   1,  30,  79],
['2016-10-06',   1,  30,  78],
['2016-10-07',   1,  30,  78],
['2016-10-08',   1,  30,  78],
['2016-10-09',   1,  33,  75],
['2016-10-10',   1,  38,  71],
['2016-10-11',   1,  38,  71],
['2016-10-12',   1,  33,  75],
['2016-10-13',   1,  31,  78],
['2016-10-14',   1,  30,  79],
['2016-10-15',   1,  26,  83],
['2016-10-16',   1,  19,  89],
['2016-10-17',   1,  19,  90],
['2016-10-18',   1,  23,  86],
['2016-10-19',   1,  23,  85],
['2016-10-20',   1,  23,  85],
['2016-10-21',   1,  26,  82],
['2016-10-22',   1,  31,  77],
['2016-10-23',   1,  31,  78],
['2016-10-24',   1,  26,  83],
['2016-10-25',   1,  23,  86],
['2016-10-26',   1,  24,  85],
['2016-10-27',   1,  24,  85],
['2016-10-28',   1,  32,  77],
['2016-10-29',   1,  33,  76],
['2016-10-30',   1,  33,  76],
['2016-10-31',   1,  32,  77],
['2016-11-01',   1,  29,  80],
['2016-11-02',   1,  27,  82],
['2016-11-03',   1,  27,  82],
['2016-11-04',   1,  29,  80],
['2016-11-05',   1,  33,  76],
['2016-11-06',   1,  35,  74],
['2016-11-07',   1,  36,  72],
['2016-11-08',   1,  31,  78],
['2016-11-09',   1,  30,  78],
['2016-11-10',   1,  30,  79],
['2016-11-11',   1,  36,  73],
['2016-11-12',   1,  36,  73],
['2016-11-13',   1,  35,  74],
['2016-11-14',   1,  25,  83],
['2016-11-15',   1,  17,  91],
['2016-11-16',   1,  23,  86],
['2016-11-17',   1,  23,  86],
['2016-11-18',   1,  27,  81],
['2016-11-19',   1,  31,  78],
['2016-11-20',   1,  31,  78],
['2016-11-21',   1,  22,  87],
['2016-11-22',   1,  23,  86],
['2016-11-23',   1,  23,  86],
['2016-11-24',   1,  23,  86],
['2016-11-25',   1,  33,  76],
['2016-11-26',   1,  33,  76],
['2016-11-27',   1,  33,  76],
['2016-11-28',   1,  33,  76],
['2016-11-29',   1,  28,  80],
['2016-11-30',   1,  26,  82],
['2016-12-01',   1,  26,  82],
['2016-12-02',   1,  31,  78],
['2016-12-03',   1,  30,  78],
['2016-12-04',   1,  34,  75],
['2016-12-05',   1,  33,  76],
['2016-12-06',   1,  33,  75],
['2016-12-07',   1,  31,  78],
['2016-12-08',   1,  30,  78],
['2016-12-09',   1,  31,  78],
['2016-12-10',   1,  30,  79],
['2016-12-11',   1,  32,  77],
['2016-12-12',   1,  30,  78],
['2016-12-13',   1,  28,  80],
['2016-12-14',   1,  28,  81],
['2016-12-15',   1,  28,  81],
['2016-12-16',   1,  28,  80],
['2016-12-17',   1,  33,  75],
['2016-12-18',   1,  32,  76],
['2016-12-19',   1,  32,  76],
['2016-12-20',   1,  28,  81],
['2016-12-21',   1,  27,  82],
['2016-12-22',   1,  25,  84],
['2016-12-23',   1,  25,  84],
['2016-12-24',   1,  30,  79],
['2016-12-25',   1,  30,  79],
['2016-12-26',   1,  21,  87],
['2016-12-27',   1,  21,  87],
['2016-12-28',   1,  25,  84],
['2016-12-29',   1,  25,  84],
['2016-12-30',   1,  28,  81],
['2016-12-31',   1,  28,  81],
['2017-01-01',   1,  32,  76],
['2017-01-02',   1,  30,  79],
['2017-01-03',   1,  30,  79],
['2017-01-04',   1,  33,  76],
['2017-01-05',   1,  32,  76],
['2017-01-06',   1,  41,  67],
['2017-01-07',   1,  44,  64],
['2017-01-08',   1,  44,  65],
['2017-01-09',   1,  43,  66],
['2017-01-10',   1,  43,  66],
['2017-01-11',   1,  38,  70],
['2017-01-12',   1,  37,  72],
['2017-01-13',   1,  35,  74],
['2017-01-14',   1,  38,  71],
['2017-01-15',   1,  38,  71],
['2017-01-16',   1,  33,  76],
['2017-01-17',   1,  30,  79],
['2017-01-18',   1,  26,  83],
['2017-01-19',   1,  26,  84],
['2017-01-20',   1,  32,  79],
['2017-01-21',   1,  35,  76],
['2017-01-22',   1,  32,  78],
['2017-01-23',   1,  24,  86],
['2017-01-24',   1,  21,  89],
['2017-01-25',   1,  23,  88],
['2017-01-26',   1,  23,  88],
['2017-01-27',   1,  29,  82],
['2017-01-28',   1,  31,  79],
['2017-01-29',   1,  31,  79],
['2017-01-30',   1,  31,  80],
['2017-01-31',   1,  26,  84],
['2017-02-01',   1,  25,  86],
['2017-02-02',   1,  25,  86],
['2017-02-03',   1,  27,  84],
['2017-02-04',   1,  29,  82],
['2017-02-05',   1,  32,  79],
['2017-02-06',   1,  33,  78],
['2017-02-07',   1,  27,  84],
['2017-02-08',   1,  29,  82],
['2017-02-09',   1,  28,  83],
['2017-02-10',   1,  33,  77],
['2017-02-11',   1,  33,  77],
['2017-02-12',   1,  32,  78],
['2017-02-13',   1,  32,  78],
['2017-02-14',   1,  25,  85],
['2017-02-15',   1,  25,  85],
['2017-02-16',   1,  26,  85],
['2017-02-17',   1,  29,  82],
['2017-02-18',   1,  34,  77],
['2017-02-19',   1,  32,  79],
['2017-02-20',   1,  32,  79],
['2017-02-21',   1,  25,  86],
['2017-02-22',   1,  25,  86],
['2017-02-23',   1,  25,  85],
['2017-02-24',   1,  29,  82],
['2017-02-25',   1,  30,  80],
['2017-02-26',   1,  30,  80],
['2017-02-27',   1,  23,  87],
['2017-02-28',   1,  29,  82],
['2017-03-01',   1,  31,  80],
['2017-03-02',   1,  33,  78],
['2017-03-03',   1,  34,  76],
['2017-03-04',   1,  37,  74],
['2017-03-05',   1,  43,  68],
['2017-03-06',   1,  41,  69],
['2017-03-07',   1,  45,  67],
['2017-03-08',   1,  42,  70],
['2017-03-09',   1,  42,  70],
['2017-03-10',   1,  43,  69],
['2017-03-11',   1,  46,  67],
['2017-03-12',   1,  45,  68],
['2017-03-13',   1,  44,  68],
['2017-03-14',   1,  40,  72],
['2017-03-15',   1,  40,  72],
['2017-03-16',   1,  41,  72],
['2017-03-17',   1,  44,  69],
['2017-03-18',   1,  46,  66],
['2017-03-19',   2,  45,  66],
['2017-03-20',   2,  36,  76],
['2017-03-21',   2,  35,  78],
['2017-03-22',   2,  38,  74],
['2017-03-23',   2,  39,  74],
['2017-03-24',   2,  47,  69],
['2017-03-25',   2,  50,  67],
['2017-03-26',   2,  53,  64],
['2017-03-27',   2,  52,  65],
['2017-03-28',   2,  51,  67],
['2017-03-29',   2,  47,  71],
['2017-03-30',   2,  47,  71],
['2017-03-31',   2,  57,  64],
['2017-04-01',   2,  59,  62],
['2017-04-02',   2,  56,  64],
['2017-04-03',   2,  56,  66],
['2017-04-04',   2,  56,  68],
['2017-04-05',   2,  54,  71],
['2017-04-06',   1,  50,  75],
['2017-04-07',   1,  47,  78],
['2017-04-08',   1,  50,  75],
['2017-04-09',   2,  55,  70],
['2017-04-10',   1,  47,  79],
['2017-04-11',   1,  52,  75],
['2017-04-12',   1,  49,  78],
['2017-04-13',   1,  49,  78],
['2017-04-14',   1,  43,  83],
['2017-04-15',   1,  47,  79],
['2017-04-16',   2,  51,  75],
['2017-04-17',   1,  58,  79],
['2017-04-18',   1,  54,  82],
['2017-04-19',   1,  54,  87],
['2017-04-20',   1,  57,  86],
['2017-04-21',   1,  66,  78],
['2017-04-22',   1,  63,  80],
['2017-04-23',   1,  59,  85],
['2017-04-24',   1,  56,  87],
['2017-04-25',   1,  53,  91],
['2017-04-26',   1,  39,  104],
['2017-04-27',   1,  42,  102],
['2017-04-28',   1,  45,  99],
['2017-04-29',   1,  50,  94],
['2017-04-30',   1,  47,  97],
['2017-05-01',   1,  42,  102],
['2017-05-02',   1,  34,  111],
['2017-05-03',   1,  40,  105],
['2017-05-04',   1,  44,  101],
['2017-05-05',   1,  51,  95],
['2017-05-06',   1,  51,  95],
['2017-05-07',   1,  59,  87],
['2017-05-08',   1,  55,  91],
['2017-05-09',   1,  53,  93],
['2017-05-10',   1,  41,  105],
['2017-05-11',   1,  40,  106],
['2017-05-12',   1,  47,  99],
['2017-05-13',   1,  46,  100],
['2017-05-14',   1,  51,  95],
['2017-05-15',   1,  48,  98],
['2017-05-16',   1,  42,  105],
['2017-05-17',   1,  49,  98],
['2017-05-18',   1,  50,  97],
['2017-05-19',   1,  52,  95],
['2017-05-20',   1,  58,  89],
['2017-05-21',   1,  60,  87],
['2017-05-22',   1,  53,  94],
['2017-05-23',   1,  46,  101],
['2017-05-24',   1,  52,  95],
['2017-05-25',   1,  52,  95],
['2017-05-26',   1,  64,  83],
['2017-05-27',   1,  62,  85],
['2017-05-28',   1,  57,  90],
['2017-05-29',   1,  47,  100],
['2017-05-30',   1,  39,  107],
['2017-05-31',   1,  43,  104],
['2017-06-01',   1,  43,  104],
['2017-06-02',   1,  50,  97],
['2017-06-03',   1,  52,  95],
['2017-06-04',   1,  57,  90],
['2017-06-05',   1,  56,  90],
['2017-06-06',   1,  56,  91],
['2017-06-07',   1,  53,  94],
['2017-06-08',   1,  47,  100],
['2017-06-09',   1,  52,  95],
['2017-06-10',   1,  56,  91],
['2017-06-11',   1,  53,  94],
['2017-06-12',   1,  45,  102],
['2017-06-13',   1,  40,  107],
['2017-06-14',   1,  48,  99],
['2017-06-15',   1,  47,  100],
['2017-06-16',   1,  47,  100],
['2017-06-17',   1,  55,  92],
['2017-06-18',   1,  52,  95],
['2017-06-19',   1,  46,  101],
['2017-06-20',   1,  39,  108],
['2017-06-21',   1,  40,  107],
['2017-06-22',   1,  49,  98],
['2017-06-23',   1,  56,  91],
['2017-06-24',   1,  55,  92],
['2017-06-25',   1,  52,  95],
['2017-06-26',   1,  49,  98],
['2017-06-27',   1,  47,  100],
['2017-06-28',   1,  42,  105],
['2017-06-29',   1,  53,  94],
['2017-06-30',   1,  51,  97],
['2017-07-01',   1,  66,  81],
['2017-07-02',   1,  65,  83],
['2017-07-03',   1,  62,  85],
['2017-07-04',   1,  55,  92],
['2017-07-05',   1,  44,  104],
['2017-07-06',   1,  45,  102],
['2017-07-07',   1,  53,  94],
['2017-07-08',   1,  51,  96],
['2017-07-09',   1,  51,  96],
['2017-07-10',   1,  50,  97],
['2017-07-11',   1,  40,  107],
['2017-07-12',   1,  45,  103],
['2017-07-13',   1,  53,  95],
['2017-07-14',   1,  58,  89],
['2017-07-15',   1,  57,  91],
['2017-07-16',   1,  54,  94],
['2017-07-17',   1,  54,  94],
['2017-07-18',   1,  56,  91],
['2017-07-19',   1,  51,  97],
['2017-07-20',   1,  56,  92],
['2017-07-21',   1,  63,  86],
['2017-07-22',   1,  59,  90],
['2017-07-23',   1,  58,  90],
['2017-07-24',   1,  44,  105],
['2017-07-25',   1,  41,  108],
['2017-07-26',   1,  43,  106],
['2017-07-27',   1,  50,  99],
['2017-07-28',   1,  63,  86],
['2017-07-29',   1,  58,  90],
['2017-07-30',   1,  58,  91],
['2017-07-31',   1,  55,  93],
['2017-08-01',   1,  53,  96],
['2017-08-02',   1,  49,  99],
['2017-08-03',   1,  55,  93],
['2017-08-04',   1,  65,  84],
['2017-08-05',   1,  64,  85],
['2017-08-06',   1,  66,  83],
['2017-08-07',   1,  70,  78],
['2017-08-08',   1,  68,  81],
['2017-08-09',   1,  62,  86],
['2017-08-10',   1,  62,  87],
['2017-08-11',   1,  61,  88],
['2017-08-12',   1,  64,  85],
['2017-08-13',   1,  61,  88],
['2017-08-14',   1,  53,  96],
['2017-08-15',   1,  48,  100],
['2017-08-16',   1,  51,  98],
['2017-08-17',   1,  51,  98],
['2017-08-18',   1,  59,  89],
['2017-08-19',   1,  57,  92],
['2017-08-20',   1,  55,  94],
['2017-08-21',   1,  46,  103],
['2017-08-22',   1,  43,  106],
['2017-08-23',   1,  41,  108],
['2017-08-24',   1,  39,  110],
['2017-08-25',   1,  48,  101],
['2017-08-26',   1,  47,  102],
['2017-08-27',   1,  45,  104],
['2017-08-28',   1,  44,  105],
['2017-08-29',   1,  42,  106],
['2017-08-30',   1,  40,  109],
['2017-08-31',   1,  38,  111],
['2017-09-01',   1,  52,  97],
['2017-09-02',   1,  65,  86],
['2017-09-03',   1,  64,  87],
['2017-09-04',   1,  53,  97],
['2017-09-05',   1,  51,  100],
['2017-09-06',   1,  48,  103],
['2017-09-07',   1,  61,  89],
['2017-09-08',   1,  60,  90],
['2017-09-09',   1,  61,  89],
['2017-09-10',   1,  57,  93],
['2017-09-11',   1,  41,  109],
['2017-09-12',   1,  41,  109],
['2017-09-13',   1,  55,  96],
['2017-09-14',   1,  55,  96],
['2017-09-15',   1,  62,  89],
['2017-09-16',   1,  68,  82],
['2017-09-17',   1,  65,  86],
['2017-09-18',   1,  72,  78],
['2017-09-19',   1,  56,  94],
['2017-09-20',   1,  56,  94],
['2017-09-21',   1,  31,  119],
['2017-09-22',   1,  24,  127],
['2017-09-23',   1,  21,  130],
['2017-09-24',   1,  20,  131],
['2017-09-25',   1,  17,  133],
['2017-09-26',   1,  17,  134],
['2017-09-27',   1,  15,  135],
['2017-09-28',   1,  15,  135],
['2017-09-29',   0,  15,  136],
['2017-09-30',   0,  14,  136],
['2017-10-01',   0,  14,  136],
['2017-10-02',   0,  15,  136],
['2017-10-03',   0,  14,  137],
['2017-10-04',   0,  14,  137],
['2017-10-05',   0,  14,  137],
['2017-10-06',   0,  14,  137],
['2017-10-07',   0,  13,  138],
['2017-10-08',   0,  13,  138],
['2017-10-09',   0,  13,  138],
['2017-10-10',   0,  13,  138],
['2017-10-11',   0,  13,  138],
['2017-10-12',   0,  13,  138],
['2017-10-13',   0,  13,  138],
['2017-10-14',   0,  13,  138],
['2017-10-15',   0,  13,  138],
['2017-10-16',   0,  13,  138],
['2017-10-17',   0,  13,  138],
['2017-10-18',   0,  13,  138],
['2017-10-19',   0,  13,  138],
['2017-10-20',   0,  13,  138],
['2017-10-21',   0,  12,  139],
['2017-10-22',   0,  12,  139],
['2017-10-23',   0,  13,  138],
['2017-10-24',   0,  19,  132],
['2017-10-25',   0,  23,  128],
['2017-10-26',   0,  23,  128],
['2017-10-27',   0,  29,  122],
['2017-10-28',   0,  36,  115],
['2017-10-29',   0,  35,  116],
['2017-10-30',   0,  34,  117],
['2017-10-31',   0,  31,  120],
['2017-11-01',   0,  31,  121],
['2017-11-02',   0,  29,  122],
['2017-11-03',   0,  29,  122],
['2017-11-04',   0,  28,  124],
['2017-11-05',   0,  29,  122],
['2017-11-06',   0,  29,  122],
['2017-11-07',   0,  25,  126],
['2017-11-08',   0,  25,  126],
['2017-11-09',   0,  23,  128],
['2017-11-10',   0,  23,  128],
['2017-11-11',   0,  26,  125],
['2017-11-12',   0,  25,  126],
['2017-11-13',   0,  29,  122],
['2017-11-14',   0,  25,  126],
['2017-11-15',   0,  24,  127],
['2017-11-16',   0,  23,  129],
['2017-11-17',   0,  34,  117],
['2017-11-18',   0,  34,  117],
['2017-11-19',   0,  34,  117],
['2017-11-20',   0,  33,  118],
['2017-11-21',   0,  33,  119],
['2017-11-22',   0,  31,  120],
['2017-11-23',   0,  29,  122],
['2017-11-24',   0,  27,  124],
['2017-11-25',   0,  20,  131],
['2017-11-26',   0,  20,  132],
['2017-11-27',   0,  20,  132],
['2017-11-28',   0,  11,  140],
['2017-11-29',   0,  8,  144],
['2017-11-30',   0,  6,  145],
['2017-12-01',   0,  5,  146],
['2017-12-02',   0,  3,  148],
['2017-12-03',   0,  3,  148],
['2017-12-04',   0,  3,  149],
['2017-12-05',   0,  2,  149],
['2017-12-06',   0,  2,  149],
['2017-12-07',   0,  2,  149],
['2017-12-08',   0,  1,  150],
['2017-12-09',   0,  1,  150],
['2017-12-10',   0,  0,  151],
['2017-12-11',   0,  0,  151],
['2017-12-12',   0,  0,  151],
['2017-12-13',   0,  0,  151],
['2017-12-14',   0,  0,  151],
['2017-12-15',   0,  0,  151],
['2017-12-16',   0,  0,  151],
['2017-12-17',   0,  0,  151],
['2017-12-18',   0,  0,  151],
['2017-12-19',   0,  0,  151],
['2017-12-20',   0,  0,  151],
['2017-12-21',   0,  0,  151],
['2017-12-22',   0,  0,  151],
['2017-12-23',   0,  0,  151],
['2017-12-24',   0,  0,  151],
['2017-12-25',   0,  0,  151],
['2017-12-26',   0,  0,  151],
['2017-12-27',   0,  0,  151],
['2017-12-28',   0,  0,  151],
['2017-12-29',   0,  0,  151],
['2017-12-30',   0,  0,  151],
['2017-12-31',   0,  0,  151],
['2018-01-01',   0,  0,  151],
['2018-01-02',   0,  0,  151],
['2018-01-03',   0,  0,  151],
['2018-01-04',   0,  0,  151],
['2018-01-05',   0,  0,  151],
['2018-01-06',   0,  0,  151],
['2018-01-07',   0,  0,  151],
['2018-01-08',   0,  0,  151],
['2018-01-09',   0,  0,  151],
['2018-01-10',   0,  0,  151],
['2018-01-11',   0,  0,  151],
['2018-01-12',   0,  0,  151],
['2018-01-13',   0,  0,  151],
['2018-01-14',   0,  0,  151],
['2018-01-15',   0,  0,  151],
['2018-01-16',   0,  0,  151],
['2018-01-17',   0,  0,  151],
['2018-01-18',   0,  0,  151],
['2018-01-19',   0,  0,  151],
['2018-01-20',   0,  0,  151],
['2018-01-21',   0,  0,  151],
['2018-01-22',   0,  0,  151],
['2018-01-23',   0,  0,  151],
['2018-01-24',   0,  0,  151],
['2018-01-25',   0,  0,  151],
['2018-01-26',   0,  0,  151],
['2018-01-27',   0,  0,  151],
['2018-01-28',   0,  0,  151],
['2018-01-29',   0,  0,  151],
['2018-01-30',   0,  0,  151],
['2018-01-31',   0,  0,  151],
['2018-02-01',   0,  0,  151],
['2018-02-02',   0,  0,  151],
['2018-02-03',   0,  0,  151],
['2018-02-04',   0,  0,  151],
['2018-02-05',   0,  0,  151],
['2018-02-06',   0,  0,  151],
['2018-02-07',   0,  0,  151],
['2018-02-08',   0,  0,  151],
['2018-02-09',   0,  0,  151],
['2018-02-10',   0,  0,  151],
['2018-02-11',   0,  0,  151],
['2018-02-12',   0,  0,  151],
['2018-02-13',   0,  0,  151],
['2018-02-14',   0,  0,  151],
['2018-02-15',   0,  0,  151],
['2018-02-16',   0,  0,  151],
['2018-02-17',   0,  0,  151],
['2018-02-18',   0,  0,  151],
['2018-02-19',   0,  0,  151],
['2018-02-20',   0,  0,  151],
['2018-02-21',   0,  0,  151],
['2018-02-22',   0,  0,  151],
['2018-02-23',   0,  0,  151],
['2018-02-24',   0,  0,  151],
['2018-02-25',   0,  0,  151],
['2018-02-26',   0,  0,  151],
['2018-02-27',   0,  0,  151],
['2018-02-28',   0,  0,  151],
['2018-03-01',   0,  0,  151],
['2018-03-02',   0,  0,  151],
['2018-03-03',   0,  0,  151],
['2018-03-04',   0,  0,  151],
['2018-03-05',   0,  0,  151],
['2018-03-06',   0,  0,  151],
['2018-03-07',   0,  0,  151],
['2018-03-08',   0,  0,  151],
['2018-03-09',   0,  0,  151],
['2018-03-10',   0,  0,  151],
['2018-03-11',   0,  0,  151],
['2018-03-12',   0,  0,  151],
['2018-03-13',   0,  0,  151],
['2018-03-14',   0,  0,  151],
['2018-03-15',   0,  0,  151],
['2018-03-16',   0,  0,  151],
['2018-03-17',   0,  0,  151],
['2018-03-18',   0,  0,  151],
['2018-03-19',   0,  0,  151],
['2018-03-20',   0,  0,  151],
['2018-03-21',   0,  0,  151],
['2018-03-22',   0,  0,  151],
['2018-03-23',   0,  0,  151],
['2018-03-24',   0,  0,  151],
['2018-03-25',   0,  0,  151],
['2018-03-26',   0,  0,  151],
['2018-03-27',   0,  0,  151],
['2018-03-28',   0,  0,  151],
['2018-03-29',   0,  0,  151],
['2018-03-30',   0,  0,  151],
['2018-03-31',   0,  0,  151],
['2018-04-01',   0,  0,  151],
['2018-04-02',   0,  0,  151],
['2018-04-03',   0,  0,  151],
['2018-04-04',   0,  0,  151],
['2018-04-05',   0,  0,  151],
['2018-04-06',   0,  0,  151],
['2018-04-07',   0,  0,  151],
['2018-04-08',   0,  0,  151],
['2018-04-09',   0,  0,  151],
['2018-04-10',   0,  0,  151],
['2018-04-11',   0,  0,  151],
['2018-04-12',   0,  0,  151],
['2018-04-13',   0,  0,  151],
['2018-04-14',   0,  0,  151],
['2018-04-15',   0,  0,  151],
['2018-04-16',   0,  0,  151],
['2018-04-17',   0,  0,  151],
['2018-04-18',   0,  0,  151],
['2018-04-19',   0,  0,  151],
['2018-04-20',   0,  0,  151],
['2018-04-21',   0,  0,  151],
['2018-04-22',   0,  0,  151],
['2018-04-23',   0,  0,  151],
['2018-04-24',   0,  0,  151],
['2018-04-25',   0,  0,  151],
['2018-04-26',   0,  0,  151],
['2018-04-27',   0,  0,  151],
['2018-04-28',   0,  0,  151],
['2018-04-29',   0,  0,  151],
['2018-04-30',   0,  0,  151],
['2018-05-01',   0,  0,  151],
['2018-05-02',   0,  0,  151],
['2018-05-03',   0,  0,  151],
['2018-05-04',   0,  0,  151],
['2018-05-05',   0,  0,  151],
['2018-05-06',   0,  0,  151],
['2018-05-07',   0,  0,  151],
['2018-05-08',   0,  0,  151],
['2018-05-09',   0,  0,  151],
['2018-05-10',   0,  0,  151],
['2018-05-11',   0,  0,  151],
['2018-05-12',   0,  0,  151],
['2018-05-13',   0,  0,  151],
['2018-05-14',   0,  0,  151],
['2018-05-15',   0,  0,  151],
['2018-05-16',   0,  0,  151],
['2018-05-17',   0,  0,  151],
['2018-05-18',   0,  0,  151],
['2018-05-19',   0,  0,  151],
['2018-05-20',   0,  0,  151],
['2018-05-21',   0,  0,  151],
['2018-05-22',   0,  0,  151],
['2018-05-23',   0,  0,  151],
['2018-05-24',   0,  0,  151],
['2018-05-25',   0,  0,  151],
['2018-05-26',   0,  0,  151],
['2018-05-27',   0,  0,  151],
['2018-05-28',   0,  0,  151],
['2018-05-29',   0,  0,  151],
['2018-05-30',   0,  0,  151],
['2018-05-31',   0,  0,  151],
['2018-06-01',   0,  0,  151],
['2018-06-02',   0,  0,  151],
['2018-06-03',   0,  0,  151],
['2018-06-04',   0,  0,  151],
['2018-06-05',   0,  0,  151],
['2018-06-06',   0,  0,  151],
['2018-06-07',   0,  0,  151],
['2018-06-08',   0,  0,  151],
['2018-06-09',   0,  0,  151],
['2018-06-10',   0,  0,  151],
['2018-06-11',   0,  0,  151],
['2018-06-12',   0,  0,  151],
['2018-06-13',   0,  0,  151],
['2018-06-14',   0,  0,  151],
['2018-06-15',   0,  0,  151],
['2018-06-16',   0,  0,  151],
['2018-06-17',   0,  0,  151],
['2018-06-18',   0,  0,  151],
['2018-06-19',   0,  0,  151],
['2018-06-20',   0,  0,  151],
['2018-06-21',   0,  0,  151],
['2018-06-22',   0,  0,  151],
['2018-06-23',   0,  0,  151],
['2018-06-24',   0,  0,  151],
['2018-06-25',   0,  0,  151],
['2018-06-26',   0,  0,  151],
['2018-06-27',   0,  0,  151],
['2018-06-28',   0,  0,  151],
['2018-06-29',   0,  0,  151],
['2018-06-30',   0,  0,  151],
['2018-07-01',   0,  0,  151],
['2018-07-02',   0,  0,  151],
['2018-07-03',   0,  0,  151],
['2018-07-04',   0,  0,  151],
['2018-07-05',   0,  0,  151],
['2018-07-06',   0,  0,  151],
['2018-07-07',   0,  0,  151],
['2018-07-08',   0,  0,  151],
['2018-07-09',   0,  0,  151],
['2018-07-10',   0,  0,  151],
['2018-07-11',   0,  0,  151],
['2018-07-12',   0,  0,  151],
['2018-07-13',   0,  0,  151],
['2018-07-14',   0,  0,  151],
['2018-07-15',   0,  0,  151],
['2018-07-16',   0,  0,  151],
['2018-07-17',   0,  0,  151],
['2018-07-18',   0,  0,  151],
['2018-07-19',   0,  0,  151],
['2018-07-20',   0,  0,  151],
['2018-07-21',   0,  0,  151],
['2018-07-22',   0,  0,  151],
['2018-07-23',   0,  0,  151],
['2018-07-24',   0,  0,  151],
['2018-07-25',   0,  0,  151],
['2018-07-26',   0,  0,  151],
['2018-07-27',   0,  0,  151],
['2018-07-28',   0,  0,  151],
['2018-07-29',   0,  0,  151],
['2018-07-30',   0,  0,  151],
['2018-07-31',   0,  0,  151],
['2018-08-01',   0,  0,  151],
['2018-08-02',   0,  0,  151],
['2018-08-03',   0,  0,  151],
['2018-08-04',   0,  0,  151],
['2018-08-05',   0,  0,  151],
['2018-08-06',   0,  0,  151],
['2018-08-07',   0,  0,  151],
['2018-08-08',   0,  0,  151],
['2018-08-09',   0,  0,  151],
['2018-08-10',   0,  0,  151],
['2018-08-11',   0,  0,  151],
['2018-08-12',   0,  0,  151],
['2018-08-13',   0,  0,  151],
['2018-08-14',   0,  0,  151],
['2018-08-15',   0,  0,  151],
['2018-08-16',   0,  0,  151],
['2018-08-17',   0,  0,  151],
['2018-08-18',   0,  0,  151],
['2018-08-19',   0,  0,  151],
['2018-08-20',   0,  0,  151],
['2018-08-21',   0,  0,  151],
['2018-08-22',   0,  0,  151],
['2018-08-23',   0,  0,  151],
['2018-08-24',   0,  0,  151],
['2018-08-25',   0,  0,  151],
['2018-08-26',   0,  0,  151],
['2018-08-27',   0,  0,  151],
['2018-08-28',   0,  0,  151],
['2018-08-29',   0,  0,  151],
['2018-08-30',   0,  0,  151],
['2018-08-31',   0,  0,  151],
['2018-09-01',   0,  0,  151],
['2018-09-02',   0,  0,  151],
['2018-09-03',   0,  0,  151],
['2018-09-04',   0,  0,  151],
['2018-09-05',   0,  0,  151],
['2018-09-06',   0,  0,  151],
['2018-09-07',   0,  0,  151],
['2018-09-08',   0,  0,  151],
['2018-09-09',   0,  0,  151],
['2018-09-10',   0,  0,  151],
['2018-09-11',   0,  0,  151],
['2018-09-12',   0,  0,  151],
['2018-09-13',   0,  0,  151],
['2018-09-14',   0,  0,  151],
['2018-09-15',   0,  0,  151],
['2018-09-16',   0,  0,  151],
['2018-09-17',   0,  0,  151],
['2018-09-18',   0,  0,  151],
['2018-09-19',   0,  0,  151],
['2018-09-20',   0,  0,  151],
['2018-09-21',   0,  0,  151],
['2018-09-22',   0,  0,  151],
['2018-09-23',   0,  0,  151],
['2018-09-24',   0,  0,  151],
['2018-09-25',   0,  0,  151],
['2018-09-26',   0,  0,  151],
['2018-09-27',   0,  0,  151],
['2018-09-28',   0,  0,  151],
['2018-09-29',   0,  0,  151],
['2018-09-30',   0,  0,  151],
['2018-10-01',   0,  0,  151],
['2018-10-02',   0,  0,  151],
['2018-10-03',   0,  0,  151],
['2018-10-04',   0,  0,  151],
['2018-10-05',   0,  0,  151],
['2018-10-06',   0,  0,  151],
['2018-10-07',   0,  0,  151],
['2018-10-08',   0,  0,  151],
['2018-10-09',   0,  0,  151],
['2018-10-10',   0,  0,  151],
['2018-10-11',   0,  0,  151],
['2018-10-12',   0,  0,  151],
['2018-10-13',   0,  0,  151],
['2018-10-14',   0,  0,  151],
['2018-10-15',   0,  0,  151],
['2018-10-16',   0,  0,  151],
['2018-10-17',   0,  0,  151],
['2018-10-18',   0,  0,  151],
['2018-10-19',   0,  0,  151],
['2018-10-20',   0,  0,  151],
['2018-10-21',   0,  0,  151],
['2018-10-22',   0,  0,  151],
['2018-10-23',   0,  0,  151],
['2018-10-24',   0,  0,  151],
['2018-10-25',   0,  0,  151],
['2018-10-26',   0,  0,  151],
['2018-10-27',   0,  0,  151],
['2018-10-28',   0,  0,  151],
['2018-10-29',   0,  0,  151],
['2018-10-30',   0,  0,  151],
['2018-10-31',   0,  0,  151],
['2018-11-01',   0,  0,  151],
['2018-11-02',   0,  0,  151],
['2018-11-03',   0,  0,  151],
['2018-11-04',   0,  0,  151],
['2018-11-05',   0,  0,  151]
        ]);
        var options = {
          title: 'VMAX FAST association report for paerap07_SG',
          chartArea:{left:50,top:50},vAxis:{title:'Gigabytes'},hAxis:{title:'DateTime'}
        };

        var chart = new google.visualization.LineChart(document.getElementById('chart_div'));
        chart.draw(data, options);
      }
    </script>
  </head>
  <body>
    <div id="chart_div" style="width: 1500px; height: 900px;"></div>
  </body>
</html>


^Date^EFD^FC^SATA^
|2018-11-05|0|0|151|
|2018-11-04|0|0|151|
|2018-11-03|0|0|151|
|2018-11-02|0|0|151|
|2018-11-01|0|0|151|
|2018-10-31|0|0|151|
|2018-10-30|0|0|151|
|2018-10-29|0|0|151|
|2018-10-28|0|0|151|
|2018-10-27|0|0|151|
|2018-10-26|0|0|151|
|2018-10-25|0|0|151|
|2018-10-24|0|0|151|
|2018-10-23|0|0|151|
|2018-10-22|0|0|151|
|2018-10-21|0|0|151|
|2018-10-20|0|0|151|
|2018-10-19|0|0|151|
|2018-10-18|0|0|151|
|2018-10-17|0|0|151|
|2018-10-16|0|0|151|
|2018-10-15|0|0|151|
|2018-10-14|0|0|151|
|2018-10-13|0|0|151|
|2018-10-12|0|0|151|
|2018-10-11|0|0|151|
|2018-10-10|0|0|151|
|2018-10-09|0|0|151|
|2018-10-08|0|0|151|
|2018-10-07|0|0|151|
|2018-10-06|0|0|151|
|2018-10-05|0|0|151|
|2018-10-04|0|0|151|
|2018-10-03|0|0|151|
|2018-10-02|0|0|151|
|2018-10-01|0|0|151|
|2018-09-30|0|0|151|
|2018-09-29|0|0|151|
|2018-09-28|0|0|151|
|2018-09-27|0|0|151|
|2018-09-26|0|0|151|
|2018-09-25|0|0|151|
|2018-09-24|0|0|151|
|2018-09-23|0|0|151|
|2018-09-22|0|0|151|
|2018-09-21|0|0|151|
|2018-09-20|0|0|151|
|2018-09-19|0|0|151|
|2018-09-18|0|0|151|
|2018-09-17|0|0|151|
|2018-09-16|0|0|151|
|2018-09-15|0|0|151|
|2018-09-14|0|0|151|
|2018-09-13|0|0|151|
|2018-09-12|0|0|151|
|2018-09-11|0|0|151|
|2018-09-10|0|0|151|
|2018-09-09|0|0|151|
|2018-09-08|0|0|151|
|2018-09-07|0|0|151|
|2018-09-06|0|0|151|
|2018-09-05|0|0|151|
|2018-09-04|0|0|151|
|2018-09-03|0|0|151|
|2018-09-02|0|0|151|
|2018-09-01|0|0|151|
|2018-08-31|0|0|151|
|2018-08-30|0|0|151|
|2018-08-29|0|0|151|
|2018-08-28|0|0|151|
|2018-08-27|0|0|151|
|2018-08-26|0|0|151|
|2018-08-25|0|0|151|
|2018-08-24|0|0|151|
|2018-08-23|0|0|151|
|2018-08-22|0|0|151|
|2018-08-21|0|0|151|
|2018-08-20|0|0|151|
|2018-08-19|0|0|151|
|2018-08-18|0|0|151|
|2018-08-17|0|0|151|
|2018-08-16|0|0|151|
|2018-08-15|0|0|151|
|2018-08-14|0|0|151|
|2018-08-13|0|0|151|
|2018-08-12|0|0|151|
|2018-08-11|0|0|151|
|2018-08-10|0|0|151|
|2018-08-09|0|0|151|
|2018-08-08|0|0|151|
|2018-08-07|0|0|151|
|2018-08-06|0|0|151|
|2018-08-05|0|0|151|
|2018-08-04|0|0|151|
|2018-08-03|0|0|151|
|2018-08-02|0|0|151|
|2018-08-01|0|0|151|
|2018-07-31|0|0|151|
|2018-07-30|0|0|151|
|2018-07-29|0|0|151|
|2018-07-28|0|0|151|
|2018-07-27|0|0|151|
|2018-07-26|0|0|151|
|2018-07-25|0|0|151|
|2018-07-24|0|0|151|
|2018-07-23|0|0|151|
|2018-07-22|0|0|151|
|2018-07-21|0|0|151|
|2018-07-20|0|0|151|
|2018-07-19|0|0|151|
|2018-07-18|0|0|151|
|2018-07-17|0|0|151|
|2018-07-16|0|0|151|
|2018-07-15|0|0|151|
|2018-07-14|0|0|151|
|2018-07-13|0|0|151|
|2018-07-12|0|0|151|
|2018-07-11|0|0|151|
|2018-07-10|0|0|151|
|2018-07-09|0|0|151|
|2018-07-08|0|0|151|
|2018-07-07|0|0|151|
|2018-07-06|0|0|151|
|2018-07-05|0|0|151|
|2018-07-04|0|0|151|
|2018-07-03|0|0|151|
|2018-07-02|0|0|151|
|2018-07-01|0|0|151|
|2018-06-30|0|0|151|
|2018-06-29|0|0|151|
|2018-06-28|0|0|151|
|2018-06-27|0|0|151|
|2018-06-26|0|0|151|
|2018-06-25|0|0|151|
|2018-06-24|0|0|151|
|2018-06-23|0|0|151|
|2018-06-22|0|0|151|
|2018-06-21|0|0|151|
|2018-06-20|0|0|151|
|2018-06-19|0|0|151|
|2018-06-18|0|0|151|
|2018-06-17|0|0|151|
|2018-06-16|0|0|151|
|2018-06-15|0|0|151|
|2018-06-14|0|0|151|
|2018-06-13|0|0|151|
|2018-06-12|0|0|151|
|2018-06-11|0|0|151|
|2018-06-10|0|0|151|
|2018-06-09|0|0|151|
|2018-06-08|0|0|151|
|2018-06-07|0|0|151|
|2018-06-06|0|0|151|
|2018-06-05|0|0|151|
|2018-06-04|0|0|151|
|2018-06-03|0|0|151|
|2018-06-02|0|0|151|
|2018-06-01|0|0|151|
|2018-05-31|0|0|151|
|2018-05-30|0|0|151|
|2018-05-29|0|0|151|
|2018-05-28|0|0|151|
|2018-05-27|0|0|151|
|2018-05-26|0|0|151|
|2018-05-25|0|0|151|
|2018-05-24|0|0|151|
|2018-05-23|0|0|151|
|2018-05-22|0|0|151|
|2018-05-21|0|0|151|
|2018-05-20|0|0|151|
|2018-05-19|0|0|151|
|2018-05-18|0|0|151|
|2018-05-17|0|0|151|
|2018-05-16|0|0|151|
|2018-05-15|0|0|151|
|2018-05-14|0|0|151|
|2018-05-13|0|0|151|
|2018-05-12|0|0|151|
|2018-05-11|0|0|151|
|2018-05-10|0|0|151|
|2018-05-09|0|0|151|
|2018-05-08|0|0|151|
|2018-05-07|0|0|151|
|2018-05-06|0|0|151|
|2018-05-05|0|0|151|
|2018-05-04|0|0|151|
|2018-05-03|0|0|151|
|2018-05-02|0|0|151|
|2018-05-01|0|0|151|
|2018-04-30|0|0|151|
|2018-04-29|0|0|151|
|2018-04-28|0|0|151|
|2018-04-27|0|0|151|
|2018-04-26|0|0|151|
|2018-04-25|0|0|151|
|2018-04-24|0|0|151|
|2018-04-23|0|0|151|
|2018-04-22|0|0|151|
|2018-04-21|0|0|151|
|2018-04-20|0|0|151|
|2018-04-19|0|0|151|
|2018-04-18|0|0|151|
|2018-04-17|0|0|151|
|2018-04-16|0|0|151|
|2018-04-15|0|0|151|
|2018-04-14|0|0|151|
|2018-04-13|0|0|151|
|2018-04-12|0|0|151|
|2018-04-11|0|0|151|
|2018-04-10|0|0|151|
|2018-04-09|0|0|151|
|2018-04-08|0|0|151|
|2018-04-07|0|0|151|
|2018-04-06|0|0|151|
|2018-04-05|0|0|151|
|2018-04-04|0|0|151|
|2018-04-03|0|0|151|
|2018-04-02|0|0|151|
|2018-04-01|0|0|151|
|2018-03-31|0|0|151|
|2018-03-30|0|0|151|
|2018-03-29|0|0|151|
|2018-03-28|0|0|151|
|2018-03-27|0|0|151|
|2018-03-26|0|0|151|
|2018-03-25|0|0|151|
|2018-03-24|0|0|151|
|2018-03-23|0|0|151|
|2018-03-22|0|0|151|
|2018-03-21|0|0|151|
|2018-03-20|0|0|151|
|2018-03-19|0|0|151|
|2018-03-18|0|0|151|
|2018-03-17|0|0|151|
|2018-03-16|0|0|151|
|2018-03-15|0|0|151|
|2018-03-14|0|0|151|
|2018-03-13|0|0|151|
|2018-03-12|0|0|151|
|2018-03-11|0|0|151|
|2018-03-10|0|0|151|
|2018-03-09|0|0|151|
|2018-03-08|0|0|151|
|2018-03-07|0|0|151|
|2018-03-06|0|0|151|
|2018-03-05|0|0|151|
|2018-03-04|0|0|151|
|2018-03-03|0|0|151|
|2018-03-02|0|0|151|
|2018-03-01|0|0|151|
|2018-02-28|0|0|151|
|2018-02-27|0|0|151|
|2018-02-26|0|0|151|
|2018-02-25|0|0|151|
|2018-02-24|0|0|151|
|2018-02-23|0|0|151|
|2018-02-22|0|0|151|
|2018-02-21|0|0|151|
|2018-02-20|0|0|151|
|2018-02-19|0|0|151|
|2018-02-18|0|0|151|
|2018-02-17|0|0|151|
|2018-02-16|0|0|151|
|2018-02-15|0|0|151|
|2018-02-14|0|0|151|
|2018-02-13|0|0|151|
|2018-02-12|0|0|151|
|2018-02-11|0|0|151|
|2018-02-10|0|0|151|
|2018-02-09|0|0|151|
|2018-02-08|0|0|151|
|2018-02-07|0|0|151|
|2018-02-06|0|0|151|
|2018-02-05|0|0|151|
|2018-02-04|0|0|151|
|2018-02-03|0|0|151|
|2018-02-02|0|0|151|
|2018-02-01|0|0|151|
|2018-01-31|0|0|151|
|2018-01-30|0|0|151|
|2018-01-29|0|0|151|
|2018-01-28|0|0|151|
|2018-01-27|0|0|151|
|2018-01-26|0|0|151|
|2018-01-25|0|0|151|
|2018-01-24|0|0|151|
|2018-01-23|0|0|151|
|2018-01-22|0|0|151|
|2018-01-21|0|0|151|
|2018-01-20|0|0|151|
|2018-01-19|0|0|151|
|2018-01-18|0|0|151|
|2018-01-17|0|0|151|
|2018-01-16|0|0|151|
|2018-01-15|0|0|151|
|2018-01-14|0|0|151|
|2018-01-13|0|0|151|
|2018-01-12|0|0|151|
|2018-01-11|0|0|151|
|2018-01-10|0|0|151|
|2018-01-09|0|0|151|
|2018-01-08|0|0|151|
|2018-01-07|0|0|151|
|2018-01-06|0|0|151|
|2018-01-05|0|0|151|
|2018-01-04|0|0|151|
|2018-01-03|0|0|151|
|2018-01-02|0|0|151|
|2018-01-01|0|0|151|
|2017-12-31|0|0|151|
|2017-12-30|0|0|151|
|2017-12-29|0|0|151|
|2017-12-28|0|0|151|
|2017-12-27|0|0|151|
|2017-12-26|0|0|151|
|2017-12-25|0|0|151|
|2017-12-24|0|0|151|
|2017-12-23|0|0|151|
|2017-12-22|0|0|151|
|2017-12-21|0|0|151|
|2017-12-20|0|0|151|
|2017-12-19|0|0|151|
|2017-12-18|0|0|151|
|2017-12-17|0|0|151|
|2017-12-16|0|0|151|
|2017-12-15|0|0|151|
|2017-12-14|0|0|151|
|2017-12-13|0|0|151|
|2017-12-12|0|0|151|
|2017-12-11|0|0|151|
|2017-12-10|0|0|151|
|2017-12-09|0|1|150|
|2017-12-08|0|1|150|
|2017-12-07|0|2|149|
|2017-12-06|0|2|149|
|2017-12-05|0|2|149|
|2017-12-04|0|3|149|
|2017-12-03|0|3|148|
|2017-12-02|0|3|148|
|2017-12-01|0|5|146|
|2017-11-30|0|6|145|
|2017-11-29|0|8|144|
|2017-11-28|0|11|140|
|2017-11-27|0|20|132|
|2017-11-26|0|20|132|
|2017-11-25|0|20|131|
|2017-11-24|0|27|124|
|2017-11-23|0|29|122|
|2017-11-22|0|31|120|
|2017-11-21|0|33|119|
|2017-11-20|0|33|118|
|2017-11-19|0|34|117|
|2017-11-18|0|34|117|
|2017-11-17|0|34|117|
|2017-11-16|0|23|129|
|2017-11-15|0|24|127|
|2017-11-14|0|25|126|
|2017-11-13|0|29|122|
|2017-11-12|0|25|126|
|2017-11-11|0|26|125|
|2017-11-10|0|23|128|
|2017-11-09|0|23|128|
|2017-11-08|0|25|126|
|2017-11-07|0|25|126|
|2017-11-06|0|29|122|
|2017-11-05|0|29|122|
|2017-11-04|0|28|124|
|2017-11-03|0|29|122|
|2017-11-02|0|29|122|
|2017-11-01|0|31|121|
|2017-10-31|0|31|120|
|2017-10-30|0|34|117|
|2017-10-29|0|35|116|
|2017-10-28|0|36|115|
|2017-10-27|0|29|122|
|2017-10-26|0|23|128|
|2017-10-25|0|23|128|
|2017-10-24|0|19|132|
|2017-10-23|0|13|138|
|2017-10-22|0|12|139|
|2017-10-21|0|12|139|
|2017-10-20|0|13|138|
|2017-10-19|0|13|138|
|2017-10-18|0|13|138|
|2017-10-17|0|13|138|
|2017-10-16|0|13|138|
|2017-10-15|0|13|138|
|2017-10-14|0|13|138|
|2017-10-13|0|13|138|
|2017-10-12|0|13|138|
|2017-10-11|0|13|138|
|2017-10-10|0|13|138|
|2017-10-09|0|13|138|
|2017-10-08|0|13|138|
|2017-10-07|0|13|138|
|2017-10-06|0|14|137|
|2017-10-05|0|14|137|
|2017-10-04|0|14|137|
|2017-10-03|0|14|137|
|2017-10-02|0|15|136|
|2017-10-01|0|14|136|
|2017-09-30|0|14|136|
|2017-09-29|0|15|136|
|2017-09-28|1|15|135|
|2017-09-27|1|15|135|
|2017-09-26|1|17|134|
|2017-09-25|1|17|133|
|2017-09-24|1|20|131|
|2017-09-23|1|21|130|
|2017-09-22|1|24|127|
|2017-09-21|1|31|119|
|2017-09-20|1|56|94|
|2017-09-19|1|56|94|
|2017-09-18|1|72|78|
|2017-09-17|1|65|86|
|2017-09-16|1|68|82|
|2017-09-15|1|62|89|
|2017-09-14|1|55|96|
|2017-09-13|1|55|96|
|2017-09-12|1|41|109|
|2017-09-11|1|41|109|
|2017-09-10|1|57|93|
|2017-09-09|1|61|89|
|2017-09-08|1|60|90|
|2017-09-07|1|61|89|
|2017-09-06|1|48|103|
|2017-09-05|1|51|100|
|2017-09-04|1|53|97|
|2017-09-03|1|64|87|
|2017-09-02|1|65|86|
|2017-09-01|1|52|97|
|2017-08-31|1|38|111|
|2017-08-30|1|40|109|
|2017-08-29|1|42|106|
|2017-08-28|1|44|105|
|2017-08-27|1|45|104|
|2017-08-26|1|47|102|
|2017-08-25|1|48|101|
|2017-08-24|1|39|110|
|2017-08-23|1|41|108|
|2017-08-22|1|43|106|
|2017-08-21|1|46|103|
|2017-08-20|1|55|94|
|2017-08-19|1|57|92|
|2017-08-18|1|59|89|
|2017-08-17|1|51|98|
|2017-08-16|1|51|98|
|2017-08-15|1|48|100|
|2017-08-14|1|53|96|
|2017-08-13|1|61|88|
|2017-08-12|1|64|85|
|2017-08-11|1|61|88|
|2017-08-10|1|62|87|
|2017-08-09|1|62|86|
|2017-08-08|1|68|81|
|2017-08-07|1|70|78|
|2017-08-06|1|66|83|
|2017-08-05|1|64|85|
|2017-08-04|1|65|84|
|2017-08-03|1|55|93|
|2017-08-02|1|49|99|
|2017-08-01|1|53|96|
|2017-07-31|1|55|93|
|2017-07-30|1|58|91|
|2017-07-29|1|58|90|
|2017-07-28|1|63|86|
|2017-07-27|1|50|99|
|2017-07-26|1|43|106|
|2017-07-25|1|41|108|
|2017-07-24|1|44|105|
|2017-07-23|1|58|90|
|2017-07-22|1|59|90|
|2017-07-21|1|63|86|
|2017-07-20|1|56|92|
|2017-07-19|1|51|97|
|2017-07-18|1|56|91|
|2017-07-17|1|54|94|
|2017-07-16|1|54|94|
|2017-07-15|1|57|91|
|2017-07-14|1|58|89|
|2017-07-13|1|53|95|
|2017-07-12|1|45|103|
|2017-07-11|1|40|107|
|2017-07-10|1|50|97|
|2017-07-09|1|51|96|
|2017-07-08|1|51|96|
|2017-07-07|1|53|94|
|2017-07-06|1|45|102|
|2017-07-05|1|44|104|
|2017-07-04|1|55|92|
|2017-07-03|1|62|85|
|2017-07-02|1|65|83|
|2017-07-01|1|66|81|
|2017-06-30|1|51|97|
|2017-06-29|1|53|94|
|2017-06-28|1|42|105|
|2017-06-27|1|47|100|
|2017-06-26|1|49|98|
|2017-06-25|1|52|95|
|2017-06-24|1|55|92|
|2017-06-23|1|56|91|
|2017-06-22|1|49|98|
|2017-06-21|1|40|107|
|2017-06-20|1|39|108|
|2017-06-19|1|46|101|
|2017-06-18|1|52|95|
|2017-06-17|1|55|92|
|2017-06-16|1|47|100|
|2017-06-15|1|47|100|
|2017-06-14|1|48|99|
|2017-06-13|1|40|107|
|2017-06-12|1|45|102|
|2017-06-11|1|53|94|
|2017-06-10|1|56|91|
|2017-06-09|1|52|95|
|2017-06-08|1|47|100|
|2017-06-07|1|53|94|
|2017-06-06|1|56|91|
|2017-06-05|1|56|90|
|2017-06-04|1|57|90|
|2017-06-03|1|52|95|
|2017-06-02|1|50|97|
|2017-06-01|1|43|104|
|2017-05-31|1|43|104|
|2017-05-30|1|39|107|
|2017-05-29|1|47|100|
|2017-05-28|1|57|90|
|2017-05-27|1|62|85|
|2017-05-26|1|64|83|
|2017-05-25|1|52|95|
|2017-05-24|1|52|95|
|2017-05-23|1|46|101|
|2017-05-22|1|53|94|
|2017-05-21|1|60|87|
|2017-05-20|1|58|89|
|2017-05-19|1|52|95|
|2017-05-18|1|50|97|
|2017-05-17|1|49|98|
|2017-05-16|1|42|105|
|2017-05-15|1|48|98|
|2017-05-14|1|51|95|
|2017-05-13|1|46|100|
|2017-05-12|1|47|99|
|2017-05-11|1|40|106|
|2017-05-10|1|41|105|
|2017-05-09|1|53|93|
|2017-05-08|1|55|91|
|2017-05-07|1|59|87|
|2017-05-06|1|51|95|
|2017-05-05|1|51|95|
|2017-05-04|1|44|101|
|2017-05-03|1|40|105|
|2017-05-02|1|34|111|
|2017-05-01|1|42|102|
|2017-04-30|1|47|97|
|2017-04-29|1|50|94|
|2017-04-28|1|45|99|
|2017-04-27|1|42|102|
|2017-04-26|1|39|104|
|2017-04-25|1|53|91|
|2017-04-24|1|56|87|
|2017-04-23|1|59|85|
|2017-04-22|1|63|80|
|2017-04-21|1|66|78|
|2017-04-20|1|57|86|
|2017-04-19|1|54|87|
|2017-04-18|1|54|82|
|2017-04-17|1|58|79|
|2017-04-16|2|51|75|
|2017-04-15|1|47|79|
|2017-04-14|1|43|83|
|2017-04-13|1|49|78|
|2017-04-12|1|49|78|
|2017-04-11|1|52|75|
|2017-04-10|1|47|79|
|2017-04-09|2|55|70|
|2017-04-08|1|50|75|
|2017-04-07|1|47|78|
|2017-04-06|1|50|75|
|2017-04-05|2|54|71|
|2017-04-04|2|56|68|
|2017-04-03|2|56|66|
|2017-04-02|2|56|64|
|2017-04-01|2|59|62|
|2017-03-31|2|57|64|
|2017-03-30|2|47|71|
|2017-03-29|2|47|71|
|2017-03-28|2|51|67|
|2017-03-27|2|52|65|
|2017-03-26|2|53|64|
|2017-03-25|2|50|67|
|2017-03-24|2|47|69|
|2017-03-23|2|39|74|
|2017-03-22|2|38|74|
|2017-03-21|2|35|78|
|2017-03-20|2|36|76|
|2017-03-19|2|45|66|
|2017-03-18|1|46|66|
|2017-03-17|1|44|69|
|2017-03-16|1|41|72|
|2017-03-15|1|40|72|
|2017-03-14|1|40|72|
|2017-03-13|1|44|68|
|2017-03-12|1|45|68|
|2017-03-11|1|46|67|
|2017-03-10|1|43|69|
|2017-03-09|1|42|70|
|2017-03-08|1|42|70|
|2017-03-07|1|45|67|
|2017-03-06|1|41|69|
|2017-03-05|1|43|68|
|2017-03-04|1|37|74|
|2017-03-03|1|34|76|
|2017-03-02|1|33|78|
|2017-03-01|1|31|80|
|2017-02-28|1|29|82|
|2017-02-27|1|23|87|
|2017-02-26|1|30|80|
|2017-02-25|1|30|80|
|2017-02-24|1|29|82|
|2017-02-23|1|25|85|
|2017-02-22|1|25|86|
|2017-02-21|1|25|86|
|2017-02-20|1|32|79|
|2017-02-19|1|32|79|
|2017-02-18|1|34|77|
|2017-02-17|1|29|82|
|2017-02-16|1|26|85|
|2017-02-15|1|25|85|
|2017-02-14|1|25|85|
|2017-02-13|1|32|78|
|2017-02-12|1|32|78|
|2017-02-11|1|33|77|
|2017-02-10|1|33|77|
|2017-02-09|1|28|83|
|2017-02-08|1|29|82|
|2017-02-07|1|27|84|
|2017-02-06|1|33|78|
|2017-02-05|1|32|79|
|2017-02-04|1|29|82|
|2017-02-03|1|27|84|
|2017-02-02|1|25|86|
|2017-02-01|1|25|86|
|2017-01-31|1|26|84|
|2017-01-30|1|31|80|
|2017-01-29|1|31|79|
|2017-01-28|1|31|79|
|2017-01-27|1|29|82|
|2017-01-26|1|23|88|
|2017-01-25|1|23|88|
|2017-01-24|1|21|89|
|2017-01-23|1|24|86|
|2017-01-22|1|32|78|
|2017-01-21|1|35|76|
|2017-01-20|1|32|79|
|2017-01-19|1|26|84|
|2017-01-18|1|26|83|
|2017-01-17|1|30|79|
|2017-01-16|1|33|76|
|2017-01-15|1|38|71|
|2017-01-14|1|38|71|
|2017-01-13|1|35|74|
|2017-01-12|1|37|72|
|2017-01-11|1|38|70|
|2017-01-10|1|43|66|
|2017-01-09|1|43|66|
|2017-01-08|1|44|65|
|2017-01-07|1|44|64|
|2017-01-06|1|41|67|
|2017-01-05|1|32|76|
|2017-01-04|1|33|76|
|2017-01-03|1|30|79|
|2017-01-02|1|30|79|
|2017-01-01|1|32|76|
|2016-12-31|1|28|81|
|2016-12-30|1|28|81|
|2016-12-29|1|25|84|
|2016-12-28|1|25|84|
|2016-12-27|1|21|87|
|2016-12-26|1|21|87|
|2016-12-25|1|30|79|
|2016-12-24|1|30|79|
|2016-12-23|1|25|84|
|2016-12-22|1|25|84|
|2016-12-21|1|27|82|
|2016-12-20|1|28|81|
|2016-12-19|1|32|76|
|2016-12-18|1|32|76|
|2016-12-17|1|33|75|
|2016-12-16|1|28|80|
|2016-12-15|1|28|81|
|2016-12-14|1|28|81|
|2016-12-13|1|28|80|
|2016-12-12|1|30|78|
|2016-12-11|1|32|77|
|2016-12-10|1|30|79|
|2016-12-09|1|31|78|
|2016-12-08|1|30|78|
|2016-12-07|1|31|78|
|2016-12-06|1|33|75|
|2016-12-05|1|33|76|
|2016-12-04|1|34|75|
|2016-12-03|1|30|78|
|2016-12-02|1|31|78|
|2016-12-01|1|26|82|
|2016-11-30|1|26|82|
|2016-11-29|1|28|80|
|2016-11-28|1|33|76|
|2016-11-27|1|33|76|
|2016-11-26|1|33|76|
|2016-11-25|1|33|76|
|2016-11-24|1|23|86|
|2016-11-23|1|23|86|
|2016-11-22|1|23|86|
|2016-11-21|1|22|87|
|2016-11-20|1|31|78|
|2016-11-19|1|31|78|
|2016-11-18|1|27|81|
|2016-11-17|1|23|86|
|2016-11-16|1|23|86|
|2016-11-15|1|17|91|
|2016-11-14|1|25|83|
|2016-11-13|1|35|74|
|2016-11-12|1|36|73|
|2016-11-11|1|36|73|
|2016-11-10|1|30|79|
|2016-11-09|1|30|78|
|2016-11-08|1|31|78|
|2016-11-07|1|36|72|
|2016-11-06|1|35|74|
|2016-11-05|1|33|76|
|2016-11-04|1|29|80|
|2016-11-03|1|27|82|
|2016-11-02|1|27|82|
|2016-11-01|1|29|80|
|2016-10-31|1|32|77|
|2016-10-30|1|33|76|
|2016-10-29|1|33|76|
|2016-10-28|1|32|77|
|2016-10-27|1|24|85|
|2016-10-26|1|24|85|
|2016-10-25|1|23|86|
|2016-10-24|1|26|83|
|2016-10-23|1|31|78|
|2016-10-22|1|31|77|
|2016-10-21|1|26|82|
|2016-10-20|1|23|85|
|2016-10-19|1|23|85|
|2016-10-18|1|23|86|
|2016-10-17|1|19|90|
|2016-10-16|1|19|89|
|2016-10-15|1|26|83|
|2016-10-14|1|30|79|
|2016-10-13|1|31|78|
|2016-10-12|1|33|75|
|2016-10-11|1|38|71|
|2016-10-10|1|38|71|
|2016-10-09|1|33|75|
|2016-10-08|1|30|78|
|2016-10-07|1|30|78|
|2016-10-06|1|30|78|
|2016-10-05|1|30|79|
|2016-10-04|1|27|82|
|2016-10-03|1|29|79|
|2016-10-02|1|31|77|
|2016-10-01|1|27|81|
|2016-09-30|1|25|83|
|2016-09-29|1|25|83|
|2016-09-28|1|25|83|
|2016-09-27|1|30|77|
|2016-09-26|1|36|72|
|2016-09-25|1|36|71|
|2016-09-24|1|36|72|
|2016-09-23|1|36|72|
|2016-09-22|1|34|74|
|2016-09-21|1|34|74|
|2016-09-20|1|35|73|
|2016-09-19|1|36|72|
|2016-09-18|1|36|72|
|2016-09-17|1|34|74|
|2016-09-16|1|34|74|
|2016-09-15|1|32|76|
|2016-09-14|1|31|76|
|2016-09-13|1|30|77|
|2016-09-12|1|36|72|
|2016-09-11|1|36|72|
|2016-09-10|1|36|72|
|2016-09-09|1|33|75|
|2016-09-08|1|32|76|
|2016-09-07|1|32|76|
|2016-09-06|1|33|75|
|2016-09-05|1|36|72|
|2016-09-04|1|36|72|
|2016-09-03|1|36|72|
|2016-09-02|1|35|73|
|2016-09-01|1|35|73|
|2016-08-31|1|34|74|
|2016-08-30|1|35|73|
|2016-08-29|1|35|73|
|2016-08-28|1|35|73|
|2016-08-27|1|32|75|
|2016-08-26|1|32|76|
|2016-08-25|1|33|75|
|2016-08-24|1|33|75|
|2016-08-23|1|34|74|
|2016-08-22|1|36|72|
|2016-08-21|1|36|72|
|2016-08-20|1|35|73|
|2016-08-19|1|34|73|
|2016-08-18|1|34|73|
|2016-08-17|1|35|73|
|2016-08-16|1|35|73|
|2016-08-15|1|36|72|
|2016-08-14|1|36|72|
|2016-08-13|1|37|71|
|2016-08-12|1|35|73|
|2016-08-11|1|35|73|
|2016-08-10|1|35|73|
|2016-08-09|1|38|70|
|2016-08-08|1|37|71|
|2016-08-07|1|37|71|
|2016-08-06|1|37|71|
|2016-08-05|1|38|70|
|2016-08-04|1|36|71|
|2016-08-03|1|36|71|
|2016-08-02|1|33|74|
|2016-08-01|1|35|73|
|2016-07-31|1|36|72|
|2016-07-30|1|36|72|
|2016-07-29|1|34|74|
|2016-07-28|1|33|75|
|2016-07-27|1|33|74|
|2016-07-26|1|34|73|
|2016-07-25|1|36|72|
|2016-07-24|1|36|72|
|2016-07-23|1|36|72|
|2016-07-22|1|34|74|
|2016-07-21|1|32|76|
|2016-07-20|1|29|79|
|2016-07-19|1|31|77|
|2016-07-18|1|35|73|
|2016-07-17|1|36|72|
|2016-07-16|1|36|72|
|2016-07-15|1|36|72|
|2016-07-14|1|35|73|
|2016-07-13|1|35|73|
|2016-07-12|1|35|73|
|2016-07-11|1|33|75|
|2016-07-10|1|34|74|
|2016-07-09|1|33|74|
|2016-07-08|1|32|76|
|2016-07-07|1|32|75|
|2016-07-06|1|32|75|
|2016-07-05|1|35|73|
|2016-07-04|1|35|73|
|2016-07-03|1|35|73|
|2016-07-02|1|34|74|
|2016-07-01|1|34|74|
|2016-06-30|1|34|74|
|2016-06-29|1|30|78|
|2016-06-28|1|30|78|
|2016-06-27|1|30|78|
|2016-06-26|1|30|78|
|2016-06-25|1|29|79|
|2016-06-24|1|29|79|
|2016-06-23|1|30|77|
|2016-06-22|1|30|77|
|2016-06-21|1|30|77|
|2016-06-20|1|31|76|
|2016-06-19|1|35|73|
|2016-06-18|1|35|73|
|2016-06-17|1|34|74|
|2016-06-16|1|34|74|
|2016-06-15|1|34|73|
|2016-06-14|1|35|73|
|2016-06-13|1|35|73|
|2016-06-12|1|35|73|
|2016-06-11|1|32|76|
|2016-06-10|1|32|76|
|2016-06-09|1|31|77|
|2016-06-08|1|31|77|
|2016-06-07|1|32|76|
|2016-06-06|1|32|76|
|2016-06-05|1|32|76|
|2016-06-04|1|32|76|
|2016-06-03|1|32|76|
|2016-06-02|1|32|76|
|2016-06-01|1|32|76|
|2016-05-31|1|31|77|
|2016-05-30|1|33|75|
|2016-05-29|1|33|75|
|2016-05-28|1|33|75|
|2016-05-27|1|34|74|
|2016-05-26|1|34|74|
|2016-05-25|1|34|74|
|2016-05-24|1|34|74|
|2016-05-23|1|35|73|
|2016-05-22|1|35|73|
|2016-05-21|1|35|73|
|2016-05-20|1|34|74|
|2016-05-19|1|34|74|
|2016-05-18|1|34|73|
|2016-05-17|1|34|73|
|2016-05-16|1|35|73|
|2016-05-15|1|35|73|
|2016-05-14|1|34|74|
|2016-05-13|1|34|74|
|2016-05-12|1|33|74|
|2016-05-11|1|34|74|
|2016-05-10|1|33|74|
|2016-05-09|1|33|74|
|2016-05-08|1|35|73|
|2016-05-07|1|35|73|
|2016-05-06|1|35|72|
|2016-05-05|1|34|73|
|2016-05-04|1|35|73|
|2016-05-03|1|34|73|
|2016-05-02|1|35|72|
|2016-05-01|1|35|72|
|2016-04-30|1|35|72|
|2016-04-29|1|35|73|
|2016-04-28|1|34|74|
|2016-04-27|1|34|74|
|2016-04-26|2|33|74|
|2016-04-25|1|35|73|
|2016-04-24|1|36|71|
|2016-04-23|1|36|71|
|2016-04-22|1|35|73|
|2016-04-21|1|35|73|
|2016-04-20|1|35|73|
|2016-04-19|2|31|76|
|2016-04-18|1|35|72|
|2016-04-17|1|35|72|
|2016-04-16|1|35|72|
|2016-04-15|1|33|75|
|2016-04-14|2|35|73|
|2016-04-13|2|34|73|
|2016-04-12|2|34|73|
|2016-04-11|2|37|70|
|2016-04-10|2|37|70|
|2016-04-09|2|37|70|
|2016-04-08|2|37|70|
|2016-04-07|2|37|70|
|2016-04-06|2|37|70|
|2016-04-05|2|37|70|
|2016-04-04|2|38|69|
|2016-04-03|2|38|69|
|2016-04-02|2|38|69|
|2016-04-01|2|37|69|
|2016-03-31|2|36|70|
|2016-03-30|2|37|70|
|2016-03-29|2|35|71|
|2016-03-28|2|36|71|
|2016-03-27|2|37|69|
|2016-03-26|2|37|69|
|2016-03-25|2|37|70|
|2016-03-24|2|37|70|
|2016-03-23|2|37|70|
|2016-03-22|2|37|69|
|2016-03-21|2|37|69|
|2016-03-20|2|37|69|
|2016-03-19|2|37|69|
|2016-03-18|2|37|70|
|2016-03-17|2|37|70|
|2016-03-16|2|37|70|
|2016-03-15|2|37|70|
|2016-03-14|2|38|69|
|2016-03-13|2|38|69|
|2016-03-12|2|37|69|
|2016-03-11|2|37|69|
|2016-03-10|2|37|69|
|2016-03-09|2|38|69|
|2016-03-08|2|38|69|
|2016-03-07|2|38|69|
|2016-03-06|2|37|69|
|2016-03-05|2|40|67|
|2016-03-04|3|39|67|
|2016-03-03|2|39|67|
|2016-03-02|2|39|67|
|2016-03-01|3|39|67|
|2016-02-29|3|40|67|
|2016-02-28|3|40|66|
|2016-02-27|3|40|66|
|2016-02-26|3|40|66|
|2016-02-25|3|40|66|
|2016-02-24|3|40|66|
|2016-02-23|3|41|65|
|2016-02-22|3|42|64|
|2016-02-21|3|39|67|
|2016-02-20|3|36|70|
|2016-02-19|3|37|69|
|2016-02-18|3|40|66|
|2016-02-17|3|42|64|
|2016-02-16|3|41|64|
|2016-02-15|3|41|64|
|2016-02-14|3|41|64|
|2016-02-13|3|41|65|
|2016-02-12|3|41|65|
|2016-02-11|3|41|65|
|2016-02-10|3|40|66|
|2016-02-09|3|40|65|
|2016-02-08|3|40|65|
|2016-02-07|3|40|65|
|2016-02-06|3|40|65|
|2016-02-05|3|35|71|
|2016-02-04|3|34|71|
|2016-02-03|3|36|70|
|2016-02-02|3|36|69|
|2016-02-01|3|37|69|
|2016-01-31|3|37|69|
|2016-01-30|3|34|72|
|2016-01-29|3|32|74|
|2016-01-28|3|31|75|
|2016-01-27|3|28|78|
|2016-01-26|3|33|72|
|2016-01-25|3|35|70|
|2016-01-24|3|37|69|
|2016-01-23|3|37|68|
|2016-01-22|3|37|69|
|2016-01-21|3|38|67|
|2016-01-20|3|37|68|
|2016-01-19|3|38|68|
|2016-01-18|3|38|68|
|2016-01-17|3|38|68|
|2016-01-16|3|37|69|
|2016-01-15|3|37|68|
|2016-01-14|3|36|70|
|2016-01-13|3|37|68|
|2016-01-12|3|37|69|
|2016-01-11|3|38|67|
|2016-01-10|3|39|67|
|2016-01-09|3|39|67|
|2016-01-08|2|40|67|
|2016-01-07|2|39|68|
|2016-01-06|2|39|68|
|2016-01-05|2|39|68|
|2016-01-04|2|39|68|
|2016-01-03|2|40|67|
|2016-01-02|2|40|67|
|2016-01-01|2|41|66|
|2015-12-31|2|41|66|
|2015-12-30|2|42|65|
|2015-12-29|2|42|65|
|2015-12-28|2|42|65|
|2015-12-27|2|43|64|
|2015-12-26|2|43|64|
|2015-12-25|2|42|65|
|2015-12-24|2|42|65|
|2015-12-23|2|43|64|
|2015-12-22|2|43|64|
|2015-12-21|2|44|63|
|2015-12-20|2|44|63|
|2015-12-19|2|43|64|
|2015-12-18|1|43|65|
|2015-12-17|1|42|66|
|2015-12-16|1|42|66|
|2015-12-15|1|42|66|
|2015-12-14|1|43|65|
|2015-12-13|1|44|64|
|2015-12-12|1|44|63|
|2015-12-11|1|44|63|
|2015-12-10|1|44|64|
|2015-12-09|1|43|64|
|2015-12-08|1|44|64|
|2015-12-07|1|44|64|
|2015-12-06|1|41|66|
|2015-12-05|1|41|66|
|2015-12-04|1|39|68|
|2015-12-03|1|36|72|
|2015-12-02|1|36|71|
|2015-12-01|1|36|71|
|2015-11-30|1|39|69|
|2015-11-29|1|43|65|
|2015-11-28|1|43|64|
|2015-11-27|1|43|64|
|2015-11-26|1|38|69|
|2015-11-25|1|40|67|
|2015-11-24|1|40|67|
|2015-11-23|1|39|68|
|2015-11-22|1|35|73|
|2015-11-21|1|35|73|
|2015-11-20|1|35|73|
|2015-11-19|1|40|68|
|2015-11-18|1|40|68|
|2015-11-17|1|40|67|
|2015-11-16|1|40|67|
|2015-11-15|1|40|67|
|2015-11-14|1|42|66|
|2015-11-13|1|40|68|
|2015-11-09|1|42|65|
|2015-11-08|1|45|63|
|2015-11-07|1|45|62|
|2015-11-06|1|46|62|
|2015-11-05|1|43|64|
|2015-11-04|1|42|65|
|2015-11-03|1|42|65|
|2015-11-02|1|42|65|
|2015-11-01|1|43|64|
|2015-10-31|1|44|63|
|2015-10-30|1|44|63|
|2015-10-29|1|44|63|
|2015-10-28|1|45|61|
|2015-10-27|1|46|61|
|2015-10-26|1|46|61|
|2015-10-25|1|43|64|
|2015-10-24|1|42|65|
|2015-10-23|1|41|65|
|2015-10-22|1|36|71|
|2015-10-21|1|38|69|
|2015-10-20|1|38|69|
|2015-10-19|1|37|69|
|2015-10-18|1|38|69|
|2015-10-17|1|38|69|
|2015-10-16|1|37|70|
|2015-10-15|1|37|70|
|2015-10-14|1|39|68|
|2015-10-13|1|42|65|
|2015-10-12|1|42|65|
|2015-10-11|1|44|63|
|2015-10-10|1|41|66|
|2015-10-09|1|41|66|
|2015-10-08|1|39|68|
|2015-10-07|1|42|65|
|2015-10-06|1|44|63|
|2015-10-05|1|46|61|
|2015-10-04|1|48|59|
|2015-10-03|1|49|58|
|2015-10-02|1|44|63|
|2015-10-01|1|42|65|
|2015-09-30|1|34|73|
|2015-09-29|1|31|76|
|2015-09-28|1|37|69|
|2015-09-27|1|39|67|
|2015-09-26|1|45|62|
|2015-09-25|1|45|61|
|2015-09-24|1|44|63|
|2015-09-23|1|42|65|
|2015-09-22|1|41|66|
|2015-09-21|1|45|62|
|2015-09-20|1|48|59|
|2015-09-19|1|46|61|
|2015-09-18|1|43|64|
|2015-09-17|1|44|63|
|2015-09-16|1|49|58|
|2015-09-15|1|49|58|
|2015-09-14|1|49|58|
|2015-09-13|1|44|63|
|2015-09-12|1|44|63|
|2015-09-11|1|40|67|
|2015-09-10|1|37|70|
|2015-09-09|1|44|63|
|2015-09-08|1|47|60|
|2015-09-07|1|47|60|
|2015-09-06|1|46|61|
|2015-09-05|1|44|63|
|2015-09-04|1|42|65|
|2015-09-03|1|42|65|
|2015-09-02|1|47|60|
|2015-09-01|1|46|61|
|2015-08-17|1|51|56|
|2015-08-16|1|51|56|
|2015-08-15|1|46|61|
|2015-08-14|1|43|64|
|2015-08-13|1|44|61|
|2015-08-12|1|42|63|
|2015-08-11|1|44|61|
|2015-08-10|1|48|57|
|2015-08-09|1|49|56|
|2015-08-08|1|44|60|
|2015-08-07|1|44|60|
|2015-08-06|1|41|62|
|2015-08-05|1|37|66|
|2015-08-04|1|42|62|
|2015-08-03|1|43|60|
|2015-08-02|1|43|60|
|2015-08-01|1|39|64|
|2015-07-31|1|39|64|
|2015-07-30|1|37|65|
|2015-07-29|1|37|65|
|2015-07-28|1|38|63|
|2015-07-27|1|44|58|
|2015-07-26|1|47|55|
|2015-07-25|1|50|52|
|2015-07-24|1|49|53|
|2015-07-23|1|45|56|
|2015-07-22|1|44|58|
|2015-07-21|1|44|58|
|2015-07-20|1|47|55|
|2015-07-19|1|45|56|
|2015-07-18|1|44|58|
|2015-07-17|1|40|61|
|2015-07-16|1|40|62|
|2015-07-15|1|42|60|
|2015-07-14|1|44|58|
|2015-07-13|1|44|57|
|2015-07-12|1|43|58|
|2015-07-11|1|44|58|
|2015-07-10|1|42|60|
|2015-07-09|1|42|60|
|2015-07-08|1|37|65|
|2015-07-07|1|37|64|
|2015-07-06|1|40|62|
|2015-07-05|1|39|62|
|2015-07-04|1|43|58|
|2015-07-03|1|44|58|
|2015-07-02|1|44|58|
|2015-07-01|1|46|55|
|2015-06-30|1|47|55|
|2015-06-29|1|47|55|
|2015-06-28|1|47|54|
|2015-06-27|1|47|54|
|2015-06-26|1|45|57|
|2015-06-25|1|44|57|
|2015-06-24|1|46|55|
|2015-06-23|1|50|52|
|2015-06-22|1|50|51|
|2015-06-21|1|50|51|
|2015-06-20|1|50|52|
|2015-06-19|1|50|52|
|2015-06-18|1|38|64|
|2015-06-17|1|37|64|
|2015-06-16|1|40|61|
|2015-06-15|1|45|57|
|2015-06-14|1|45|56|
|2015-06-13|1|43|59|
|2015-06-12|1|43|59|
|2015-06-11|1|37|64|
|2015-06-10|1|32|69|
|2015-06-09|1|33|68|
|2015-06-08|1|40|61|
|2015-06-07|1|45|56|
|2015-06-06|1|46|55|
|2015-06-05|1|45|56|
|2015-06-04|1|45|56|
|2015-06-03|1|40|61|
|2015-06-02|1|40|61|
|2015-06-01|1|44|57|
|2015-05-31|1|43|58|
|2015-05-30|1|40|60|
|2015-05-29|1|41|60|
|2015-05-28|1|40|60|
|2015-05-27|1|40|60|
|2015-05-26|1|39|62|
|2015-05-25|1|41|59|
|2015-05-24|1|48|52|
|2015-05-23|1|45|56|
|2015-05-22|1|45|55|
|2015-05-21|1|44|57|
|2015-05-20|1|48|53|
|2015-05-19|1|47|53|
|2015-05-18|1|50|51|
|2015-05-17|1|52|48|
|2015-05-16|1|50|51|
|2015-05-15|1|49|52|
|2015-05-14|1|47|54|
|2015-05-13|1|41|56|
|2015-05-12|1|42|56|
|2015-05-11|1|45|53|
|2015-05-10|1|43|54|
|2015-05-09|1|43|54|
|2015-05-08|1|43|54|
|2015-05-07|1|39|58|
|2015-05-06|1|34|64|
|2015-05-05|1|33|64|
|2015-05-04|1|32|65|
|2015-05-03|1|40|57|
|2015-05-02|1|40|57|
|2015-05-01|1|40|57|
|2015-04-30|1|43|54|
|2015-04-29|1|44|53|
|2015-04-28|1|44|53|
|2015-04-27|1|45|52|
|2015-04-26|1|45|51|
|2015-04-25|1|46|51|
|2015-04-24|1|45|52|
|2015-04-23|1|42|56|
|2015-04-22|1|41|56|
|2015-04-21|1|42|55|
|2015-04-20|1|45|52|
|2015-04-19|1|46|52|
|2015-04-18|1|46|52|
|2015-04-17|1|46|52|
|2015-04-16|1|42|55|
|2015-04-15|1|42|55|
|2015-04-14|1|43|54|
|2015-04-13|1|43|53|
|2015-04-12|1|44|52|
|2015-04-11|1|44|52|
|2015-04-10|1|44|52|
|2015-04-09|1|44|52|
|2015-04-08|1|44|52|
|2015-04-07|1|43|53|
|2015-04-06|1|44|52|
|2015-04-05|1|44|52|
|2015-04-04|1|44|52|
|2015-04-03|1|43|53|
|2015-04-02|1|43|53|
|2015-04-01|1|43|53|
|2015-03-31|1|44|53|
|2015-03-30|1|44|52|
|2015-03-29|1|43|53|
|2015-03-28|1|41|55|
|2015-03-27|1|37|59|
|2015-03-26|1|38|58|
|2015-03-25|1|39|57|
|2015-03-24|1|44|53|
|2015-03-23|1|44|53|
|2015-03-22|1|44|52|
|2015-03-21|1|40|56|
|2015-03-20|1|40|56|
|2015-03-19|1|39|57|
|2015-03-18|1|37|59|
|2015-03-17|1|38|58|
|2015-03-16|1|40|57|
|2015-03-15|1|41|55|
|2015-03-14|1|41|56|
|2015-03-13|1|39|57|
|2015-03-12|1|38|58|
|2015-03-11|1|34|63|
|2015-03-10|1|33|63|
|2015-03-09|1|36|60|
|2015-03-08|1|35|61|
|2015-03-07|1|40|56|
|2015-03-06|1|40|56|
|2015-03-05|1|38|58|
|2015-03-04|1|38|58|
|2015-03-03|1|38|58|
|2015-03-02|1|38|58|
|2015-03-01|1|41|56|
|2015-02-28|1|40|56|
|2015-02-27|1|40|56|
|2015-02-26|1|42|55|
|2015-02-25|1|42|54|
|2015-02-24|1|41|55|
|2015-02-23|1|40|56|
|2015-02-22|1|39|57|
|2015-02-21|1|42|55|
|2015-02-20|1|42|55|
|2015-02-19|1|45|51|
|2015-02-18|1|46|50|
|2015-02-17|1|46|50|
|2015-02-16|1|47|49|
|2015-02-15|1|43|53|
|2015-02-14|1|44|52|
|2015-02-13|1|43|53|
|2015-02-12|1|49|47|
|2015-02-11|1|50|46|
|2015-02-10|1|53|41|
|2015-02-09|1|52|42|
|2015-02-08|1|54|40|
|2015-02-07|1|54|40|
|2015-02-06|1|56|38|
|2015-02-05|1|57|37|
|2015-02-04|1|52|42|
|2015-02-03|1|53|41|
|2015-02-02|1|54|40|
|2015-02-01|1|53|41|
|2015-01-31|1|46|48|
|2015-01-30|1|37|57|
|2015-01-29|1|50|44|
|2015-01-28|1|49|45|
|2015-01-27|1|62|32|
|2015-01-26|1|62|32|
|2015-01-25|1|62|32|
|2015-01-24|1|61|32|
|2015-01-23|1|62|32|
|2015-01-22|1|61|33|
|2015-01-21|1|60|34|
|2015-01-20|1|59|35|
|2015-01-19|1|55|39|
|2015-01-18|1|54|39|
|2015-01-17|1|59|35|
|2015-01-16|1|58|36|
|2015-01-15|1|58|36|
|2015-01-14|1|58|36|
|2015-01-13|1|60|34|
|2015-01-12|1|62|32|
|2015-01-11|1|63|30|
|2015-01-10|1|63|31|
|2015-01-09|1|64|30|
|2015-01-08|1|63|31|
|2015-01-07|1|63|31|
|2015-01-06|2|61|32|
|2015-01-05|2|61|32|
|2015-01-04|2|54|40|
|2015-01-03|2|52|41|
|2015-01-02|2|52|41|
|2015-01-01|2|54|39|
|2014-12-31|2|57|36|
|2014-12-30|2|60|34|
|2014-12-29|2|60|33|
|2014-12-28|2|72|21|
|2014-12-27|2|73|21|
|2014-12-26|2|73|20|
|2014-12-25|2|73|20|
|2014-12-24|1|74|19|
|2014-12-23|1|76|18|
|2014-12-22|1|68|26|
|2014-12-21|1|58|36|
|2014-12-20|1|48|46|
|2014-12-19|1|42|51|
|2014-12-18|1|41|52|
|2014-12-17|1|42|51|
|2014-12-16|1|42|51|
|2014-12-15|1|41|52|
|2014-12-14|1|41|52|
|2014-12-13|1|41|52|
|2014-12-12|1|41|52|
|2014-12-11|1|41|52|
|2014-12-10|1|41|52|
|2014-12-09|1|42|51|
|2014-12-08|1|42|51|
|2014-12-07|1|41|52|
|2014-12-06|1|38|55|
|2014-12-05|1|38|55|
|2014-12-04|1|39|54|
|2014-12-03|1|40|53|
|2014-12-02|1|40|53|
|2014-12-01|1|39|54|
|2014-11-30|1|38|55|
|2014-11-29|1|38|55|
|2014-11-28|1|39|54|
|2014-11-27|1|39|54|
|2014-11-26|1|39|54|
|2014-11-25|1|40|53|
|2014-11-24|1|40|53|
|2014-11-23|1|40|53|
|2014-11-22|1|40|53|
|2014-11-21|1|38|55|
|2014-11-20|1|39|54|
|2014-11-19|1|39|54|
|2014-11-18|1|40|53|
|2014-11-17|1|40|53|
|2014-11-16|1|40|53|
|2014-11-15|1|40|53|
|2014-11-14|1|40|53|
|2014-11-13|1|39|54|
|2014-11-12|1|40|53|
|2014-11-11|1|40|53|
|2014-11-10|1|40|53|
|2014-11-09|1|41|53|
|2014-11-08|1|40|53|
|2014-11-07|1|41|52|
|2014-11-06|1|42|52|
|2014-11-05|1|44|50|
|2014-11-04|1|43|51|
|2014-11-03|1|43|51|
|2014-11-02|1|43|50|
|2014-11-01|1|47|46|
|2014-10-31|1|47|46|
|2014-10-30|1|51|42|
|2014-10-29|1|56|38|
|2014-10-28|1|56|38|
|2014-10-27|1|56|38|
|2014-10-26|1|56|37|
|2014-10-25|1|56|37|
|2014-10-24|1|56|37|
|2014-10-23|1|56|38|
|2014-10-22|0|45|49|
|2014-10-21|0|44|50|
|2014-10-20|0|41|53|
|2014-10-19|0|41|52|
|2014-10-18|0|41|52|
|2014-10-17|0|40|53|
|2014-10-16|0|40|54|
|2014-10-15|0|40|53|
|2014-10-14|0|41|53|
|2014-10-13|0|40|53|
|2014-10-12|0|41|53|
|2014-10-11|0|41|52|
|2014-10-10|0|41|52|
|2014-10-09|1|41|52|
|2014-10-08|1|41|52|
|2014-10-07|1|41|52|
|2014-10-06|1|41|53|
|2014-10-05|1|40|53|
|2014-10-04|0|41|53|
|2014-10-03|0|41|53|
|2014-10-02|0|41|53|
|2014-10-01|0|41|53|
|2014-09-30|0|41|53|
|2014-09-29|0|41|53|
|2014-09-28|0|41|53|
