<html>
 <head>
   <script type="text/javascript" src="https://www.google.com/jsapi"></script>
   <script type="text/javascript">
     google.load("visualization", "1", {packages:["corechart"]});
     google.setOnLoadCallback(drawChart);
     function drawChart() {
       var data = google.visualization.arrayToDataTable([
['Date','EFD','FC','SATA'],
['2014-09-28',   1,  50,  22],
['2014-09-29',   1,  50,  22],
['2014-09-30',   1,  50,  22],
['2014-10-01',   1,  50,  22],
['2014-10-02',   1,  50,  22],
['2014-10-03',   1,  50,  22],
['2014-10-04',   1,  53,  18],
['2014-10-05',   1,  54,  18],
['2014-10-06',   2,  49,  23],
['2014-10-07',   2,  49,  23],
['2014-10-08',   2,  48,  24],
['2014-10-09',   2,  44,  27],
['2014-10-10',   1,  43,  29],
['2014-10-11',   1,  43,  28],
['2014-10-12',   2,  51,  21],
['2014-10-13',   2,  51,  21],
['2014-10-14',   3,  47,  22],
['2014-10-15',   3,  47,  22],
['2014-10-16',   3,  45,  25],
['2014-10-17',   3,  45,  25],
['2014-10-18',   4,  51,  18],
['2014-10-19',   5,  51,  17],
['2014-10-20',   9,  48,  16],
['2014-10-21',   10,  51,  11],
['2014-10-22',   10,  51,  11],
['2014-10-23',   10,  52,  11],
['2014-10-24',   10,  50,  12],
['2014-10-25',   10,  50,  12],
['2014-10-26',   10,  47,  16],
['2014-10-27',   11,  46,  16],
['2014-10-28',   11,  35,  28],
['2014-10-29',   11,  35,  28],
['2014-10-30',   11,  38,  24],
['2014-10-31',   11,  44,  19],
['2014-11-01',   11,  43,  19],
['2014-11-02',   11,  44,  18],
['2014-11-03',   11,  49,  13],
['2014-11-04',   11,  51,  12],
['2014-11-05',   11,  51,  12],
['2014-11-06',   11,  46,  16],
['2014-11-07',   11,  47,  15],
['2014-11-08',   11,  40,  22],
['2014-11-09',   11,  40,  22],
['2014-11-10',   11,  39,  22],
['2014-11-11',   11,  39,  22],
['2014-11-12',   12,  39,  22],
['2014-11-13',   12,  39,  22],
['2014-11-14',   12,  39,  22],
['2014-11-15',   11,  47,  15],
['2014-11-16',   11,  47,  15],
['2014-11-17',   11,  47,  14],
['2014-11-18',   11,  46,  16],
['2014-11-19',   11,  46,  16],
['2014-11-20',   11,  45,  17],
['2014-11-21',   11,  42,  20],
['2014-11-22',   11,  42,  20],
['2014-11-23',   11,  42,  20],
['2014-11-24',   12,  46,  15],
['2014-11-25',   12,  46,  15],
['2014-11-26',   12,  46,  15],
['2014-11-27',   14,  42,  17],
['2014-11-28',   14,  42,  17],
['2014-11-29',   13,  43,  18],
['2014-11-30',   15,  43,  16],
['2014-12-01',   15,  43,  16],
['2014-12-02',   15,  43,  16],
['2014-12-03',   13,  43,  17],
['2014-12-04',   13,  43,  17],
['2014-12-05',   13,  43,  17],
['2014-12-06',   16,  43,  14],
['2014-12-07',   24,  36,  14],
['2014-12-08',   24,  35,  15],
['2014-12-09',   28,  31,  15],
['2014-12-10',   27,  32,  15],
['2014-12-11',   14,  40,  19],
['2014-12-12',   14,  40,  19],
['2014-12-13',   10,  49,  15],
['2014-12-14',   9,  50,  14],
['2014-12-15',   8,  51,  14],
['2014-12-16',   8,  45,  21],
['2014-12-17',   6,  43,  25],
['2014-12-18',   6,  43,  25],
['2014-12-19',   6,  43,  25],
['2014-12-20',   6,  49,  18],
['2014-12-21',   6,  59,  9],
['2014-12-22',   6,  61,  6],
['2014-12-23',   6,  53,  15],
['2014-12-24',   6,  54,  13],
['2014-12-25',   6,  54,  13],
['2014-12-26',   6,  55,  13],
['2014-12-27',   6,  57,  10],
['2014-12-28',   6,  53,  15],
['2014-12-29',   7,  56,  11],
['2014-12-30',   7,  53,  14],
['2014-12-31',   7,  39,  28],
['2015-01-01',   7,  40,  27],
['2015-01-02',   6,  38,  29],
['2015-01-03',   6,  38,  29],
['2015-01-04',   6,  51,  16],
['2015-01-05',   6,  53,  15],
['2015-01-06',   5,  54,  15],
['2015-01-07',   5,  53,  15],
['2015-01-08',   5,  53,  15],
['2015-01-09',   5,  54,  15],
['2015-01-10',   5,  43,  25],
['2015-01-11',   5,  44,  24],
['2015-01-12',   5,  54,  14],
['2015-01-13',   5,  54,  14],
['2015-01-14',   5,  51,  17],
['2015-01-15',   5,  50,  18],
['2015-01-16',   5,  50,  19],
['2015-01-17',   5,  51,  18],
['2015-01-18',   5,  50,  19],
['2015-01-19',   5,  52,  16],
['2015-01-20',   5,  52,  16],
['2015-01-21',   5,  48,  20],
['2015-01-22',   5,  45,  23],
['2015-01-23',   5,  45,  23],
['2015-01-24',   5,  52,  17],
['2015-01-25',   5,  54,  15],
['2015-01-26',   5,  55,  14],
['2015-01-27',   5,  54,  15],
['2015-01-28',   5,  55,  14],
['2015-01-29',   5,  33,  35],
['2015-01-30',   5,  33,  36],
['2015-01-31',   5,  48,  21],
['2015-02-01',   5,  53,  15],
['2015-02-02',   5,  54,  15],
['2015-02-03',   5,  54,  15],
['2015-02-04',   5,  55,  14],
['2015-02-05',   5,  54,  15],
['2015-02-06',   5,  54,  15],
['2015-02-07',   5,  54,  15],
['2015-02-08',   4,  43,  27],
['2015-02-09',   4,  43,  27],
['2015-02-10',   4,  43,  27],
['2015-02-11',   4,  43,  27],
['2015-02-12',   4,  35,  34],
['2015-02-13',   4,  35,  34],
['2015-02-14',   4,  34,  35],
['2015-02-15',   4,  34,  35],
['2015-02-16',   5,  42,  27],
['2015-02-17',   5,  42,  27],
['2015-02-18',   5,  42,  26],
['2015-02-19',   5,  41,  28],
['2015-02-20',   5,  41,  28],
['2015-02-21',   5,  41,  28],
['2015-02-22',   5,  41,  28],
['2015-02-23',   6,  40,  28],
['2015-02-24',   5,  35,  33],
['2015-02-25',   5,  36,  33],
['2015-02-26',   0,  0,  0],
['2015-02-27',   0,  0,  0],
['2015-02-28',   0,  0,  0],
['2015-03-01',   0,  0,  0],
['2015-03-02',   0,  0,  0],
['2015-03-03',   0,  0,  0],
['2015-03-04',   0,  0,  0],
['2015-03-05',   0,  0,  0],
['2015-03-06',   0,  0,  0],
['2015-03-07',   0,  0,  0],
['2015-03-08',   0,  0,  0],
['2015-03-09',   0,  0,  0],
['2015-03-10',   0,  0,  0],
['2015-03-11',   0,  0,  0],
['2015-03-12',   0,  0,  0],
['2015-03-13',   0,  0,  0],
['2015-03-14',   0,  0,  0],
['2015-03-15',   0,  0,  0],
['2015-03-16',   0,  0,  0],
['2015-03-17',   0,  0,  0],
['2015-03-18',   0,  0,  0],
['2015-03-19',   0,  0,  0],
['2015-03-20',   0,  0,  0],
['2015-03-21',   0,  0,  0],
['2015-03-22',   0,  0,  0],
['2015-03-23',   0,  0,  0],
['2015-03-24',   0,  0,  0],
['2015-03-25',   0,  0,  0],
['2015-03-26',   0,  0,  0],
['2015-03-27',   0,  0,  0],
['2015-03-28',   0,  0,  0],
['2015-03-29',   0,  0,  0],
['2015-03-30',   0,  0,  0],
['2015-03-31',   0,  0,  0],
['2015-04-01',   0,  0,  0],
['2015-04-02',   0,  0,  0],
['2015-04-03',   0,  0,  0],
['2015-04-04',   0,  0,  0],
['2015-04-05',   0,  0,  0],
['2015-04-06',   0,  0,  0],
['2015-04-07',   0,  0,  0],
['2015-04-08',   0,  0,  0],
['2015-04-09',   0,  0,  0],
['2015-04-10',   0,  0,  0],
['2015-04-11',   0,  0,  0],
['2015-04-12',   0,  0,  0],
['2015-04-13',   0,  0,  0],
['2015-04-14',   0,  0,  0],
['2015-04-15',   0,  0,  0],
['2015-04-16',   0,  0,  0],
['2015-04-17',   0,  0,  0],
['2015-04-18',   0,  0,  0],
['2015-04-19',   0,  0,  0],
['2015-04-20',   0,  0,  0],
['2015-04-21',   0,  0,  0],
['2015-04-22',   0,  0,  0],
['2015-04-23',   0,  0,  0],
['2015-04-24',   0,  0,  0],
['2015-04-25',   0,  0,  0],
['2015-04-26',   0,  0,  0],
['2015-04-27',   0,  0,  0],
['2015-04-28',   0,  0,  0],
['2015-04-29',   0,  0,  0],
['2015-04-30',   0,  0,  0],
['2015-05-01',   0,  0,  0],
['2015-05-02',   0,  0,  0],
['2015-05-03',   0,  0,  0],
['2015-05-04',   0,  0,  0],
['2015-05-05',   0,  0,  0],
['2015-05-06',   0,  0,  0],
['2015-05-07',   0,  0,  0],
['2015-05-08',   0,  0,  0],
['2015-05-09',   0,  0,  0],
['2015-05-10',   0,  0,  0],
['2015-05-11',   0,  0,  0],
['2015-05-12',   0,  0,  0],
['2015-05-13',   0,  0,  0],
['2015-05-14',   0,  0,  0],
['2015-05-15',   0,  0,  0],
['2015-05-16',   0,  0,  0],
['2015-05-17',   0,  0,  0],
['2015-05-18',   0,  0,  0],
['2015-05-19',   0,  0,  0],
['2015-05-20',   0,  0,  0],
['2015-05-21',   0,  0,  0],
['2015-05-22',   0,  0,  0],
['2015-05-23',   0,  0,  0],
['2015-05-24',   0,  0,  0],
['2015-05-25',   0,  0,  0],
['2015-05-26',   0,  0,  0],
['2015-05-27',   0,  0,  0],
['2015-05-28',   0,  0,  0],
['2015-05-29',   0,  0,  0],
['2015-05-30',   0,  0,  0],
['2015-05-31',   0,  0,  0],
['2015-06-01',   0,  0,  0],
['2015-06-02',   0,  0,  0],
['2015-06-03',   0,  0,  0],
['2015-06-04',   0,  0,  0],
['2015-06-05',   0,  0,  0],
['2015-06-06',   0,  0,  0],
['2015-06-07',   0,  0,  0],
['2015-06-08',   0,  0,  0],
['2015-06-09',   0,  0,  0],
['2015-06-10',   0,  0,  0],
['2015-06-11',   0,  0,  0],
['2015-06-12',   0,  0,  0],
['2015-06-13',   0,  0,  0],
['2015-06-14',   0,  0,  0],
['2015-06-15',   0,  0,  0],
['2015-06-16',   0,  0,  0],
['2015-06-17',   0,  0,  0],
['2015-06-18',   0,  0,  0],
['2015-06-19',   0,  0,  0],
['2015-06-20',   0,  0,  0],
['2015-06-21',   0,  0,  0],
['2015-06-22',   0,  0,  0],
['2015-06-23',   0,  0,  0],
['2015-06-24',   0,  0,  0],
['2015-06-25',   0,  0,  0],
['2015-06-26',   0,  0,  0],
['2015-06-27',   0,  0,  0],
['2015-06-28',   0,  0,  0],
['2015-06-29',   0,  0,  0],
['2015-06-30',   0,  0,  0],
['2015-07-01',   0,  0,  0],
['2015-07-02',   0,  0,  0],
['2015-07-03',   0,  0,  0],
['2015-07-04',   0,  0,  0],
['2015-07-05',   0,  0,  0],
['2015-07-06',   0,  0,  0],
['2015-07-07',   0,  0,  0],
['2015-07-08',   0,  0,  0],
['2015-07-09',   0,  0,  0],
['2015-07-10',   0,  0,  0],
['2015-07-11',   0,  0,  0],
['2015-07-12',   0,  0,  0],
['2015-07-13',   0,  0,  0],
['2015-07-14',   0,  0,  0],
['2015-07-15',   0,  0,  0],
['2015-07-16',   0,  0,  0],
['2015-07-17',   0,  0,  0],
['2015-07-18',   0,  0,  0],
['2015-07-19',   0,  0,  0],
['2015-07-20',   0,  0,  0],
['2015-07-21',   0,  0,  0],
['2015-07-22',   0,  0,  0],
['2015-07-23',   0,  0,  0],
['2015-07-24',   0,  0,  0],
['2015-07-25',   0,  0,  0],
['2015-07-26',   0,  0,  0],
['2015-07-27',   0,  0,  0],
['2015-07-28',   0,  0,  0],
['2015-07-29',   0,  0,  0],
['2015-07-30',   0,  0,  0],
['2015-07-31',   0,  0,  0],
['2015-08-01',   0,  0,  0],
['2015-08-02',   0,  0,  0],
['2015-08-03',   0,  0,  0],
['2015-08-04',   0,  0,  0],
['2015-08-05',   0,  0,  0],
['2015-08-06',   0,  0,  0],
['2015-08-07',   0,  0,  0],
['2015-08-08',   0,  0,  0],
['2015-08-09',   0,  0,  0],
['2015-08-10',   0,  0,  0],
['2015-08-11',   0,  0,  0],
['2015-08-12',   0,  0,  0],
['2015-08-13',   0,  0,  0],
['2015-08-14',   0,  0,  0],
['2015-08-15',   0,  0,  0],
['2015-08-16',   0,  0,  0],
['2015-08-17',   0,  0,  0],
['2015-09-01',   0,  0,  0],
['2015-09-02',   0,  0,  0],
['2015-09-03',   0,  0,  0],
['2015-09-04',   0,  0,  0],
['2015-09-05',   0,  0,  0],
['2015-09-06',   0,  0,  0],
['2015-09-07',   0,  0,  0],
['2015-09-08',   0,  0,  0],
['2015-09-09',   0,  0,  0],
['2015-09-10',   0,  0,  0],
['2015-09-11',   0,  0,  0],
['2015-09-12',   0,  0,  0],
['2015-09-13',   0,  0,  0],
['2015-09-14',   0,  0,  0],
['2015-09-15',   0,  0,  0],
['2015-09-16',   0,  0,  0],
['2015-09-17',   0,  0,  0],
['2015-09-18',   0,  0,  0],
['2015-09-19',   0,  0,  0],
['2015-09-20',   0,  0,  0],
['2015-09-21',   0,  0,  0],
['2015-09-22',   0,  0,  0],
['2015-09-23',   0,  0,  0],
['2015-09-24',   0,  0,  0],
['2015-09-25',   0,  0,  0],
['2015-09-26',   0,  0,  0],
['2015-09-27',   0,  0,  0],
['2015-09-28',   0,  0,  0],
['2015-09-29',   0,  0,  0],
['2015-09-30',   0,  0,  0],
['2015-10-01',   0,  0,  0],
['2015-10-02',   0,  0,  0],
['2015-10-03',   0,  0,  0],
['2015-10-04',   0,  0,  0],
['2015-10-05',   0,  0,  0],
['2015-10-06',   0,  0,  0],
['2015-10-07',   0,  0,  0],
['2015-10-08',   0,  0,  0],
['2015-10-09',   0,  0,  0],
['2015-10-10',   0,  0,  0],
['2015-10-11',   0,  0,  0],
['2015-10-12',   0,  0,  0],
['2015-10-13',   0,  0,  0],
['2015-10-14',   0,  0,  0],
['2015-10-15',   0,  0,  0],
['2015-10-16',   0,  0,  0],
['2015-10-17',   0,  0,  0],
['2015-10-18',   0,  0,  0],
['2015-10-19',   0,  0,  0],
['2015-10-20',   0,  0,  0],
['2015-10-21',   0,  0,  0],
['2015-10-22',   0,  0,  0],
['2015-10-23',   0,  0,  0],
['2015-10-24',   0,  0,  0],
['2015-10-25',   0,  0,  0],
['2015-10-26',   0,  0,  0],
['2015-10-27',   0,  0,  0],
['2015-10-28',   0,  0,  0],
['2015-10-29',   0,  0,  0],
['2015-10-30',   0,  0,  0],
['2015-10-31',   0,  0,  0],
['2015-11-01',   0,  0,  0],
['2015-11-02',   0,  0,  0],
['2015-11-03',   0,  0,  0],
['2015-11-04',   0,  0,  0],
['2015-11-05',   0,  0,  0],
['2015-11-06',   0,  0,  0],
['2015-11-07',   0,  0,  0],
['2015-11-08',   0,  0,  0],
['2015-11-09',   0,  0,  0],
['2015-11-13',   0,  0,  0],
['2015-11-14',   0,  0,  0],
['2015-11-15',   0,  0,  0],
['2015-11-16',   0,  0,  0],
['2015-11-17',   0,  0,  0],
['2015-11-18',   0,  0,  0],
['2015-11-19',   0,  0,  0],
['2015-11-20',   0,  0,  0],
['2015-11-21',   0,  0,  0],
['2015-11-22',   0,  0,  0],
['2015-11-23',   0,  0,  0],
['2015-11-24',   0,  0,  0],
['2015-11-25',   0,  0,  0],
['2015-11-26',   0,  0,  0],
['2015-11-27',   0,  0,  0],
['2015-11-28',   0,  0,  0],
['2015-11-29',   0,  0,  0],
['2015-11-30',   0,  0,  0],
['2015-12-01',   0,  0,  0],
['2015-12-02',   0,  0,  0],
['2015-12-03',   0,  0,  0],
['2015-12-04',   0,  0,  0],
['2015-12-05',   0,  0,  0],
['2015-12-06',   0,  0,  0],
['2015-12-07',   0,  0,  0],
['2015-12-08',   0,  0,  0],
['2015-12-09',   0,  0,  0],
['2015-12-10',   0,  0,  0],
['2015-12-11',   0,  0,  0],
['2015-12-12',   0,  0,  0],
['2015-12-13',   0,  0,  0],
['2015-12-14',   0,  0,  0],
['2015-12-15',   0,  0,  0],
['2015-12-16',   0,  0,  0],
['2015-12-17',   0,  0,  0],
['2015-12-18',   0,  0,  0],
['2015-12-19',   0,  0,  0],
['2015-12-20',   0,  0,  0],
['2015-12-21',   0,  0,  0],
['2015-12-22',   0,  0,  0],
['2015-12-23',   0,  0,  0],
['2015-12-24',   0,  0,  0],
['2015-12-25',   0,  0,  0],
['2015-12-26',   0,  0,  0],
['2015-12-27',   0,  0,  0],
['2015-12-28',   0,  0,  0],
['2015-12-29',   0,  0,  0],
['2015-12-30',   0,  0,  0],
['2015-12-31',   0,  0,  0],
['2016-01-01',   0,  0,  0],
['2016-01-02',   0,  0,  0],
['2016-01-03',   0,  0,  0],
['2016-01-04',   0,  0,  0],
['2016-01-05',   0,  0,  0],
['2016-01-06',   0,  0,  0],
['2016-01-07',   0,  0,  0],
['2016-01-08',   0,  0,  0],
['2016-01-09',   0,  0,  0],
['2016-01-10',   0,  0,  0],
['2016-01-11',   0,  0,  0],
['2016-01-12',   0,  0,  0],
['2016-01-13',   0,  0,  0],
['2016-01-14',   0,  0,  0],
['2016-01-15',   0,  0,  0],
['2016-01-16',   0,  0,  0],
['2016-01-17',   0,  0,  0],
['2016-01-18',   0,  0,  0],
['2016-01-19',   0,  0,  0],
['2016-01-20',   0,  0,  0],
['2016-01-21',   0,  0,  0],
['2016-01-22',   0,  0,  0],
['2016-01-23',   0,  0,  0],
['2016-01-24',   0,  0,  0],
['2016-01-25',   0,  0,  0],
['2016-01-26',   0,  0,  0],
['2016-01-27',   0,  0,  0],
['2016-01-28',   0,  0,  0],
['2016-01-29',   0,  0,  0],
['2016-01-30',   0,  0,  0],
['2016-01-31',   0,  0,  0],
['2016-02-01',   0,  0,  0],
['2016-02-02',   0,  0,  0],
['2016-02-03',   0,  0,  0],
['2016-02-04',   0,  0,  0],
['2016-02-05',   0,  0,  0],
['2016-02-06',   0,  0,  0],
['2016-02-07',   0,  0,  0],
['2016-02-08',   0,  0,  0],
['2016-02-09',   0,  0,  0],
['2016-02-10',   0,  0,  0],
['2016-02-11',   0,  0,  0],
['2016-02-12',   0,  0,  0],
['2016-02-13',   0,  0,  0],
['2016-02-14',   0,  0,  0],
['2016-02-15',   0,  0,  0],
['2016-02-16',   0,  0,  0],
['2016-02-17',   0,  0,  0],
['2016-02-18',   0,  0,  0],
['2016-02-19',   0,  0,  0],
['2016-02-20',   0,  0,  0],
['2016-02-21',   0,  0,  0],
['2016-02-22',   0,  0,  0],
['2016-02-23',   0,  0,  0],
['2016-02-24',   0,  0,  0],
['2016-02-25',   0,  0,  0],
['2016-02-26',   0,  0,  0],
['2016-02-27',   0,  0,  0],
['2016-02-28',   0,  0,  0],
['2016-02-29',   0,  0,  0],
['2016-03-01',   0,  0,  0],
['2016-03-02',   0,  0,  0],
['2016-03-03',   0,  0,  0],
['2016-03-04',   0,  0,  0],
['2016-03-05',   0,  0,  0],
['2016-03-06',   0,  0,  0],
['2016-03-07',   0,  0,  0],
['2016-03-08',   0,  0,  0],
['2016-03-09',   0,  0,  0],
['2016-03-10',   0,  0,  0],
['2016-03-11',   0,  0,  0],
['2016-03-12',   0,  0,  0],
['2016-03-13',   0,  0,  0],
['2016-03-14',   0,  0,  0],
['2016-03-15',   0,  0,  0],
['2016-03-16',   0,  0,  0],
['2016-03-17',   0,  0,  0],
['2016-03-18',   0,  0,  0],
['2016-03-19',   0,  0,  0],
['2016-03-20',   0,  0,  0],
['2016-03-21',   0,  0,  0],
['2016-03-22',   0,  0,  0],
['2016-03-23',   0,  0,  0],
['2016-03-24',   0,  0,  0],
['2016-03-25',   0,  0,  0],
['2016-03-26',   0,  0,  0],
['2016-03-27',   0,  0,  0],
['2016-03-28',   0,  0,  0],
['2016-03-29',   0,  0,  0],
['2016-03-30',   0,  0,  0],
['2016-03-31',   0,  0,  0],
['2016-04-01',   0,  0,  0],
['2016-04-02',   0,  0,  0],
['2016-04-03',   0,  0,  0],
['2016-04-04',   0,  0,  0],
['2016-04-05',   0,  0,  0],
['2016-04-06',   0,  0,  0],
['2016-04-07',   0,  0,  0],
['2016-04-08',   0,  0,  0],
['2016-04-09',   0,  0,  0],
['2016-04-10',   0,  0,  0],
['2016-04-11',   0,  0,  0],
['2016-04-12',   0,  0,  0],
['2016-04-13',   0,  0,  0],
['2016-04-14',   0,  0,  0],
['2016-04-15',   0,  0,  0],
['2016-04-16',   0,  0,  0],
['2016-04-17',   0,  0,  0],
['2016-04-18',   0,  0,  0],
['2016-04-19',   0,  0,  0],
['2016-04-20',   0,  0,  0],
['2016-04-21',   0,  0,  0],
['2016-04-22',   0,  0,  0],
['2016-04-23',   0,  0,  0],
['2016-04-24',   0,  0,  0],
['2016-04-25',   0,  0,  0],
['2016-04-26',   0,  0,  0],
['2016-04-27',   0,  0,  0],
['2016-04-28',   0,  0,  0],
['2016-04-29',   0,  0,  0],
['2016-04-30',   0,  0,  0],
['2016-05-01',   0,  0,  0],
['2016-05-02',   0,  0,  0],
['2016-05-03',   0,  0,  0],
['2016-05-04',   0,  0,  0],
['2016-05-05',   0,  0,  0],
['2016-05-06',   0,  0,  0],
['2016-05-07',   0,  0,  0],
['2016-05-08',   0,  0,  0],
['2016-05-09',   0,  0,  0],
['2016-05-10',   0,  0,  0],
['2016-05-11',   0,  0,  0],
['2016-05-12',   0,  0,  0],
['2016-05-13',   0,  0,  0],
['2016-05-14',   0,  0,  0],
['2016-05-15',   0,  0,  0],
['2016-05-16',   0,  0,  0],
['2016-05-17',   0,  0,  0],
['2016-05-18',   0,  0,  0],
['2016-05-19',   0,  0,  0],
['2016-05-20',   0,  0,  0],
['2016-05-21',   0,  0,  0],
['2016-05-22',   0,  0,  0],
['2016-05-23',   0,  0,  0],
['2016-05-24',   0,  0,  0],
['2016-05-25',   0,  0,  0],
['2016-05-26',   0,  0,  0],
['2016-05-27',   0,  0,  0],
['2016-05-28',   0,  0,  0],
['2016-05-29',   0,  0,  0],
['2016-05-30',   0,  0,  0],
['2016-05-31',   0,  0,  0],
['2016-06-01',   0,  0,  0],
['2016-06-02',   0,  0,  0],
['2016-06-03',   0,  0,  0],
['2016-06-04',   0,  0,  0],
['2016-06-05',   0,  0,  0],
['2016-06-06',   0,  0,  0],
['2016-06-07',   0,  0,  0],
['2016-06-08',   0,  0,  0],
['2016-06-09',   0,  0,  0],
['2016-06-10',   0,  0,  0],
['2016-06-11',   0,  0,  0],
['2016-06-12',   0,  0,  0],
['2016-06-13',   12,  28,  46],
['2016-06-14',   12,  33,  42],
['2016-06-15',   12,  34,  41],
['2016-06-16',   12,  34,  41],
['2016-06-17',   12,  30,  45],
['2016-06-18',   12,  30,  45],
['2016-06-19',   12,  30,  45],
['2016-06-20',   13,  28,  46],
['2016-06-21',   12,  28,  46],
['2016-06-22',   12,  33,  42],
['2016-06-23',   12,  33,  42],
['2016-06-24',   12,  34,  41],
['2016-06-25',   12,  34,  41],
['2016-06-26',   12,  30,  45],
['2016-06-27',   12,  29,  46],
['2016-06-28',   12,  33,  41],
['2016-06-29',   12,  34,  41],
['2016-06-30',   12,  34,  41],
['2016-07-01',   12,  34,  41],
['2016-07-02',   12,  34,  41],
['2016-07-03',   13,  29,  45],
['2016-07-04',   13,  29,  46],
['2016-07-05',   13,  29,  46],
['2016-07-06',   13,  33,  41],
['2016-07-07',   13,  33,  41],
['2016-07-08',   13,  33,  42],
['2016-07-09',   14,  27,  46],
['2016-07-10',   13,  27,  46],
['2016-07-11',   14,  27,  46],
['2016-07-12',   14,  32,  41],
['2016-07-13',   13,  33,  41],
['2016-07-14',   13,  33,  41],
['2016-07-15',   13,  33,  41],
['2016-07-16',   13,  28,  47],
['2016-07-17',   13,  27,  47],
['2016-07-18',   13,  27,  47],
['2016-07-19',   13,  27,  47],
['2016-07-20',   13,  33,  41],
['2016-07-21',   13,  33,  41],
['2016-07-22',   13,  34,  41],
['2016-07-23',   13,  33,  41],
['2016-07-24',   13,  28,  46],
['2016-07-25',   13,  27,  47],
['2016-07-26',   13,  28,  46],
['2016-07-27',   13,  33,  41],
['2016-07-28',   13,  33,  41],
['2016-07-29',   13,  28,  46],
['2016-07-30',   13,  27,  47],
['2016-07-31',   13,  27,  47],
['2016-08-01',   13,  27,  47],
['2016-08-02',   13,  28,  46],
['2016-08-03',   13,  33,  41],
['2016-08-04',   13,  34,  41],
['2016-08-05',   13,  33,  42],
['2016-08-06',   13,  29,  46],
['2016-08-07',   13,  28,  46],
['2016-08-08',   13,  28,  47],
['2016-08-09',   13,  33,  42],
['2016-08-10',   13,  34,  41],
['2016-08-11',   13,  34,  41],
['2016-08-12',   13,  33,  41],
['2016-08-13',   13,  33,  42],
['2016-08-14',   13,  27,  47],
['2016-08-15',   13,  27,  47],
['2016-08-16',   13,  28,  46],
['2016-08-17',   13,  33,  41],
['2016-08-18',   13,  33,  41],
['2016-08-19',   13,  27,  46],
['2016-08-20',   13,  27,  46],
['2016-08-21',   14,  26,  47],
['2016-08-22',   14,  26,  47],
['2016-08-23',   14,  26,  47],
['2016-08-24',   14,  32,  41],
['2016-08-25',   14,  32,  41],
['2016-08-26',   14,  27,  47],
['2016-08-27',   14,  26,  48],
['2016-08-28',   14,  26,  48],
['2016-08-29',   14,  25,  48],
['2016-08-30',   14,  25,  48],
['2016-08-31',   14,  32,  41],
['2016-09-01',   14,  32,  41],
['2016-09-02',   14,  32,  41],
['2016-09-03',   14,  32,  41],
['2016-09-04',   14,  27,  46],
['2016-09-05',   14,  26,  47],
['2016-09-06',   14,  31,  42],
['2016-09-07',   14,  32,  41],
['2016-09-08',   14,  32,  41],
['2016-09-09',   14,  32,  41],
['2016-09-10',   13,  27,  47],
['2016-09-11',   13,  27,  47],
['2016-09-12',   14,  26,  47],
['2016-09-13',   13,  26,  47],
['2016-09-14',   13,  33,  41],
['2016-09-15',   13,  33,  41],
['2016-09-16',   13,  33,  41],
['2016-09-17',   13,  32,  42],
['2016-09-18',   13,  26,  48],
['2016-09-19',   13,  25,  49],
['2016-09-20',   12,  32,  43],
['2016-09-21',   12,  32,  43],
['2016-09-22',   12,  32,  43],
['2016-09-23',   12,  32,  43],
['2016-09-24',   12,  26,  49],
['2016-09-25',   12,  25,  50],
['2016-09-26',   12,  25,  50],
['2016-09-27',   12,  30,  45],
['2016-09-28',   12,  31,  44],
['2016-09-29',   12,  31,  44],
['2016-09-30',   12,  31,  44],
['2016-10-01',   12,  25,  49],
['2016-10-02',   12,  24,  50],
['2016-10-03',   12,  24,  51],
['2016-10-04',   12,  31,  44],
['2016-10-05',   12,  31,  44],
['2016-10-06',   12,  31,  44],
['2016-10-07',   12,  31,  44],
['2016-10-08',   12,  26,  49],
['2016-10-09',   12,  24,  50],
['2016-10-10',   12,  24,  50],
['2016-10-11',   12,  25,  50],
['2016-10-12',   12,  31,  44],
['2016-10-13',   12,  31,  44],
['2016-10-14',   12,  31,  44],
['2016-10-15',   12,  25,  49],
['2016-10-16',   12,  25,  50],
['2016-10-17',   12,  24,  50],
['2016-10-18',   12,  24,  50],
['2016-10-19',   12,  31,  44],
['2016-10-20',   12,  31,  44],
['2016-10-21',   12,  26,  49],
['2016-10-22',   12,  25,  50],
['2016-10-23',   12,  25,  50],
['2016-10-24',   12,  24,  50],
['2016-10-25',   12,  31,  44],
['2016-10-26',   12,  31,  44],
['2016-10-27',   12,  31,  44],
['2016-10-28',   12,  25,  50],
['2016-10-29',   12,  25,  50],
['2016-10-30',   12,  25,  50],
['2016-10-31',   12,  25,  50],
['2016-11-01',   12,  31,  44],
['2016-11-02',   12,  31,  44],
['2016-11-03',   12,  31,  44],
['2016-11-04',   12,  31,  44],
['2016-11-05',   12,  26,  49],
['2016-11-06',   12,  26,  49],
['2016-11-07',   11,  26,  50],
['2016-11-08',   11,  26,  50],
['2016-11-09',   11,  32,  44],
['2016-11-10',   11,  32,  44],
['2016-11-11',   11,  26,  50],
['2016-11-12',   11,  26,  50],
['2016-11-13',   12,  25,  50],
['2016-11-14',   12,  25,  51],
['2016-11-15',   12,  31,  44],
['2016-11-16',   12,  31,  44],
['2016-11-17',   12,  31,  44],
['2016-11-18',   12,  32,  44],
['2016-11-19',   11,  32,  44],
['2016-11-20',   11,  32,  44],
['2016-11-21',   11,  25,  51],
['2016-11-22',   12,  30,  46],
['2016-11-23',   12,  30,  45],
['2016-11-24',   12,  30,  46],
['2016-11-25',   12,  30,  46],
['2016-11-26',   11,  20,  56],
['2016-11-27',   12,  19,  57],
['2016-11-28',   12,  18,  57],
['2016-11-29',   12,  29,  47],
['2016-11-30',   11,  29,  46],
['2016-12-01',   10,  31,  46],
['2016-12-02',   8,  31,  48],
['2016-12-03',   8,  25,  54],
['2016-12-04',   7,  19,  60],
['2016-12-05',   7,  20,  61],
['2016-12-06',   7,  20,  61],
['2016-12-07',   5,  31,  51],
['2016-12-08',   5,  31,  51],
['2016-12-09',   5,  26,  56],
['2016-12-10',   4,  23,  60],
['2016-12-11',   5,  20,  62],
['2016-12-12',   4,  21,  62],
['2016-12-13',   4,  32,  51],
['2016-12-14',   4,  34,  50],
['2016-12-15',   4,  34,  50],
['2016-12-16',   4,  35,  48],
['2016-12-17',   4,  29,  54],
['2016-12-18',   4,  27,  57],
['2016-12-19',   4,  27,  57],
['2016-12-20',   4,  33,  50],
['2016-12-21',   3,  37,  48],
['2016-12-22',   3,  37,  48],
['2016-12-23',   3,  30,  55],
['2016-12-24',   3,  31,  55],
['2016-12-25',   3,  29,  56],
['2016-12-26',   3,  23,  62],
['2016-12-27',   3,  31,  54],
['2016-12-28',   3,  33,  52],
['2016-12-29',   3,  33,  52],
['2016-12-30',   3,  28,  57],
['2016-12-31',   3,  28,  57],
['2017-01-01',   3,  33,  52],
['2017-01-02',   3,  33,  52],
['2017-01-03',   3,  41,  44],
['2017-01-04',   2,  42,  44],
['2017-01-05',   2,  38,  48],
['2017-01-06',   2,  43,  44],
['2017-01-07',   2,  39,  47],
['2017-01-08',   2,  38,  48],
['2017-01-09',   2,  38,  49],
['2017-01-10',   2,  39,  47],
['2017-01-11',   2,  37,  49],
['2017-01-12',   2,  36,  51],
['2017-01-13',   2,  30,  56],
['2017-01-14',   2,  30,  56],
['2017-01-15',   2,  30,  56],
['2017-01-16',   3,  30,  56],
['2017-01-17',   3,  35,  51],
['2017-01-18',   3,  35,  51],
['2017-01-19',   3,  35,  51],
['2017-01-20',   3,  31,  54],
['2017-01-21',   2,  31,  55],
['2017-01-22',   2,  31,  55],
['2017-01-23',   2,  31,  56],
['2017-01-24',   2,  35,  51],
['2017-01-25',   2,  35,  51],
['2017-01-26',   2,  36,  51],
['2017-01-27',   2,  35,  51],
['2017-01-28',   2,  30,  56],
['2017-01-29',   2,  30,  56],
['2017-01-30',   2,  30,  56],
['2017-01-31',   2,  36,  51],
['2017-02-01',   2,  35,  51],
['2017-02-02',   2,  35,  51],
['2017-02-03',   2,  29,  57],
['2017-02-04',   2,  31,  55],
['2017-02-05',   3,  34,  51],
['2017-02-06',   2,  35,  51],
['2017-02-07',   2,  43,  43],
['2017-02-08',   2,  43,  43],
['2017-02-09',   2,  39,  47],
['2017-02-10',   2,  39,  48],
['2017-02-11',   4,  31,  54],
['2017-02-12',   4,  29,  55],
['2017-02-13',   4,  25,  60],
['2017-02-14',   4,  31,  54],
['2017-02-15',   4,  34,  51],
['2017-02-16',   4,  34,  50],
['2017-02-17',   4,  36,  48],
['2017-02-18',   5,  28,  55],
['2017-02-19',   5,  28,  56],
['2017-02-20',   4,  28,  56],
['2017-02-21',   4,  33,  51],
['2017-02-22',   4,  34,  50],
['2017-02-23',   4,  33,  50],
['2017-02-24',   5,  29,  54],
['2017-02-25',   6,  27,  56],
['2017-02-26',   6,  26,  56],
['2017-02-27',   6,  21,  61],
['2017-02-28',   6,  30,  52],
['2017-03-01',   5,  32,  50],
['2017-03-02',   4,  33,  50],
['2017-03-03',   4,  36,  48],
['2017-03-04',   4,  30,  54],
['2017-03-05',   4,  32,  52],
['2017-03-06',   4,  32,  52],
['2017-03-07',   4,  31,  53],
['2017-03-08',   4,  39,  45],
['2017-03-09',   4,  37,  47],
['2017-03-10',   4,  33,  52],
['2017-03-11',   4,  27,  57],
['2017-03-12',   4,  27,  57],
['2017-03-13',   4,  27,  57],
['2017-03-14',   4,  32,  53],
['2017-03-15',   3,  32,  53],
['2017-03-16',   2,  33,  53],
['2017-03-17',   2,  28,  58],
['2017-03-18',   2,  27,  58],
['2017-03-19',   2,  27,  58],
['2017-03-20',   2,  22,  64],
['2017-03-21',   2,  31,  55],
['2017-03-22',   2,  31,  55],
['2017-03-23',   2,  31,  55],
['2017-03-24',   3,  33,  52],
['2017-03-25',   3,  26,  59],
['2017-03-26',   3,  26,  59],
['2017-03-27',   3,  26,  59],
['2017-03-28',   3,  32,  54],
['2017-03-29',   3,  32,  53],
['2017-03-30',   4,  31,  53],
['2017-03-31',   4,  33,  51],
['2017-04-01',   4,  28,  57],
['2017-04-02',   6,  31,  51],
['2017-04-03',   6,  31,  52],
['2017-04-04',   6,  37,  45],
['2017-04-05',   6,  36,  46],
['2017-04-06',   6,  31,  51],
['2017-04-07',   6,  25,  58],
['2017-04-08',   6,  25,  57],
['2017-04-09',   6,  24,  57],
['2017-04-10',   6,  19,  62],
['2017-04-11',   6,  25,  57],
['2017-04-12',   6,  29,  53],
['2017-04-13',   6,  29,  53],
['2017-04-14',   7,  22,  59],
['2017-04-15',   7,  23,  58],
['2017-04-16',   7,  23,  58],
['2017-04-17',   7,  23,  58],
['2017-04-18',   7,  28,  53],
['2017-04-19',   7,  28,  53],
['2017-04-20',   7,  28,  53],
['2017-04-21',   7,  28,  53],
['2017-04-22',   8,  23,  57],
['2017-04-23',   8,  23,  57],
['2017-04-24',   8,  23,  57],
['2017-04-25',   8,  28,  52],
['2017-04-26',   8,  28,  52],
['2017-04-27',   8,  28,  52],
['2017-04-28',   7,  24,  57],
['2017-04-29',   7,  24,  57],
['2017-04-30',   8,  23,  57],
['2017-05-01',   8,  23,  58],
['2017-05-02',   8,  22,  58],
['2017-05-03',   8,  30,  50],
['2017-05-04',   8,  30,  50],
['2017-05-05',   8,  23,  57],
['2017-05-06',   8,  24,  57],
['2017-05-07',   10,  27,  52],
['2017-05-08',   10,  27,  52],
['2017-05-09',   10,  33,  45],
['2017-05-10',   9,  34,  44],
['2017-05-11',   9,  35,  44],
['2017-05-12',   9,  33,  46],
['2017-05-13',   9,  33,  46],
['2017-05-14',   9,  26,  53],
['2017-05-15',   9,  25,  54],
['2017-05-16',   9,  31,  48],
['2017-05-17',   9,  32,  47],
['2017-05-18',   9,  32,  47],
['2017-05-19',   9,  27,  52],
['2017-05-20',   9,  27,  52],
['2017-05-21',   10,  25,  53],
['2017-05-22',   10,  19,  59],
['2017-05-23',   10,  30,  48],
['2017-05-24',   10,  30,  48],
['2017-05-25',   10,  30,  48],
['2017-05-26',   10,  26,  53],
['2017-05-27',   9,  26,  53],
['2017-05-28',   10,  25,  53],
['2017-05-29',   10,  21,  57],
['2017-05-30',   10,  31,  48],
['2017-05-31',   10,  30,  48],
['2017-06-01',   10,  30,  48],
['2017-06-02',   10,  33,  46],
['2017-06-03',   10,  31,  47],
['2017-06-04',   10,  27,  51],
['2017-06-05',   10,  27,  51],
['2017-06-06',   10,  33,  44],
['2017-06-07',   10,  34,  45],
['2017-06-08',   9,  32,  47],
['2017-06-09',   9,  26,  53],
['2017-06-10',   9,  26,  53],
['2017-06-11',   9,  26,  53],
['2017-06-12',   10,  19,  60],
['2017-06-13',   10,  21,  57],
['2017-06-14',   10,  30,  49],
['2017-06-15',   10,  30,  49],
['2017-06-16',   10,  32,  46],
['2017-06-17',   10,  25,  53],
['2017-06-18',   10,  25,  54],
['2017-06-19',   10,  25,  54],
['2017-06-20',   10,  28,  51],
['2017-06-21',   10,  29,  50],
['2017-06-22',   10,  29,  49],
['2017-06-23',   9,  32,  47],
['2017-06-24',   9,  32,  47],
['2017-06-25',   9,  25,  54],
['2017-06-26',   9,  24,  54],
['2017-06-27',   9,  31,  48],
['2017-06-28',   9,  30,  49],
['2017-06-29',   9,  30,  49],
['2017-06-30',   9,  25,  54],
['2017-07-01',   9,  25,  54],
['2017-07-02',   10,  24,  54],
['2017-07-03',   10,  18,  60],
['2017-07-04',   10,  28,  51],
['2017-07-05',   10,  30,  49],
['2017-07-06',   10,  30,  49],
['2017-07-07',   10,  23,  55],
['2017-07-08',   10,  25,  54],
['2017-07-09',   10,  24,  54],
['2017-07-10',   10,  24,  54],
['2017-07-11',   10,  30,  48],
['2017-07-12',   10,  30,  48],
['2017-07-13',   10,  30,  49],
['2017-07-14',   10,  32,  46],
['2017-07-15',   10,  25,  53],
['2017-07-16',   10,  25,  53],
['2017-07-17',   10,  24,  54],
['2017-07-18',   10,  23,  55],
['2017-07-19',   10,  30,  49],
['2017-07-20',   10,  30,  49],
['2017-07-21',   10,  25,  54],
['2017-07-22',   10,  25,  54],
['2017-07-23',   10,  24,  54],
['2017-07-24',   10,  19,  59],
['2017-07-25',   10,  20,  58],
['2017-07-26',   10,  29,  49],
['2017-07-27',   10,  30,  48],
['2017-07-28',   10,  25,  53],
['2017-07-29',   10,  25,  53],
['2017-07-30',   10,  25,  53],
['2017-07-31',   10,  20,  59],
['2017-08-01',   10,  22,  57],
['2017-08-02',   10,  29,  50],
['2017-08-03',   10,  30,  48],
['2017-08-04',   10,  33,  46],
['2017-08-05',   10,  31,  47],
['2017-08-06',   10,  28,  50],
['2017-08-07',   10,  28,  51],
['2017-08-08',   10,  34,  44],
['2017-08-09',   10,  34,  44],
['2017-08-10',   10,  31,  47],
['2017-08-11',   10,  26,  53],
['2017-08-12',   10,  25,  53],
['2017-08-13',   10,  25,  53],
['2017-08-14',   10,  22,  57],
['2017-08-15',   8,  26,  54],
['2017-08-16',   7,  33,  48],
['2017-08-17',   7,  33,  48],
['2017-08-18',   7,  34,  47],
['2017-08-19',   7,  26,  55],
['2017-08-20',   7,  25,  56],
['2017-08-21',   7,  25,  56],
['2017-08-22',   7,  32,  50],
['2017-08-23',   7,  33,  48],
['2017-08-24',   7,  33,  48],
['2017-08-25',   7,  36,  46],
['2017-08-26',   7,  26,  55],
['2017-08-27',   8,  24,  56],
['2017-08-28',   8,  24,  56],
['2017-08-29',   8,  30,  51],
['2017-08-30',   8,  29,  52],
['2017-08-31',   8,  29,  52],
['2017-09-01',   8,  23,  57],
['2017-09-02',   8,  23,  57],
['2017-09-03',   8,  27,  53],
['2017-09-04',   8,  27,  53],
['2017-09-05',   8,  33,  47],
['2017-09-06',   8,  34,  46],
['2017-09-07',   8,  32,  48],
['2017-09-08',   8,  31,  49],
['2017-09-09',   8,  25,  55],
['2017-09-10',   8,  25,  55],
['2017-09-11',   8,  21,  59],
['2017-09-12',   8,  27,  53],
['2017-09-13',   8,  27,  53],
['2017-09-14',   8,  27,  53],
['2017-09-15',   8,  30,  50],
['2017-09-16',   8,  30,  49],
['2017-09-17',   8,  24,  55],
['2017-09-18',   8,  24,  56],
['2017-09-19',   8,  21,  59],
['2017-09-20',   8,  21,  59],
['2017-09-21',   8,  19,  61],
['2017-09-22',   8,  19,  61],
['2017-09-23',   8,  18,  62],
['2017-09-24',   8,  17,  63],
['2017-09-25',   8,  16,  65],
['2017-09-26',   8,  16,  64],
['2017-09-27',   8,  16,  64],
['2017-09-28',   8,  16,  65],
['2017-09-29',   8,  16,  65],
['2017-09-30',   8,  15,  65],
['2017-10-01',   8,  16,  64],
['2017-10-02',   8,  16,  64],
['2017-10-03',   8,  17,  64],
['2017-10-04',   8,  17,  63],
['2017-10-05',   8,  17,  63],
['2017-10-06',   7,  17,  63],
['2017-10-07',   7,  17,  63],
['2017-10-08',   7,  17,  64],
['2017-10-09',   7,  16,  65],
['2017-10-10',   7,  16,  65],
['2017-10-11',   7,  17,  63],
['2017-10-12',   7,  18,  63],
['2017-10-13',   7,  20,  61],
['2017-10-14',   7,  19,  62],
['2017-10-15',   7,  19,  62],
['2017-10-16',   7,  18,  63],
['2017-10-17',   7,  19,  62],
['2017-10-18',   7,  18,  62],
['2017-10-19',   7,  18,  63],
['2017-10-20',   7,  19,  62],
['2017-10-21',   7,  19,  62],
['2017-10-22',   7,  18,  62],
['2017-10-23',   7,  18,  62],
['2017-10-24',   7,  30,  50],
['2017-10-25',   8,  45,  36],
['2017-10-26',   7,  71,  10],
['2017-10-27',   5,  73,  10],
['2017-10-28',   5,  73,  10],
['2017-10-29',   1,  74,  14],
['2017-10-30',   1,  33,  54],
['2017-10-31',   1,  23,  64],
['2017-11-01',   1,  20,  67],
['2017-11-02',   1,  16,  71],
['2017-11-03',   1,  12,  76],
['2017-11-04',   1,  11,  77],
['2017-11-05',   0,  10,  77],
['2017-11-06',   0,  10,  78],
['2017-11-07',   0,  10,  78],
['2017-11-08',   0,  9,  79],
['2017-11-09',   0,  8,  80],
['2017-11-10',   0,  8,  80],
['2017-11-11',   0,  7,  81],
['2017-11-12',   0,  7,  81],
['2017-11-13',   0,  7,  81],
['2017-11-14',   0,  7,  81],
['2017-11-15',   0,  7,  82]
        ]);
        var options = {
          title: 'VMAX FAST association report for paft3p02_SG',
          chartArea:{left:50,top:50},vAxis:{title:'Gigabytes'},hAxis:{title:'DateTime'}
        };

        var chart = new google.visualization.LineChart(document.getElementById('chart_div'));
        chart.draw(data, options);
      }
    </script>
  </head>
  <body>
    <div id="chart_div" style="width: 1500px; height: 900px;"></div>
  </body>
</html>


^Date^EFD^FC^SATA^
|2017-11-15|0|7|82|
|2017-11-14|0|7|81|
|2017-11-13|0|7|81|
|2017-11-12|0|7|81|
|2017-11-11|0|7|81|
|2017-11-10|0|8|80|
|2017-11-09|0|8|80|
|2017-11-08|0|9|79|
|2017-11-07|0|10|78|
|2017-11-06|0|10|78|
|2017-11-05|0|10|77|
|2017-11-04|1|11|77|
|2017-11-03|1|12|76|
|2017-11-02|1|16|71|
|2017-11-01|1|20|67|
|2017-10-31|1|23|64|
|2017-10-30|1|33|54|
|2017-10-29|1|74|14|
|2017-10-28|5|73|10|
|2017-10-27|5|73|10|
|2017-10-26|7|71|10|
|2017-10-25|8|45|36|
|2017-10-24|7|30|50|
|2017-10-23|7|18|62|
|2017-10-22|7|18|62|
|2017-10-21|7|19|62|
|2017-10-20|7|19|62|
|2017-10-19|7|18|63|
|2017-10-18|7|18|62|
|2017-10-17|7|19|62|
|2017-10-16|7|18|63|
|2017-10-15|7|19|62|
|2017-10-14|7|19|62|
|2017-10-13|7|20|61|
|2017-10-12|7|18|63|
|2017-10-11|7|17|63|
|2017-10-10|7|16|65|
|2017-10-09|7|16|65|
|2017-10-08|7|17|64|
|2017-10-07|7|17|63|
|2017-10-06|7|17|63|
|2017-10-05|8|17|63|
|2017-10-04|8|17|63|
|2017-10-03|8|17|64|
|2017-10-02|8|16|64|
|2017-10-01|8|16|64|
|2017-09-30|8|15|65|
|2017-09-29|8|16|65|
|2017-09-28|8|16|65|
|2017-09-27|8|16|64|
|2017-09-26|8|16|64|
|2017-09-25|8|16|65|
|2017-09-24|8|17|63|
|2017-09-23|8|18|62|
|2017-09-22|8|19|61|
|2017-09-21|8|19|61|
|2017-09-20|8|21|59|
|2017-09-19|8|21|59|
|2017-09-18|8|24|56|
|2017-09-17|8|24|55|
|2017-09-16|8|30|49|
|2017-09-15|8|30|50|
|2017-09-14|8|27|53|
|2017-09-13|8|27|53|
|2017-09-12|8|27|53|
|2017-09-11|8|21|59|
|2017-09-10|8|25|55|
|2017-09-09|8|25|55|
|2017-09-08|8|31|49|
|2017-09-07|8|32|48|
|2017-09-06|8|34|46|
|2017-09-05|8|33|47|
|2017-09-04|8|27|53|
|2017-09-03|8|27|53|
|2017-09-02|8|23|57|
|2017-09-01|8|23|57|
|2017-08-31|8|29|52|
|2017-08-30|8|29|52|
|2017-08-29|8|30|51|
|2017-08-28|8|24|56|
|2017-08-27|8|24|56|
|2017-08-26|7|26|55|
|2017-08-25|7|36|46|
|2017-08-24|7|33|48|
|2017-08-23|7|33|48|
|2017-08-22|7|32|50|
|2017-08-21|7|25|56|
|2017-08-20|7|25|56|
|2017-08-19|7|26|55|
|2017-08-18|7|34|47|
|2017-08-17|7|33|48|
|2017-08-16|7|33|48|
|2017-08-15|8|26|54|
|2017-08-14|10|22|57|
|2017-08-13|10|25|53|
|2017-08-12|10|25|53|
|2017-08-11|10|26|53|
|2017-08-10|10|31|47|
|2017-08-09|10|34|44|
|2017-08-08|10|34|44|
|2017-08-07|10|28|51|
|2017-08-06|10|28|50|
|2017-08-05|10|31|47|
|2017-08-04|10|33|46|
|2017-08-03|10|30|48|
|2017-08-02|10|29|50|
|2017-08-01|10|22|57|
|2017-07-31|10|20|59|
|2017-07-30|10|25|53|
|2017-07-29|10|25|53|
|2017-07-28|10|25|53|
|2017-07-27|10|30|48|
|2017-07-26|10|29|49|
|2017-07-25|10|20|58|
|2017-07-24|10|19|59|
|2017-07-23|10|24|54|
|2017-07-22|10|25|54|
|2017-07-21|10|25|54|
|2017-07-20|10|30|49|
|2017-07-19|10|30|49|
|2017-07-18|10|23|55|
|2017-07-17|10|24|54|
|2017-07-16|10|25|53|
|2017-07-15|10|25|53|
|2017-07-14|10|32|46|
|2017-07-13|10|30|49|
|2017-07-12|10|30|48|
|2017-07-11|10|30|48|
|2017-07-10|10|24|54|
|2017-07-09|10|24|54|
|2017-07-08|10|25|54|
|2017-07-07|10|23|55|
|2017-07-06|10|30|49|
|2017-07-05|10|30|49|
|2017-07-04|10|28|51|
|2017-07-03|10|18|60|
|2017-07-02|10|24|54|
|2017-07-01|9|25|54|
|2017-06-30|9|25|54|
|2017-06-29|9|30|49|
|2017-06-28|9|30|49|
|2017-06-27|9|31|48|
|2017-06-26|9|24|54|
|2017-06-25|9|25|54|
|2017-06-24|9|32|47|
|2017-06-23|9|32|47|
|2017-06-22|10|29|49|
|2017-06-21|10|29|50|
|2017-06-20|10|28|51|
|2017-06-19|10|25|54|
|2017-06-18|10|25|54|
|2017-06-17|10|25|53|
|2017-06-16|10|32|46|
|2017-06-15|10|30|49|
|2017-06-14|10|30|49|
|2017-06-13|10|21|57|
|2017-06-12|10|19|60|
|2017-06-11|9|26|53|
|2017-06-10|9|26|53|
|2017-06-09|9|26|53|
|2017-06-08|9|32|47|
|2017-06-07|10|34|45|
|2017-06-06|10|33|44|
|2017-06-05|10|27|51|
|2017-06-04|10|27|51|
|2017-06-03|10|31|47|
|2017-06-02|10|33|46|
|2017-06-01|10|30|48|
|2017-05-31|10|30|48|
|2017-05-30|10|31|48|
|2017-05-29|10|21|57|
|2017-05-28|10|25|53|
|2017-05-27|9|26|53|
|2017-05-26|10|26|53|
|2017-05-25|10|30|48|
|2017-05-24|10|30|48|
|2017-05-23|10|30|48|
|2017-05-22|10|19|59|
|2017-05-21|10|25|53|
|2017-05-20|9|27|52|
|2017-05-19|9|27|52|
|2017-05-18|9|32|47|
|2017-05-17|9|32|47|
|2017-05-16|9|31|48|
|2017-05-15|9|25|54|
|2017-05-14|9|26|53|
|2017-05-13|9|33|46|
|2017-05-12|9|33|46|
|2017-05-11|9|35|44|
|2017-05-10|9|34|44|
|2017-05-09|10|33|45|
|2017-05-08|10|27|52|
|2017-05-07|10|27|52|
|2017-05-06|8|24|57|
|2017-05-05|8|23|57|
|2017-05-04|8|30|50|
|2017-05-03|8|30|50|
|2017-05-02|8|22|58|
|2017-05-01|8|23|58|
|2017-04-30|8|23|57|
|2017-04-29|7|24|57|
|2017-04-28|7|24|57|
|2017-04-27|8|28|52|
|2017-04-26|8|28|52|
|2017-04-25|8|28|52|
|2017-04-24|8|23|57|
|2017-04-23|8|23|57|
|2017-04-22|8|23|57|
|2017-04-21|7|28|53|
|2017-04-20|7|28|53|
|2017-04-19|7|28|53|
|2017-04-18|7|28|53|
|2017-04-17|7|23|58|
|2017-04-16|7|23|58|
|2017-04-15|7|23|58|
|2017-04-14|7|22|59|
|2017-04-13|6|29|53|
|2017-04-12|6|29|53|
|2017-04-11|6|25|57|
|2017-04-10|6|19|62|
|2017-04-09|6|24|57|
|2017-04-08|6|25|57|
|2017-04-07|6|25|58|
|2017-04-06|6|31|51|
|2017-04-05|6|36|46|
|2017-04-04|6|37|45|
|2017-04-03|6|31|52|
|2017-04-02|6|31|51|
|2017-04-01|4|28|57|
|2017-03-31|4|33|51|
|2017-03-30|4|31|53|
|2017-03-29|3|32|53|
|2017-03-28|3|32|54|
|2017-03-27|3|26|59|
|2017-03-26|3|26|59|
|2017-03-25|3|26|59|
|2017-03-24|3|33|52|
|2017-03-23|2|31|55|
|2017-03-22|2|31|55|
|2017-03-21|2|31|55|
|2017-03-20|2|22|64|
|2017-03-19|2|27|58|
|2017-03-18|2|27|58|
|2017-03-17|2|28|58|
|2017-03-16|2|33|53|
|2017-03-15|3|32|53|
|2017-03-14|4|32|53|
|2017-03-13|4|27|57|
|2017-03-12|4|27|57|
|2017-03-11|4|27|57|
|2017-03-10|4|33|52|
|2017-03-09|4|37|47|
|2017-03-08|4|39|45|
|2017-03-07|4|31|53|
|2017-03-06|4|32|52|
|2017-03-05|4|32|52|
|2017-03-04|4|30|54|
|2017-03-03|4|36|48|
|2017-03-02|4|33|50|
|2017-03-01|5|32|50|
|2017-02-28|6|30|52|
|2017-02-27|6|21|61|
|2017-02-26|6|26|56|
|2017-02-25|6|27|56|
|2017-02-24|5|29|54|
|2017-02-23|4|33|50|
|2017-02-22|4|34|50|
|2017-02-21|4|33|51|
|2017-02-20|4|28|56|
|2017-02-19|5|28|56|
|2017-02-18|5|28|55|
|2017-02-17|4|36|48|
|2017-02-16|4|34|50|
|2017-02-15|4|34|51|
|2017-02-14|4|31|54|
|2017-02-13|4|25|60|
|2017-02-12|4|29|55|
|2017-02-11|4|31|54|
|2017-02-10|2|39|48|
|2017-02-09|2|39|47|
|2017-02-08|2|43|43|
|2017-02-07|2|43|43|
|2017-02-06|2|35|51|
|2017-02-05|3|34|51|
|2017-02-04|2|31|55|
|2017-02-03|2|29|57|
|2017-02-02|2|35|51|
|2017-02-01|2|35|51|
|2017-01-31|2|36|51|
|2017-01-30|2|30|56|
|2017-01-29|2|30|56|
|2017-01-28|2|30|56|
|2017-01-27|2|35|51|
|2017-01-26|2|36|51|
|2017-01-25|2|35|51|
|2017-01-24|2|35|51|
|2017-01-23|2|31|56|
|2017-01-22|2|31|55|
|2017-01-21|2|31|55|
|2017-01-20|3|31|54|
|2017-01-19|3|35|51|
|2017-01-18|3|35|51|
|2017-01-17|3|35|51|
|2017-01-16|3|30|56|
|2017-01-15|2|30|56|
|2017-01-14|2|30|56|
|2017-01-13|2|30|56|
|2017-01-12|2|36|51|
|2017-01-11|2|37|49|
|2017-01-10|2|39|47|
|2017-01-09|2|38|49|
|2017-01-08|2|38|48|
|2017-01-07|2|39|47|
|2017-01-06|2|43|44|
|2017-01-05|2|38|48|
|2017-01-04|2|42|44|
|2017-01-03|3|41|44|
|2017-01-02|3|33|52|
|2017-01-01|3|33|52|
|2016-12-31|3|28|57|
|2016-12-30|3|28|57|
|2016-12-29|3|33|52|
|2016-12-28|3|33|52|
|2016-12-27|3|31|54|
|2016-12-26|3|23|62|
|2016-12-25|3|29|56|
|2016-12-24|3|31|55|
|2016-12-23|3|30|55|
|2016-12-22|3|37|48|
|2016-12-21|3|37|48|
|2016-12-20|4|33|50|
|2016-12-19|4|27|57|
|2016-12-18|4|27|57|
|2016-12-17|4|29|54|
|2016-12-16|4|35|48|
|2016-12-15|4|34|50|
|2016-12-14|4|34|50|
|2016-12-13|4|32|51|
|2016-12-12|4|21|62|
|2016-12-11|5|20|62|
|2016-12-10|4|23|60|
|2016-12-09|5|26|56|
|2016-12-08|5|31|51|
|2016-12-07|5|31|51|
|2016-12-06|7|20|61|
|2016-12-05|7|20|61|
|2016-12-04|7|19|60|
|2016-12-03|8|25|54|
|2016-12-02|8|31|48|
|2016-12-01|10|31|46|
|2016-11-30|11|29|46|
|2016-11-29|12|29|47|
|2016-11-28|12|18|57|
|2016-11-27|12|19|57|
|2016-11-26|11|20|56|
|2016-11-25|12|30|46|
|2016-11-24|12|30|46|
|2016-11-23|12|30|45|
|2016-11-22|12|30|46|
|2016-11-21|11|25|51|
|2016-11-20|11|32|44|
|2016-11-19|11|32|44|
|2016-11-18|12|32|44|
|2016-11-17|12|31|44|
|2016-11-16|12|31|44|
|2016-11-15|12|31|44|
|2016-11-14|12|25|51|
|2016-11-13|12|25|50|
|2016-11-12|11|26|50|
|2016-11-11|11|26|50|
|2016-11-10|11|32|44|
|2016-11-09|11|32|44|
|2016-11-08|11|26|50|
|2016-11-07|11|26|50|
|2016-11-06|12|26|49|
|2016-11-05|12|26|49|
|2016-11-04|12|31|44|
|2016-11-03|12|31|44|
|2016-11-02|12|31|44|
|2016-11-01|12|31|44|
|2016-10-31|12|25|50|
|2016-10-30|12|25|50|
|2016-10-29|12|25|50|
|2016-10-28|12|25|50|
|2016-10-27|12|31|44|
|2016-10-26|12|31|44|
|2016-10-25|12|31|44|
|2016-10-24|12|24|50|
|2016-10-23|12|25|50|
|2016-10-22|12|25|50|
|2016-10-21|12|26|49|
|2016-10-20|12|31|44|
|2016-10-19|12|31|44|
|2016-10-18|12|24|50|
|2016-10-17|12|24|50|
|2016-10-16|12|25|50|
|2016-10-15|12|25|49|
|2016-10-14|12|31|44|
|2016-10-13|12|31|44|
|2016-10-12|12|31|44|
|2016-10-11|12|25|50|
|2016-10-10|12|24|50|
|2016-10-09|12|24|50|
|2016-10-08|12|26|49|
|2016-10-07|12|31|44|
|2016-10-06|12|31|44|
|2016-10-05|12|31|44|
|2016-10-04|12|31|44|
|2016-10-03|12|24|51|
|2016-10-02|12|24|50|
|2016-10-01|12|25|49|
|2016-09-30|12|31|44|
|2016-09-29|12|31|44|
|2016-09-28|12|31|44|
|2016-09-27|12|30|45|
|2016-09-26|12|25|50|
|2016-09-25|12|25|50|
|2016-09-24|12|26|49|
|2016-09-23|12|32|43|
|2016-09-22|12|32|43|
|2016-09-21|12|32|43|
|2016-09-20|12|32|43|
|2016-09-19|13|25|49|
|2016-09-18|13|26|48|
|2016-09-17|13|32|42|
|2016-09-16|13|33|41|
|2016-09-15|13|33|41|
|2016-09-14|13|33|41|
|2016-09-13|13|26|47|
|2016-09-12|14|26|47|
|2016-09-11|13|27|47|
|2016-09-10|13|27|47|
|2016-09-09|14|32|41|
|2016-09-08|14|32|41|
|2016-09-07|14|32|41|
|2016-09-06|14|31|42|
|2016-09-05|14|26|47|
|2016-09-04|14|27|46|
|2016-09-03|14|32|41|
|2016-09-02|14|32|41|
|2016-09-01|14|32|41|
|2016-08-31|14|32|41|
|2016-08-30|14|25|48|
|2016-08-29|14|25|48|
|2016-08-28|14|26|48|
|2016-08-27|14|26|48|
|2016-08-26|14|27|47|
|2016-08-25|14|32|41|
|2016-08-24|14|32|41|
|2016-08-23|14|26|47|
|2016-08-22|14|26|47|
|2016-08-21|14|26|47|
|2016-08-20|13|27|46|
|2016-08-19|13|27|46|
|2016-08-18|13|33|41|
|2016-08-17|13|33|41|
|2016-08-16|13|28|46|
|2016-08-15|13|27|47|
|2016-08-14|13|27|47|
|2016-08-13|13|33|42|
|2016-08-12|13|33|41|
|2016-08-11|13|34|41|
|2016-08-10|13|34|41|
|2016-08-09|13|33|42|
|2016-08-08|13|28|47|
|2016-08-07|13|28|46|
|2016-08-06|13|29|46|
|2016-08-05|13|33|42|
|2016-08-04|13|34|41|
|2016-08-03|13|33|41|
|2016-08-02|13|28|46|
|2016-08-01|13|27|47|
|2016-07-31|13|27|47|
|2016-07-30|13|27|47|
|2016-07-29|13|28|46|
|2016-07-28|13|33|41|
|2016-07-27|13|33|41|
|2016-07-26|13|28|46|
|2016-07-25|13|27|47|
|2016-07-24|13|28|46|
|2016-07-23|13|33|41|
|2016-07-22|13|34|41|
|2016-07-21|13|33|41|
|2016-07-20|13|33|41|
|2016-07-19|13|27|47|
|2016-07-18|13|27|47|
|2016-07-17|13|27|47|
|2016-07-16|13|28|47|
|2016-07-15|13|33|41|
|2016-07-14|13|33|41|
|2016-07-13|13|33|41|
|2016-07-12|14|32|41|
|2016-07-11|14|27|46|
|2016-07-10|13|27|46|
|2016-07-09|14|27|46|
|2016-07-08|13|33|42|
|2016-07-07|13|33|41|
|2016-07-06|13|33|41|
|2016-07-05|13|29|46|
|2016-07-04|13|29|46|
|2016-07-03|13|29|45|
|2016-07-02|12|34|41|
|2016-07-01|12|34|41|
|2016-06-30|12|34|41|
|2016-06-29|12|34|41|
|2016-06-28|12|33|41|
|2016-06-27|12|29|46|
|2016-06-26|12|30|45|
|2016-06-25|12|34|41|
|2016-06-24|12|34|41|
|2016-06-23|12|33|42|
|2016-06-22|12|33|42|
|2016-06-21|12|28|46|
|2016-06-20|13|28|46|
|2016-06-19|12|30|45|
|2016-06-18|12|30|45|
|2016-06-17|12|30|45|
|2016-06-16|12|34|41|
|2016-06-15|12|34|41|
|2016-06-14|12|33|42|
|2016-06-13|12|28|46|
|2016-06-12|0|0|0|
|2016-06-11|0|0|0|
|2016-06-10|0|0|0|
|2016-06-09|0|0|0|
|2016-06-08|0|0|0|
|2016-06-07|0|0|0|
|2016-06-06|0|0|0|
|2016-06-05|0|0|0|
|2016-06-04|0|0|0|
|2016-06-03|0|0|0|
|2016-06-02|0|0|0|
|2016-06-01|0|0|0|
|2016-05-31|0|0|0|
|2016-05-30|0|0|0|
|2016-05-29|0|0|0|
|2016-05-28|0|0|0|
|2016-05-27|0|0|0|
|2016-05-26|0|0|0|
|2016-05-25|0|0|0|
|2016-05-24|0|0|0|
|2016-05-23|0|0|0|
|2016-05-22|0|0|0|
|2016-05-21|0|0|0|
|2016-05-20|0|0|0|
|2016-05-19|0|0|0|
|2016-05-18|0|0|0|
|2016-05-17|0|0|0|
|2016-05-16|0|0|0|
|2016-05-15|0|0|0|
|2016-05-14|0|0|0|
|2016-05-13|0|0|0|
|2016-05-12|0|0|0|
|2016-05-11|0|0|0|
|2016-05-10|0|0|0|
|2016-05-09|0|0|0|
|2016-05-08|0|0|0|
|2016-05-07|0|0|0|
|2016-05-06|0|0|0|
|2016-05-05|0|0|0|
|2016-05-04|0|0|0|
|2016-05-03|0|0|0|
|2016-05-02|0|0|0|
|2016-05-01|0|0|0|
|2016-04-30|0|0|0|
|2016-04-29|0|0|0|
|2016-04-28|0|0|0|
|2016-04-27|0|0|0|
|2016-04-26|0|0|0|
|2016-04-25|0|0|0|
|2016-04-24|0|0|0|
|2016-04-23|0|0|0|
|2016-04-22|0|0|0|
|2016-04-21|0|0|0|
|2016-04-20|0|0|0|
|2016-04-19|0|0|0|
|2016-04-18|0|0|0|
|2016-04-17|0|0|0|
|2016-04-16|0|0|0|
|2016-04-15|0|0|0|
|2016-04-14|0|0|0|
|2016-04-13|0|0|0|
|2016-04-12|0|0|0|
|2016-04-11|0|0|0|
|2016-04-10|0|0|0|
|2016-04-09|0|0|0|
|2016-04-08|0|0|0|
|2016-04-07|0|0|0|
|2016-04-06|0|0|0|
|2016-04-05|0|0|0|
|2016-04-04|0|0|0|
|2016-04-03|0|0|0|
|2016-04-02|0|0|0|
|2016-04-01|0|0|0|
|2016-03-31|0|0|0|
|2016-03-30|0|0|0|
|2016-03-29|0|0|0|
|2016-03-28|0|0|0|
|2016-03-27|0|0|0|
|2016-03-26|0|0|0|
|2016-03-25|0|0|0|
|2016-03-24|0|0|0|
|2016-03-23|0|0|0|
|2016-03-22|0|0|0|
|2016-03-21|0|0|0|
|2016-03-20|0|0|0|
|2016-03-19|0|0|0|
|2016-03-18|0|0|0|
|2016-03-17|0|0|0|
|2016-03-16|0|0|0|
|2016-03-15|0|0|0|
|2016-03-14|0|0|0|
|2016-03-13|0|0|0|
|2016-03-12|0|0|0|
|2016-03-11|0|0|0|
|2016-03-10|0|0|0|
|2016-03-09|0|0|0|
|2016-03-08|0|0|0|
|2016-03-07|0|0|0|
|2016-03-06|0|0|0|
|2016-03-05|0|0|0|
|2016-03-04|0|0|0|
|2016-03-03|0|0|0|
|2016-03-02|0|0|0|
|2016-03-01|0|0|0|
|2016-02-29|0|0|0|
|2016-02-28|0|0|0|
|2016-02-27|0|0|0|
|2016-02-26|0|0|0|
|2016-02-25|0|0|0|
|2016-02-24|0|0|0|
|2016-02-23|0|0|0|
|2016-02-22|0|0|0|
|2016-02-21|0|0|0|
|2016-02-20|0|0|0|
|2016-02-19|0|0|0|
|2016-02-18|0|0|0|
|2016-02-17|0|0|0|
|2016-02-16|0|0|0|
|2016-02-15|0|0|0|
|2016-02-14|0|0|0|
|2016-02-13|0|0|0|
|2016-02-12|0|0|0|
|2016-02-11|0|0|0|
|2016-02-10|0|0|0|
|2016-02-09|0|0|0|
|2016-02-08|0|0|0|
|2016-02-07|0|0|0|
|2016-02-06|0|0|0|
|2016-02-05|0|0|0|
|2016-02-04|0|0|0|
|2016-02-03|0|0|0|
|2016-02-02|0|0|0|
|2016-02-01|0|0|0|
|2016-01-31|0|0|0|
|2016-01-30|0|0|0|
|2016-01-29|0|0|0|
|2016-01-28|0|0|0|
|2016-01-27|0|0|0|
|2016-01-26|0|0|0|
|2016-01-25|0|0|0|
|2016-01-24|0|0|0|
|2016-01-23|0|0|0|
|2016-01-22|0|0|0|
|2016-01-21|0|0|0|
|2016-01-20|0|0|0|
|2016-01-19|0|0|0|
|2016-01-18|0|0|0|
|2016-01-17|0|0|0|
|2016-01-16|0|0|0|
|2016-01-15|0|0|0|
|2016-01-14|0|0|0|
|2016-01-13|0|0|0|
|2016-01-12|0|0|0|
|2016-01-11|0|0|0|
|2016-01-10|0|0|0|
|2016-01-09|0|0|0|
|2016-01-08|0|0|0|
|2016-01-07|0|0|0|
|2016-01-06|0|0|0|
|2016-01-05|0|0|0|
|2016-01-04|0|0|0|
|2016-01-03|0|0|0|
|2016-01-02|0|0|0|
|2016-01-01|0|0|0|
|2015-12-31|0|0|0|
|2015-12-30|0|0|0|
|2015-12-29|0|0|0|
|2015-12-28|0|0|0|
|2015-12-27|0|0|0|
|2015-12-26|0|0|0|
|2015-12-25|0|0|0|
|2015-12-24|0|0|0|
|2015-12-23|0|0|0|
|2015-12-22|0|0|0|
|2015-12-21|0|0|0|
|2015-12-20|0|0|0|
|2015-12-19|0|0|0|
|2015-12-18|0|0|0|
|2015-12-17|0|0|0|
|2015-12-16|0|0|0|
|2015-12-15|0|0|0|
|2015-12-14|0|0|0|
|2015-12-13|0|0|0|
|2015-12-12|0|0|0|
|2015-12-11|0|0|0|
|2015-12-10|0|0|0|
|2015-12-09|0|0|0|
|2015-12-08|0|0|0|
|2015-12-07|0|0|0|
|2015-12-06|0|0|0|
|2015-12-05|0|0|0|
|2015-12-04|0|0|0|
|2015-12-03|0|0|0|
|2015-12-02|0|0|0|
|2015-12-01|0|0|0|
|2015-11-30|0|0|0|
|2015-11-29|0|0|0|
|2015-11-28|0|0|0|
|2015-11-27|0|0|0|
|2015-11-26|0|0|0|
|2015-11-25|0|0|0|
|2015-11-24|0|0|0|
|2015-11-23|0|0|0|
|2015-11-22|0|0|0|
|2015-11-21|0|0|0|
|2015-11-20|0|0|0|
|2015-11-19|0|0|0|
|2015-11-18|0|0|0|
|2015-11-17|0|0|0|
|2015-11-16|0|0|0|
|2015-11-15|0|0|0|
|2015-11-14|0|0|0|
|2015-11-13|0|0|0|
|2015-11-09|0|0|0|
|2015-11-08|0|0|0|
|2015-11-07|0|0|0|
|2015-11-06|0|0|0|
|2015-11-05|0|0|0|
|2015-11-04|0|0|0|
|2015-11-03|0|0|0|
|2015-11-02|0|0|0|
|2015-11-01|0|0|0|
|2015-10-31|0|0|0|
|2015-10-30|0|0|0|
|2015-10-29|0|0|0|
|2015-10-28|0|0|0|
|2015-10-27|0|0|0|
|2015-10-26|0|0|0|
|2015-10-25|0|0|0|
|2015-10-24|0|0|0|
|2015-10-23|0|0|0|
|2015-10-22|0|0|0|
|2015-10-21|0|0|0|
|2015-10-20|0|0|0|
|2015-10-19|0|0|0|
|2015-10-18|0|0|0|
|2015-10-17|0|0|0|
|2015-10-16|0|0|0|
|2015-10-15|0|0|0|
|2015-10-14|0|0|0|
|2015-10-13|0|0|0|
|2015-10-12|0|0|0|
|2015-10-11|0|0|0|
|2015-10-10|0|0|0|
|2015-10-09|0|0|0|
|2015-10-08|0|0|0|
|2015-10-07|0|0|0|
|2015-10-06|0|0|0|
|2015-10-05|0|0|0|
|2015-10-04|0|0|0|
|2015-10-03|0|0|0|
|2015-10-02|0|0|0|
|2015-10-01|0|0|0|
|2015-09-30|0|0|0|
|2015-09-29|0|0|0|
|2015-09-28|0|0|0|
|2015-09-27|0|0|0|
|2015-09-26|0|0|0|
|2015-09-25|0|0|0|
|2015-09-24|0|0|0|
|2015-09-23|0|0|0|
|2015-09-22|0|0|0|
|2015-09-21|0|0|0|
|2015-09-20|0|0|0|
|2015-09-19|0|0|0|
|2015-09-18|0|0|0|
|2015-09-17|0|0|0|
|2015-09-16|0|0|0|
|2015-09-15|0|0|0|
|2015-09-14|0|0|0|
|2015-09-13|0|0|0|
|2015-09-12|0|0|0|
|2015-09-11|0|0|0|
|2015-09-10|0|0|0|
|2015-09-09|0|0|0|
|2015-09-08|0|0|0|
|2015-09-07|0|0|0|
|2015-09-06|0|0|0|
|2015-09-05|0|0|0|
|2015-09-04|0|0|0|
|2015-09-03|0|0|0|
|2015-09-02|0|0|0|
|2015-09-01|0|0|0|
|2015-08-17|0|0|0|
|2015-08-16|0|0|0|
|2015-08-15|0|0|0|
|2015-08-14|0|0|0|
|2015-08-13|0|0|0|
|2015-08-12|0|0|0|
|2015-08-11|0|0|0|
|2015-08-10|0|0|0|
|2015-08-09|0|0|0|
|2015-08-08|0|0|0|
|2015-08-07|0|0|0|
|2015-08-06|0|0|0|
|2015-08-05|0|0|0|
|2015-08-04|0|0|0|
|2015-08-03|0|0|0|
|2015-08-02|0|0|0|
|2015-08-01|0|0|0|
|2015-07-31|0|0|0|
|2015-07-30|0|0|0|
|2015-07-29|0|0|0|
|2015-07-28|0|0|0|
|2015-07-27|0|0|0|
|2015-07-26|0|0|0|
|2015-07-25|0|0|0|
|2015-07-24|0|0|0|
|2015-07-23|0|0|0|
|2015-07-22|0|0|0|
|2015-07-21|0|0|0|
|2015-07-20|0|0|0|
|2015-07-19|0|0|0|
|2015-07-18|0|0|0|
|2015-07-17|0|0|0|
|2015-07-16|0|0|0|
|2015-07-15|0|0|0|
|2015-07-14|0|0|0|
|2015-07-13|0|0|0|
|2015-07-12|0|0|0|
|2015-07-11|0|0|0|
|2015-07-10|0|0|0|
|2015-07-09|0|0|0|
|2015-07-08|0|0|0|
|2015-07-07|0|0|0|
|2015-07-06|0|0|0|
|2015-07-05|0|0|0|
|2015-07-04|0|0|0|
|2015-07-03|0|0|0|
|2015-07-02|0|0|0|
|2015-07-01|0|0|0|
|2015-06-30|0|0|0|
|2015-06-29|0|0|0|
|2015-06-28|0|0|0|
|2015-06-27|0|0|0|
|2015-06-26|0|0|0|
|2015-06-25|0|0|0|
|2015-06-24|0|0|0|
|2015-06-23|0|0|0|
|2015-06-22|0|0|0|
|2015-06-21|0|0|0|
|2015-06-20|0|0|0|
|2015-06-19|0|0|0|
|2015-06-18|0|0|0|
|2015-06-17|0|0|0|
|2015-06-16|0|0|0|
|2015-06-15|0|0|0|
|2015-06-14|0|0|0|
|2015-06-13|0|0|0|
|2015-06-12|0|0|0|
|2015-06-11|0|0|0|
|2015-06-10|0|0|0|
|2015-06-09|0|0|0|
|2015-06-08|0|0|0|
|2015-06-07|0|0|0|
|2015-06-06|0|0|0|
|2015-06-05|0|0|0|
|2015-06-04|0|0|0|
|2015-06-03|0|0|0|
|2015-06-02|0|0|0|
|2015-06-01|0|0|0|
|2015-05-31|0|0|0|
|2015-05-30|0|0|0|
|2015-05-29|0|0|0|
|2015-05-28|0|0|0|
|2015-05-27|0|0|0|
|2015-05-26|0|0|0|
|2015-05-25|0|0|0|
|2015-05-24|0|0|0|
|2015-05-23|0|0|0|
|2015-05-22|0|0|0|
|2015-05-21|0|0|0|
|2015-05-20|0|0|0|
|2015-05-19|0|0|0|
|2015-05-18|0|0|0|
|2015-05-17|0|0|0|
|2015-05-16|0|0|0|
|2015-05-15|0|0|0|
|2015-05-14|0|0|0|
|2015-05-13|0|0|0|
|2015-05-12|0|0|0|
|2015-05-11|0|0|0|
|2015-05-10|0|0|0|
|2015-05-09|0|0|0|
|2015-05-08|0|0|0|
|2015-05-07|0|0|0|
|2015-05-06|0|0|0|
|2015-05-05|0|0|0|
|2015-05-04|0|0|0|
|2015-05-03|0|0|0|
|2015-05-02|0|0|0|
|2015-05-01|0|0|0|
|2015-04-30|0|0|0|
|2015-04-29|0|0|0|
|2015-04-28|0|0|0|
|2015-04-27|0|0|0|
|2015-04-26|0|0|0|
|2015-04-25|0|0|0|
|2015-04-24|0|0|0|
|2015-04-23|0|0|0|
|2015-04-22|0|0|0|
|2015-04-21|0|0|0|
|2015-04-20|0|0|0|
|2015-04-19|0|0|0|
|2015-04-18|0|0|0|
|2015-04-17|0|0|0|
|2015-04-16|0|0|0|
|2015-04-15|0|0|0|
|2015-04-14|0|0|0|
|2015-04-13|0|0|0|
|2015-04-12|0|0|0|
|2015-04-11|0|0|0|
|2015-04-10|0|0|0|
|2015-04-09|0|0|0|
|2015-04-08|0|0|0|
|2015-04-07|0|0|0|
|2015-04-06|0|0|0|
|2015-04-05|0|0|0|
|2015-04-04|0|0|0|
|2015-04-03|0|0|0|
|2015-04-02|0|0|0|
|2015-04-01|0|0|0|
|2015-03-31|0|0|0|
|2015-03-30|0|0|0|
|2015-03-29|0|0|0|
|2015-03-28|0|0|0|
|2015-03-27|0|0|0|
|2015-03-26|0|0|0|
|2015-03-25|0|0|0|
|2015-03-24|0|0|0|
|2015-03-23|0|0|0|
|2015-03-22|0|0|0|
|2015-03-21|0|0|0|
|2015-03-20|0|0|0|
|2015-03-19|0|0|0|
|2015-03-18|0|0|0|
|2015-03-17|0|0|0|
|2015-03-16|0|0|0|
|2015-03-15|0|0|0|
|2015-03-14|0|0|0|
|2015-03-13|0|0|0|
|2015-03-12|0|0|0|
|2015-03-11|0|0|0|
|2015-03-10|0|0|0|
|2015-03-09|0|0|0|
|2015-03-08|0|0|0|
|2015-03-07|0|0|0|
|2015-03-06|0|0|0|
|2015-03-05|0|0|0|
|2015-03-04|0|0|0|
|2015-03-03|0|0|0|
|2015-03-02|0|0|0|
|2015-03-01|0|0|0|
|2015-02-28|0|0|0|
|2015-02-27|0|0|0|
|2015-02-26|0|0|0|
|2015-02-25|5|36|33|
|2015-02-24|5|35|33|
|2015-02-23|6|40|28|
|2015-02-22|5|41|28|
|2015-02-21|5|41|28|
|2015-02-20|5|41|28|
|2015-02-19|5|41|28|
|2015-02-18|5|42|26|
|2015-02-17|5|42|27|
|2015-02-16|5|42|27|
|2015-02-15|4|34|35|
|2015-02-14|4|34|35|
|2015-02-13|4|35|34|
|2015-02-12|4|35|34|
|2015-02-11|4|43|27|
|2015-02-10|4|43|27|
|2015-02-09|4|43|27|
|2015-02-08|4|43|27|
|2015-02-07|5|54|15|
|2015-02-06|5|54|15|
|2015-02-05|5|54|15|
|2015-02-04|5|55|14|
|2015-02-03|5|54|15|
|2015-02-02|5|54|15|
|2015-02-01|5|53|15|
|2015-01-31|5|48|21|
|2015-01-30|5|33|36|
|2015-01-29|5|33|35|
|2015-01-28|5|55|14|
|2015-01-27|5|54|15|
|2015-01-26|5|55|14|
|2015-01-25|5|54|15|
|2015-01-24|5|52|17|
|2015-01-23|5|45|23|
|2015-01-22|5|45|23|
|2015-01-21|5|48|20|
|2015-01-20|5|52|16|
|2015-01-19|5|52|16|
|2015-01-18|5|50|19|
|2015-01-17|5|51|18|
|2015-01-16|5|50|19|
|2015-01-15|5|50|18|
|2015-01-14|5|51|17|
|2015-01-13|5|54|14|
|2015-01-12|5|54|14|
|2015-01-11|5|44|24|
|2015-01-10|5|43|25|
|2015-01-09|5|54|15|
|2015-01-08|5|53|15|
|2015-01-07|5|53|15|
|2015-01-06|5|54|15|
|2015-01-05|6|53|15|
|2015-01-04|6|51|16|
|2015-01-03|6|38|29|
|2015-01-02|6|38|29|
|2015-01-01|7|40|27|
|2014-12-31|7|39|28|
|2014-12-30|7|53|14|
|2014-12-29|7|56|11|
|2014-12-28|6|53|15|
|2014-12-27|6|57|10|
|2014-12-26|6|55|13|
|2014-12-25|6|54|13|
|2014-12-24|6|54|13|
|2014-12-23|6|53|15|
|2014-12-22|6|61|6|
|2014-12-21|6|59|9|
|2014-12-20|6|49|18|
|2014-12-19|6|43|25|
|2014-12-18|6|43|25|
|2014-12-17|6|43|25|
|2014-12-16|8|45|21|
|2014-12-15|8|51|14|
|2014-12-14|9|50|14|
|2014-12-13|10|49|15|
|2014-12-12|14|40|19|
|2014-12-11|14|40|19|
|2014-12-10|27|32|15|
|2014-12-09|28|31|15|
|2014-12-08|24|35|15|
|2014-12-07|24|36|14|
|2014-12-06|16|43|14|
|2014-12-05|13|43|17|
|2014-12-04|13|43|17|
|2014-12-03|13|43|17|
|2014-12-02|15|43|16|
|2014-12-01|15|43|16|
|2014-11-30|15|43|16|
|2014-11-29|13|43|18|
|2014-11-28|14|42|17|
|2014-11-27|14|42|17|
|2014-11-26|12|46|15|
|2014-11-25|12|46|15|
|2014-11-24|12|46|15|
|2014-11-23|11|42|20|
|2014-11-22|11|42|20|
|2014-11-21|11|42|20|
|2014-11-20|11|45|17|
|2014-11-19|11|46|16|
|2014-11-18|11|46|16|
|2014-11-17|11|47|14|
|2014-11-16|11|47|15|
|2014-11-15|11|47|15|
|2014-11-14|12|39|22|
|2014-11-13|12|39|22|
|2014-11-12|12|39|22|
|2014-11-11|11|39|22|
|2014-11-10|11|39|22|
|2014-11-09|11|40|22|
|2014-11-08|11|40|22|
|2014-11-07|11|47|15|
|2014-11-06|11|46|16|
|2014-11-05|11|51|12|
|2014-11-04|11|51|12|
|2014-11-03|11|49|13|
|2014-11-02|11|44|18|
|2014-11-01|11|43|19|
|2014-10-31|11|44|19|
|2014-10-30|11|38|24|
|2014-10-29|11|35|28|
|2014-10-28|11|35|28|
|2014-10-27|11|46|16|
|2014-10-26|10|47|16|
|2014-10-25|10|50|12|
|2014-10-24|10|50|12|
|2014-10-23|10|52|11|
|2014-10-22|10|51|11|
|2014-10-21|10|51|11|
|2014-10-20|9|48|16|
|2014-10-19|5|51|17|
|2014-10-18|4|51|18|
|2014-10-17|3|45|25|
|2014-10-16|3|45|25|
|2014-10-15|3|47|22|
|2014-10-14|3|47|22|
|2014-10-13|2|51|21|
|2014-10-12|2|51|21|
|2014-10-11|1|43|28|
|2014-10-10|1|43|29|
|2014-10-09|2|44|27|
|2014-10-08|2|48|24|
|2014-10-07|2|49|23|
|2014-10-06|2|49|23|
|2014-10-05|1|54|18|
|2014-10-04|1|53|18|
|2014-10-03|1|50|22|
|2014-10-02|1|50|22|
|2014-10-01|1|50|22|
|2014-09-30|1|50|22|
|2014-09-29|1|50|22|
|2014-09-28|1|50|22|
