<html>
 <head>
   <script type="text/javascript" src="https://www.google.com/jsapi"></script>
   <script type="text/javascript">
     google.load("visualization", "1", {packages:["corechart"]});
     google.setOnLoadCallback(drawChart);
     function drawChart() {
       var data = google.visualization.arrayToDataTable([
['Date','EFD','FC','SATA'],
['2014-10-31',   0,  0,  0],
['2014-11-01',   0,  0,  0],
['2014-11-02',   0,  0,  0],
['2014-11-03',   0,  0,  0],
['2014-11-04',   0,  0,  0],
['2014-11-05',   0,  0,  0],
['2014-11-06',   0,  0,  0],
['2014-11-07',   0,  0,  0],
['2014-11-08',   0,  0,  0],
['2014-11-09',   0,  0,  0],
['2014-11-10',   0,  101,  1],
['2014-11-11',   0,  101,  1],
['2014-11-12',   0,  101,  1],
['2014-11-13',   0,  101,  1],
['2014-11-14',   0,  98,  3],
['2014-11-15',   0,  44,  57],
['2014-11-16',   0,  29,  72],
['2014-11-17',   0,  29,  72],
['2014-11-18',   0,  38,  63],
['2014-11-19',   0,  54,  48],
['2014-11-20',   0,  54,  48],
['2014-11-21',   0,  54,  47],
['2014-11-22',   0,  49,  53],
['2014-11-23',   0,  28,  73],
['2014-11-24',   0,  26,  75],
['2014-11-25',   0,  26,  75],
['2014-11-26',   0,  42,  60],
['2014-11-27',   0,  43,  59],
['2014-11-28',   0,  43,  59],
['2014-11-29',   0,  46,  56],
['2014-11-30',   0,  44,  58],
['2014-12-01',   0,  44,  58],
['2014-12-02',   0,  24,  77],
['2014-12-03',   0,  17,  85],
['2014-12-04',   0,  11,  90],
['2014-12-05',   0,  27,  74],
['2014-12-06',   0,  29,  73],
['2014-12-07',   0,  29,  73],
['2014-12-08',   0,  31,  70],
['2014-12-09',   0,  31,  70],
['2014-12-10',   0,  32,  69],
['2014-12-11',   0,  17,  85],
['2014-12-12',   0,  17,  85],
['2014-12-13',   0,  15,  86],
['2014-12-14',   0,  34,  67],
['2014-12-15',   0,  34,  67],
['2014-12-16',   0,  32,  69],
['2014-12-17',   0,  35,  66],
['2014-12-18',   0,  35,  66],
['2014-12-19',   0,  35,  67],
['2014-12-20',   0,  41,  61],
['2014-12-21',   0,  41,  61],
['2014-12-22',   0,  69,  33],
['2014-12-23',   0,  96,  5],
['2014-12-24',   0,  95,  7],
['2014-12-25',   0,  94,  7],
['2014-12-26',   0,  81,  20],
['2014-12-27',   0,  37,  64],
['2014-12-28',   0,  37,  64],
['2014-12-29',   0,  38,  63],
['2014-12-30',   0,  28,  73],
['2014-12-31',   0,  14,  87],
['2015-01-01',   0,  14,  87],
['2015-01-02',   0,  11,  90],
['2015-01-03',   0,  23,  78],
['2015-01-04',   0,  27,  75],
['2015-01-05',   0,  30,  71],
['2015-01-06',   0,  24,  77],
['2015-01-07',   0,  17,  84],
['2015-01-08',   0,  18,  84],
['2015-01-09',   0,  27,  75],
['2015-01-10',   0,  25,  76],
['2015-01-11',   0,  26,  75],
['2015-01-12',   0,  29,  72],
['2015-01-13',   0,  27,  75],
['2015-01-14',   0,  21,  80],
['2015-01-15',   0,  19,  83],
['2015-01-16',   0,  21,  80],
['2015-01-17',   0,  25,  76],
['2015-01-18',   0,  27,  75],
['2015-01-19',   0,  26,  75],
['2015-01-20',   0,  27,  74],
['2015-01-21',   0,  17,  84],
['2015-01-22',   0,  17,  84],
['2015-01-23',   0,  18,  84],
['2015-01-24',   0,  27,  75],
['2015-01-25',   0,  28,  74],
['2015-01-26',   0,  27,  74],
['2015-01-27',   0,  27,  75],
['2015-01-28',   0,  22,  80],
['2015-01-29',   0,  21,  80],
['2015-01-30',   0,  23,  78],
['2015-01-31',   0,  22,  80],
['2015-02-01',   0,  23,  78],
['2015-02-02',   0,  24,  78],
['2015-02-03',   0,  24,  78],
['2015-02-04',   0,  23,  78],
['2015-02-05',   0,  22,  79],
['2015-02-06',   0,  22,  80],
['2015-02-07',   0,  20,  81],
['2015-02-08',   0,  20,  81],
['2015-02-09',   0,  15,  86],
['2015-02-10',   0,  15,  86],
['2015-02-11',   0,  13,  88],
['2015-02-12',   0,  13,  88],
['2015-02-13',   0,  15,  87],
['2015-02-14',   0,  15,  86],
['2015-02-15',   0,  17,  84],
['2015-02-16',   0,  17,  84],
['2015-02-17',   0,  14,  87],
['2015-02-18',   0,  14,  87],
['2015-02-19',   0,  12,  89],
['2015-02-20',   0,  15,  86],
['2015-02-21',   0,  16,  85],
['2015-02-22',   0,  17,  84],
['2015-02-23',   0,  17,  84],
['2015-02-24',   0,  16,  86],
['2015-02-25',   0,  15,  87],
['2015-02-26',   0,  16,  85],
['2015-02-27',   0,  18,  84],
['2015-02-28',   0,  18,  84],
['2015-03-01',   0,  18,  84],
['2015-03-02',   0,  18,  83],
['2015-03-03',   0,  13,  88],
['2015-03-04',   0,  16,  86],
['2015-03-05',   0,  15,  87],
['2015-03-06',   0,  15,  87],
['2015-03-07',   0,  14,  87],
['2015-03-08',   0,  14,  87],
['2015-03-09',   0,  14,  87],
['2015-03-10',   0,  13,  89],
['2015-03-11',   0,  12,  89],
['2015-03-12',   0,  12,  89],
['2015-03-13',   0,  15,  87],
['2015-03-14',   0,  15,  87],
['2015-03-15',   0,  16,  85],
['2015-03-16',   0,  16,  85],
['2015-03-17',   0,  14,  87],
['2015-03-18',   0,  12,  89],
['2015-03-19',   0,  12,  89],
['2015-03-20',   0,  15,  86],
['2015-03-21',   0,  15,  86],
['2015-03-22',   0,  15,  86],
['2015-03-23',   0,  15,  86],
['2015-03-24',   0,  15,  86],
['2015-03-25',   0,  12,  89],
['2015-03-26',   0,  9,  93],
['2015-03-27',   0,  9,  93],
['2015-03-28',   0,  7,  94],
['2015-03-29',   0,  13,  89],
['2015-03-30',   0,  15,  86],
['2015-03-31',   0,  15,  86],
['2015-04-01',   0,  13,  88],
['2015-04-02',   0,  13,  88],
['2015-04-03',   0,  13,  88],
['2015-04-04',   0,  14,  87],
['2015-04-05',   0,  15,  87],
['2015-04-06',   0,  13,  88],
['2015-04-07',   0,  12,  89],
['2015-04-08',   0,  11,  90],
['2015-04-09',   0,  13,  89],
['2015-04-10',   0,  13,  88],
['2015-04-11',   0,  14,  87],
['2015-04-12',   0,  15,  86],
['2015-04-13',   0,  15,  86],
['2015-04-14',   0,  14,  87],
['2015-04-15',   0,  12,  90],
['2015-04-16',   0,  12,  90],
['2015-04-17',   0,  13,  89],
['2015-04-18',   0,  14,  87],
['2015-04-19',   0,  15,  86],
['2015-04-20',   0,  15,  86],
['2015-04-21',   0,  11,  90],
['2015-04-22',   0,  10,  91],
['2015-04-23',   0,  10,  92],
['2015-04-24',   0,  13,  88],
['2015-04-25',   0,  15,  87],
['2015-04-26',   0,  15,  86],
['2015-04-27',   0,  10,  91],
['2015-04-28',   0,  11,  91],
['2015-04-29',   0,  11,  91],
['2015-04-30',   0,  10,  92],
['2015-05-01',   0,  13,  88],
['2015-05-02',   0,  14,  88],
['2015-05-03',   0,  14,  88],
['2015-05-04',   0,  14,  87],
['2015-05-05',   0,  12,  89],
['2015-05-06',   0,  8,  93],
['2015-05-07',   0,  8,  93],
['2015-05-08',   0,  9,  92],
['2015-05-09',   0,  13,  89],
['2015-05-10',   0,  13,  88],
['2015-05-11',   0,  13,  88],
['2015-05-12',   0,  13,  89],
['2015-05-13',   0,  10,  92],
['2015-05-14',   0,  7,  95],
['2015-05-15',   0,  7,  95],
['2015-05-16',   0,  12,  89],
['2015-05-17',   0,  14,  87],
['2015-05-18',   0,  14,  87],
['2015-05-19',   0,  14,  87],
['2015-05-20',   0,  14,  88],
['2015-05-21',   0,  14,  88],
['2015-05-22',   0,  15,  87],
['2015-05-23',   0,  15,  86],
['2015-05-24',   0,  15,  86],
['2015-05-25',   0,  13,  88],
['2015-05-26',   0,  11,  90],
['2015-05-27',   0,  11,  90],
['2015-05-28',   0,  12,  89],
['2015-05-29',   0,  12,  89],
['2015-05-30',   0,  12,  89],
['2015-05-31',   0,  15,  86],
['2015-06-01',   0,  16,  86],
['2015-06-02',   0,  15,  86],
['2015-06-03',   0,  13,  89],
['2015-06-04',   0,  11,  91],
['2015-06-05',   0,  13,  88],
['2015-06-06',   0,  13,  88],
['2015-06-07',   0,  15,  86],
['2015-06-08',   0,  14,  88],
['2015-06-09',   0,  14,  88],
['2015-06-10',   0,  10,  91],
['2015-06-11',   0,  9,  93],
['2015-06-12',   0,  9,  93],
['2015-06-13',   0,  9,  93],
['2015-06-14',   0,  12,  90],
['2015-06-15',   0,  14,  87],
['2015-06-16',   0,  13,  88],
['2015-06-17',   0,  12,  89],
['2015-06-18',   0,  11,  90],
['2015-06-19',   0,  13,  88],
['2015-06-20',   0,  15,  86],
['2015-06-21',   0,  15,  86],
['2015-06-22',   0,  15,  86],
['2015-06-23',   0,  14,  87],
['2015-06-24',   0,  10,  92],
['2015-06-25',   0,  11,  91],
['2015-06-26',   0,  11,  91],
['2015-06-27',   0,  15,  86],
['2015-06-28',   0,  15,  86],
['2015-06-29',   0,  14,  88],
['2015-06-30',   0,  12,  89],
['2015-07-01',   0,  10,  92],
['2015-07-02',   0,  8,  94],
['2015-07-03',   0,  12,  89],
['2015-07-04',   0,  12,  89],
['2015-07-05',   0,  15,  86],
['2015-07-06',   0,  15,  86],
['2015-07-07',   0,  13,  88],
['2015-07-08',   0,  11,  90],
['2015-07-09',   0,  12,  89],
['2015-07-10',   0,  15,  86],
['2015-07-11',   0,  16,  86],
['2015-07-12',   0,  15,  86],
['2015-07-13',   0,  15,  86],
['2015-07-14',   0,  11,  91],
['2015-07-15',   0,  9,  93],
['2015-07-16',   0,  11,  90],
['2015-07-17',   0,  11,  90],
['2015-07-18',   0,  15,  86],
['2015-07-19',   0,  15,  86],
['2015-07-20',   0,  13,  88],
['2015-07-21',   0,  11,  91],
['2015-07-22',   0,  11,  90],
['2015-07-23',   0,  11,  91],
['2015-07-24',   0,  13,  88],
['2015-07-25',   0,  13,  88],
['2015-07-26',   0,  15,  87],
['2015-07-27',   0,  15,  86],
['2015-07-28',   0,  15,  86],
['2015-07-29',   0,  10,  92],
['2015-07-30',   0,  10,  92],
['2015-07-31',   0,  10,  91],
['2015-08-01',   0,  15,  86],
['2015-08-02',   0,  15,  86],
['2015-08-03',   0,  17,  84],
['2015-08-04',   0,  16,  86],
['2015-08-05',   0,  14,  88],
['2015-08-06',   0,  11,  90],
['2015-08-07',   0,  13,  89],
['2015-08-08',   0,  16,  85],
['2015-08-09',   0,  16,  85],
['2015-08-10',   0,  15,  86],
['2015-08-11',   0,  15,  86],
['2015-08-12',   0,  14,  87],
['2015-08-13',   0,  9,  93],
['2015-08-14',   0,  9,  93],
['2015-08-15',   0,  16,  85],
['2015-08-16',   0,  17,  85],
['2015-08-17',   0,  18,  83],
['2015-09-01',   0,  15,  86],
['2015-09-02',   0,  16,  86],
['2015-09-03',   0,  15,  87],
['2015-09-04',   0,  14,  87],
['2015-09-05',   0,  17,  84],
['2015-09-06',   0,  17,  84],
['2015-09-07',   0,  13,  88],
['2015-09-08',   0,  13,  88],
['2015-09-09',   0,  13,  88],
['2015-09-10',   0,  13,  88],
['2015-09-11',   0,  15,  86],
['2015-09-12',   0,  17,  84],
['2015-09-13',   0,  17,  84],
['2015-09-14',   0,  18,  83],
['2015-09-15',   0,  18,  83],
['2015-09-16',   0,  16,  85],
['2015-09-17',   0,  16,  85],
['2015-09-18',   0,  16,  85],
['2015-09-19',   0,  18,  83],
['2015-09-20',   0,  18,  83],
['2015-09-21',   0,  16,  86],
['2015-09-22',   0,  14,  87],
['2015-09-23',   0,  10,  91],
['2015-09-24',   0,  10,  91],
['2015-09-25',   0,  13,  89],
['2015-09-26',   0,  17,  84],
['2015-09-27',   0,  18,  83],
['2015-09-28',   0,  17,  84],
['2015-09-29',   0,  15,  86],
['2015-09-30',   0,  12,  89],
['2015-10-01',   0,  13,  88],
['2015-10-02',   0,  16,  85],
['2015-10-03',   0,  19,  83],
['2015-10-04',   0,  19,  83],
['2015-10-05',   0,  18,  83],
['2015-10-06',   0,  14,  88],
['2015-10-07',   0,  13,  89],
['2015-10-08',   0,  10,  91],
['2015-10-09',   0,  14,  87],
['2015-10-10',   0,  18,  83],
['2015-10-11',   0,  18,  83],
['2015-10-12',   0,  18,  83],
['2015-10-13',   0,  12,  89],
['2015-10-14',   0,  12,  89],
['2015-10-15',   0,  12,  89],
['2015-10-16',   0,  15,  86],
['2015-10-17',   0,  15,  87],
['2015-10-18',   0,  15,  87],
['2015-10-19',   0,  18,  83],
['2015-10-20',   0,  18,  83],
['2015-10-21',   0,  18,  84],
['2015-10-22',   0,  10,  92],
['2015-10-23',   0,  10,  92],
['2015-10-24',   0,  9,  92],
['2015-10-25',   0,  17,  84],
['2015-10-26',   0,  17,  84],
['2015-10-27',   0,  14,  87],
['2015-10-28',   0,  14,  87],
['2015-10-29',   0,  14,  87],
['2015-10-30',   0,  16,  86],
['2015-10-31',   0,  16,  85],
['2015-11-01',   0,  16,  85],
['2015-11-02',   0,  10,  91],
['2015-11-03',   0,  10,  92],
['2015-11-04',   0,  10,  91],
['2015-11-05',   0,  15,  86],
['2015-11-06',   0,  15,  86],
['2015-11-07',   0,  17,  84],
['2015-11-08',   0,  17,  84],
['2015-11-09',   0,  17,  84],
['2015-11-13',   0,  9,  92],
['2015-11-14',   0,  13,  88],
['2015-11-15',   0,  16,  86],
['2015-11-16',   0,  16,  86],
['2015-11-17',   0,  15,  87],
['2015-11-18',   0,  11,  90],
['2015-11-19',   0,  11,  90],
['2015-11-20',   0,  11,  90],
['2015-11-21',   0,  14,  87],
['2015-11-22',   0,  14,  87],
['2015-11-23',   0,  17,  84],
['2015-11-24',   0,  17,  84],
['2015-11-25',   0,  17,  85],
['2015-11-26',   0,  16,  85],
['2015-11-27',   0,  16,  85],
['2015-11-28',   0,  17,  84],
['2015-11-29',   0,  17,  84],
['2015-11-30',   0,  16,  85],
['2015-12-01',   0,  15,  87],
['2015-12-02',   0,  13,  88],
['2015-12-03',   0,  11,  90],
['2015-12-04',   0,  11,  91],
['2015-12-05',   0,  15,  86],
['2015-12-06',   0,  15,  86],
['2015-12-07',   0,  17,  84],
['2015-12-08',   0,  17,  84],
['2015-12-09',   0,  12,  89],
['2015-12-10',   0,  12,  89],
['2015-12-11',   0,  12,  89],
['2015-12-12',   0,  17,  84],
['2015-12-13',   0,  17,  84],
['2015-12-14',   0,  15,  87],
['2015-12-15',   0,  13,  88],
['2015-12-16',   0,  12,  89],
['2015-12-17',   0,  12,  89],
['2015-12-18',   0,  16,  86],
['2015-12-19',   0,  16,  86],
['2015-12-20',   0,  16,  86],
['2015-12-21',   0,  16,  85],
['2015-12-22',   0,  12,  90],
['2015-12-23',   0,  12,  90],
['2015-12-24',   0,  11,  91],
['2015-12-25',   0,  9,  93],
['2015-12-26',   0,  13,  89],
['2015-12-27',   0,  13,  89],
['2015-12-28',   0,  15,  87],
['2015-12-29',   0,  15,  87],
['2015-12-30',   0,  15,  87],
['2015-12-31',   0,  14,  87],
['2016-01-01',   0,  14,  87],
['2016-01-02',   0,  14,  87],
['2016-01-03',   0,  14,  87],
['2016-01-04',   0,  8,  94],
['2016-01-05',   0,  8,  94],
['2016-01-06',   0,  4,  97],
['2016-01-07',   0,  5,  96],
['2016-01-08',   0,  11,  91],
['2016-01-09',   0,  12,  90],
['2016-01-10',   0,  12,  90],
['2016-01-11',   0,  12,  90],
['2016-01-12',   0,  10,  91],
['2016-01-13',   0,  10,  92],
['2016-01-14',   0,  10,  92],
['2016-01-15',   0,  12,  90],
['2016-01-16',   0,  12,  90],
['2016-01-17',   0,  12,  90],
['2016-01-18',   0,  13,  88],
['2016-01-19',   0,  13,  88],
['2016-01-20',   0,  13,  88],
['2016-01-21',   0,  6,  95],
['2016-01-22',   0,  6,  95],
['2016-01-23',   0,  6,  95],
['2016-01-24',   0,  9,  93],
['2016-01-25',   0,  5,  96],
['2016-01-26',   0,  5,  96],
['2016-01-27',   0,  7,  95],
['2016-01-28',   0,  9,  93],
['2016-01-29',   0,  9,  93],
['2016-01-30',   0,  9,  93],
['2016-01-31',   0,  16,  86],
['2016-02-01',   0,  14,  88],
['2016-02-02',   0,  13,  89],
['2016-02-03',   0,  13,  89],
['2016-02-04',   0,  16,  85],
['2016-02-05',   0,  16,  85],
['2016-02-06',   0,  16,  85],
['2016-02-07',   0,  16,  85],
['2016-02-08',   0,  16,  85],
['2016-02-09',   0,  13,  88],
['2016-02-10',   0,  7,  95],
['2016-02-11',   0,  7,  95],
['2016-02-12',   0,  16,  85],
['2016-02-13',   0,  16,  85],
['2016-02-14',   0,  16,  85],
['2016-02-15',   0,  15,  86],
['2016-02-16',   0,  15,  86],
['2016-02-17',   0,  15,  86],
['2016-02-18',   0,  8,  93],
['2016-02-19',   0,  13,  88],
['2016-02-20',   0,  13,  88],
['2016-02-21',   0,  16,  85],
['2016-02-22',   0,  16,  85],
['2016-02-23',   0,  16,  85],
['2016-02-24',   0,  16,  85],
['2016-02-25',   0,  16,  85],
['2016-02-26',   0,  16,  85],
['2016-02-27',   0,  16,  85],
['2016-02-28',   0,  16,  85],
['2016-02-29',   0,  16,  85],
['2016-03-01',   0,  16,  86],
['2016-03-02',   0,  16,  86],
['2016-03-03',   0,  13,  89],
['2016-03-04',   0,  16,  86],
['2016-03-05',   0,  16,  86],
['2016-03-06',   0,  15,  86],
['2016-03-07',   0,  16,  86],
['2016-03-08',   0,  16,  86],
['2016-03-09',   0,  15,  87],
['2016-03-10',   0,  15,  87],
['2016-03-11',   0,  16,  86],
['2016-03-12',   0,  15,  86],
['2016-03-13',   0,  16,  86],
['2016-03-14',   0,  15,  86],
['2016-03-15',   0,  14,  87],
['2016-03-16',   0,  23,  87],
['2016-03-17',   0,  51,  89],
['2016-03-18',   0,  65,  88],
['2016-03-19',   0,  88,  88],
['2016-03-20',   1,  110,  88],
['2016-03-21',   0,  129,  88],
['2016-03-22',   0,  151,  89],
['2016-03-23',   0,  177,  92],
['2016-03-24',   0,  209,  96],
['2016-03-25',   0,  238,  88],
['2016-03-26',   0,  265,  88],
['2016-03-27',   1,  310,  88],
['2016-03-28',   1,  335,  89],
['2016-03-29',   0,  348,  89],
['2016-03-30',   0,  388,  89],
['2016-03-31',   0,  386,  92],
['2016-04-01',   0,  390,  88],
['2016-04-02',   0,  390,  88],
['2016-04-03',   0,  390,  88],
['2016-04-04',   0,  265,  221],
['2016-04-05',   0,  119,  378],
['2016-04-06',   0,  126,  387],
['2016-04-07',   0,  139,  393],
['2016-04-08',   0,  163,  386],
['2016-04-09',   1,  152,  397],
['2016-04-10',   1,  150,  399],
['2016-04-11',   0,  172,  398],
['2016-04-12',   0,  168,  453],
['2016-04-13',   0,  182,  457],
['2016-04-14',   0,  196,  459],
['2016-04-15',   0,  242,  418],
['2016-04-16',   1,  243,  416],
['2016-04-17',   1,  238,  421],
['2016-04-18',   1,  214,  446],
['2016-04-19',   0,  134,  526],
['2016-04-20',   0,  88,  572],
['2016-04-21',   0,  83,  577],
['2016-04-22',   0,  89,  571],
['2016-04-23',   1,  82,  577],
['2016-04-24',   1,  68,  591],
['2016-04-25',   2,  124,  535],
['2016-04-26',   1,  124,  536],
['2016-04-27',   0,  124,  536],
['2016-04-28',   0,  93,  567],
['2016-04-29',   0,  127,  533],
['2016-04-30',   2,  144,  514],
['2016-05-01',   2,  134,  524],
['2016-05-02',   1,  134,  525],
['2016-05-03',   0,  75,  585],
['2016-05-04',   0,  53,  606],
['2016-05-05',   0,  54,  606],
['2016-05-06',   0,  238,  422],
['2016-05-07',   1,  313,  346],
['2016-05-08',   2,  313,  346],
['2016-05-09',   1,  301,  358],
['2016-05-10',   0,  202,  457],
['2016-05-11',   0,  120,  540],
['2016-05-12',   0,  89,  570],
['2016-05-13',   0,  94,  566],
['2016-05-14',   1,  91,  568],
['2016-05-15',   2,  89,  570],
['2016-05-16',   2,  85,  574],
['2016-05-17',   1,  76,  583],
['2016-05-18',   1,  71,  589],
['2016-05-19',   1,  64,  596],
['2016-05-20',   1,  65,  594],
['2016-05-21',   1,  66,  594],
['2016-05-22',   2,  61,  597],
['2016-05-23',   1,  51,  608],
['2016-05-24',   1,  42,  617],
['2016-05-25',   1,  38,  622],
['2016-05-26',   1,  35,  625],
['2016-05-27',   0,  35,  625],
['2016-05-28',   1,  38,  621],
['2016-05-29',   2,  41,  618],
['2016-05-30',   1,  36,  623],
['2016-05-31',   1,  36,  623],
['2016-06-01',   0,  34,  626],
['2016-06-02',   0,  34,  626],
['2016-06-03',   0,  181,  479],
['2016-06-04',   2,  281,  378],
['2016-06-05',   2,  308,  351],
['2016-06-06',   1,  227,  432],
['2016-06-07',   1,  124,  535],
['2016-06-08',   0,  84,  576],
['2016-06-09',   0,  81,  579],
['2016-06-10',   0,  69,  590],
['2016-06-11',   1,  74,  586],
['2016-06-12',   2,  63,  595],
['2016-06-13',   1,  55,  604],
['2016-06-14',   1,  52,  607],
['2016-06-15',   0,  42,  618],
['2016-06-16',   0,  44,  616],
['2016-06-17',   0,  46,  614],
['2016-06-18',   0,  51,  609],
['2016-06-19',   1,  55,  604],
['2016-06-20',   1,  58,  601],
['2016-06-21',   0,  56,  603],
['2016-06-22',   0,  55,  605],
['2016-06-23',   0,  60,  599],
['2016-06-24',   0,  60,  600],
['2016-06-25',   1,  72,  587],
['2016-06-26',   1,  74,  585],
['2016-06-27',   1,  74,  586],
['2016-06-28',   1,  68,  591],
['2016-06-29',   1,  65,  595],
['2016-06-30',   1,  62,  598],
['2016-07-01',   0,  216,  443],
['2016-07-02',   1,  288,  372],
['2016-07-03',   1,  326,  333],
['2016-07-04',   0,  335,  324],
['2016-07-05',   0,  303,  357],
['2016-07-06',   0,  314,  346],
['2016-07-07',   0,  318,  342],
['2016-07-08',   0,  324,  336],
['2016-07-09',   1,  284,  376],
['2016-07-10',   4,  152,  504],
['2016-07-11',   2,  135,  523],
['2016-07-12',   1,  123,  536],
['2016-07-13',   0,  108,  551],
['2016-07-14',   0,  99,  560],
['2016-07-15',   0,  107,  553],
['2016-07-16',   2,  108,  550],
['2016-07-17',   5,  101,  554],
['2016-07-18',   4,  87,  569],
['2016-07-19',   1,  104,  554],
['2016-07-20',   0,  122,  537],
['2016-07-21',   0,  123,  537],
['2016-07-22',   0,  127,  533],
['2016-07-23',   4,  114,  542],
['2016-07-24',   5,  97,  559],
['2016-07-25',   5,  98,  558],
['2016-07-26',   3,  97,  560],
['2016-07-27',   1,  110,  550],
['2016-07-28',   0,  117,  543],
['2016-07-29',   0,  154,  505],
['2016-07-30',   3,  171,  486],
['2016-07-31',   6,  161,  494],
['2016-08-01',   4,  136,  520],
['2016-08-02',   1,  115,  544],
['2016-08-03',   0,  101,  559],
['2016-08-04',   0,  96,  565],
['2016-08-05',   0,  179,  481],
['2016-08-06',   8,  316,  336],
['2016-08-07',   7,  332,  321],
['2016-08-08',   4,  280,  376],
['2016-08-09',   4,  159,  498],
['2016-08-10',   1,  128,  531],
['2016-08-11',   0,  124,  536],
['2016-08-12',   0,  123,  537],
['2016-08-13',   4,  130,  526],
['2016-08-14',   7,  115,  538],
['2016-08-15',   7,  104,  549],
['2016-08-16',   4,  99,  557],
['2016-08-17',   1,  81,  578],
['2016-08-18',   0,  71,  589],
['2016-08-19',   0,  76,  584],
['2016-08-20',   8,  73,  580],
['2016-08-21',   9,  59,  592],
['2016-08-22',   9,  56,  595],
['2016-08-23',   9,  46,  606],
['2016-08-24',   1,  49,  610],
['2016-08-25',   1,  51,  608],
['2016-08-26',   0,  56,  604],
['2016-08-27',   10,  71,  580],
['2016-08-28',   9,  70,  581],
['2016-08-29',   9,  69,  583],
['2016-08-30',   9,  63,  588],
['2016-08-31',   4,  62,  594],
['2016-09-01',   2,  66,  593],
['2016-09-02',   2,  175,  484],
['2016-09-03',   9,  279,  372],
['2016-09-04',   10,  307,  343],
['2016-09-05',   9,  311,  340],
['2016-09-06',   8,  200,  452],
['2016-09-07',   2,  106,  551],
['2016-09-08',   2,  85,  572],
['2016-09-09',   1,  81,  578],
['2016-09-10',   9,  81,  570],
['2016-09-11',   10,  68,  583],
['2016-09-12',   8,  62,  590],
['2016-09-13',   7,  61,  592],
['2016-09-14',   2,  67,  591],
['2016-09-15',   2,  67,  592],
['2016-09-16',   1,  73,  586],
['2016-09-17',   8,  70,  581],
['2016-09-18',   9,  60,  591],
['2016-09-19',   8,  55,  597],
['2016-09-20',   6,  54,  600],
['2016-09-21',   1,  59,  600],
['2016-09-22',   1,  63,  596],
['2016-09-23',   1,  75,  584],
['2016-09-24',   8,  64,  588],
['2016-09-25',   10,  54,  596],
['2016-09-26',   7,  54,  600],
['2016-09-27',   4,  55,  601],
['2016-09-28',   1,  57,  602],
['2016-09-29',   1,  64,  595],
['2016-09-30',   0,  69,  591],
['2016-10-01',   8,  70,  583],
['2016-10-02',   9,  63,  588],
['2016-10-03',   8,  44,  609],
['2016-10-04',   6,  45,  609],
['2016-10-05',   5,  46,  609],
['2016-10-06',   3,  51,  606],
['2016-10-07',   3,  252,  405],
['2016-10-08',   10,  305,  346],
['2016-10-09',   12,  307,  341],
['2016-10-10',   10,  259,  391],
['2016-10-11',   10,  145,  505],
['2016-10-12',   3,  86,  571],
['2016-10-13',   1,  82,  578],
['2016-10-14',   1,  79,  580],
['2016-10-15',   7,  74,  579],
['2016-10-16',   8,  65,  586],
['2016-10-17',   7,  66,  588],
['2016-10-18',   5,  54,  600],
['2016-10-19',   2,  57,  602],
['2016-10-20',   1,  56,  604],
['2016-10-21',   0,  69,  591],
['2016-10-22',   9,  75,  577],
['2016-10-23',   9,  65,  586],
['2016-10-24',   5,  64,  591],
['2016-10-25',   4,  57,  599],
['2016-10-26',   2,  54,  604],
['2016-10-27',   1,  70,  590],
['2016-10-28',   0,  66,  594],
['2016-10-29',   8,  65,  588],
['2016-10-30',   8,  53,  599],
['2016-10-31',   6,  41,  613],
['2016-11-01',   1,  44,  615],
['2016-11-02',   1,  44,  616],
['2016-11-03',   0,  46,  614],
['2016-11-04',   0,  252,  408],
['2016-11-05',   9,  301,  350],
['2016-11-06',   11,  309,  341],
['2016-11-07',   5,  314,  341],
['2016-11-08',   3,  205,  452],
['2016-11-09',   3,  102,  555],
['2016-11-10',   1,  93,  567],
['2016-11-11',   1,  84,  576],
['2016-11-12',   8,  75,  577],
['2016-11-13',   9,  63,  588],
['2016-11-14',   6,  62,  592],
['2016-11-15',   3,  65,  592],
['2016-11-16',   1,  67,  591],
['2016-11-17',   1,  67,  592],
['2016-11-18',   0,  83,  577],
['2016-11-19',   9,  80,  572],
['2016-11-20',   10,  62,  588],
['2016-11-21',   7,  41,  613],
['2016-11-22',   2,  48,  609],
['2016-11-23',   1,  53,  607],
['2016-11-24',   0,  57,  603],
['2016-11-25',   0,  72,  589],
['2016-11-26',   7,  68,  585],
['2016-11-27',   10,  59,  591],
['2016-11-28',   7,  61,  593],
['2016-11-29',   4,  54,  602],
['2016-11-30',   2,  57,  602],
['2016-12-01',   1,  55,  605],
['2016-12-02',   0,  195,  465],
['2016-12-03',   9,  298,  353],
['2016-12-04',   9,  310,  341],
['2016-12-05',   6,  298,  356],
['2016-12-06',   4,  300,  356],
['2016-12-07',   7,  192,  461],
['2016-12-08',   9,  92,  559],
['2016-12-09',   10,  84,  567],
['2016-12-10',   11,  84,  565],
['2016-12-11',   14,  77,  570],
['2016-12-12',   12,  70,  578],
['2016-12-13',   11,  56,  593],
['2016-12-14',   11,  54,  595],
['2016-12-15',   10,  61,  589],
['2016-12-16',   8,  70,  581],
['2016-12-17',   8,  75,  577],
['2016-12-18',   10,  68,  582],
['2016-12-19',   10,  64,  587],
['2016-12-20',   9,  60,  592],
['2016-12-21',   7,  66,  588],
['2016-12-22',   3,  65,  592],
['2016-12-23',   1,  76,  583],
['2016-12-24',   7,  71,  583],
['2016-12-25',   8,  65,  588],
['2016-12-26',   7,  53,  600],
['2016-12-27',   4,  53,  603],
['2016-12-28',   2,  53,  605],
['2016-12-29',   1,  58,  601],
['2016-12-30',   1,  58,  602],
['2016-12-31',   7,  58,  596],
['2017-01-01',   8,  47,  605],
['2017-01-02',   7,  64,  589],
['2017-01-03',   5,  56,  599],
['2017-01-04',   1,  59,  600],
['2017-01-05',   0,  57,  603],
['2017-01-06',   0,  186,  474],
['2017-01-07',   9,  340,  312],
['2017-01-08',   9,  345,  307],
['2017-01-09',   5,  363,  292],
['2017-01-10',   5,  268,  387],
['2017-01-11',   3,  181,  477],
['2017-01-12',   1,  115,  544],
['2017-01-13',   0,  91,  569],
['2017-01-14',   8,  76,  576],
['2017-01-15',   9,  67,  585],
['2017-01-16',   8,  59,  593],
['2017-01-17',   4,  61,  594],
['2017-01-18',   1,  62,  598],
['2017-01-19',   1,  65,  595],
['2017-01-20',   0,  65,  595],
['2017-01-21',   8,  60,  592],
['2017-01-22',   8,  53,  599],
['2017-01-23',   4,  53,  604],
['2017-01-24',   2,  51,  607],
['2017-01-25',   0,  54,  606],
['2017-01-26',   0,  51,  609],
['2017-01-27',   0,  62,  598],
['2017-01-28',   8,  63,  590],
['2017-01-29',   7,  51,  601],
['2017-01-30',   2,  54,  604],
['2017-01-31',   1,  53,  607],
['2017-02-01',   0,  47,  613],
['2017-02-02',   0,  57,  603],
['2017-02-03',   0,  196,  464],
['2017-02-04',   8,  303,  349],
['2017-02-05',   9,  310,  341],
['2017-02-06',   6,  306,  348],
['2017-02-07',   1,  236,  424],
['2017-02-08',   1,  136,  524],
['2017-02-09',   0,  93,  567],
['2017-02-10',   0,  88,  572],
['2017-02-11',   7,  76,  576],
['2017-02-12',   9,  66,  585],
['2017-02-13',   7,  58,  594],
['2017-02-14',   6,  53,  601],
['2017-02-15',   0,  56,  604],
['2017-02-16',   0,  58,  602],
['2017-02-17',   8,  58,  594],
['2017-02-18',   10,  58,  592],
['2017-02-19',   10,  50,  600],
['2017-02-20',   10,  55,  595],
['2017-02-21',   10,  46,  604],
['2017-02-22',   10,  56,  594],
['2017-02-23',   9,  64,  587],
['2017-02-24',   8,  79,  572],
['2017-02-25',   10,  70,  580],
['2017-02-26',   10,  58,  592],
['2017-02-27',   9,  55,  597],
['2017-02-28',   7,  55,  598],
['2017-03-01',   3,  57,  600],
['2017-03-02',   2,  63,  596],
['2017-03-03',   2,  192,  466],
['2017-03-04',   9,  303,  348],
['2017-03-05',   10,  309,  341],
['2017-03-06',   9,  207,  444],
['2017-03-07',   7,  106,  548],
['2017-03-08',   2,  88,  571],
['2017-03-09',   1,  77,  583],
['2017-03-10',   1,  75,  584],
['2017-03-11',   8,  66,  586],
['2017-03-12',   8,  62,  590],
['2017-03-13',   7,  63,  590],
['2017-03-14',   6,  62,  592],
['2017-03-15',   1,  62,  596],
['2017-03-16',   1,  72,  587],
['2017-03-17',   1,  70,  589],
['2017-03-18',   10,  70,  581],
['2017-03-19',   10,  61,  589],
['2017-03-20',   8,  52,  600],
['2017-03-21',   3,  52,  605],
['2017-03-22',   1,  57,  602],
['2017-03-23',   1,  58,  601],
['2017-03-24',   1,  65,  594],
['2017-03-25',   7,  68,  585],
['2017-03-26',   8,  61,  592],
['2017-03-27',   7,  59,  594],
['2017-03-28',   1,  56,  604],
['2017-03-29',   1,  55,  604],
['2017-03-30',   0,  66,  594],
['2017-03-31',   0,  67,  593],
['2017-04-01',   2,  67,  592],
['2017-04-02',   5,  61,  594],
['2017-04-03',   4,  56,  601],
['2017-04-04',   0,  52,  608],
['2017-04-05',   0,  55,  605],
['2017-04-06',   0,  56,  604],
['2017-04-07',   0,  142,  518],
['2017-04-08',   9,  269,  382],
['2017-04-09',   9,  306,  345],
['2017-04-10',   7,  300,  353],
['2017-04-11',   1,  253,  407],
['2017-04-12',   1,  109,  551],
['2017-04-13',   0,  101,  559],
['2017-04-14',   0,  92,  568],
['2017-04-15',   7,  75,  579],
['2017-04-16',   8,  64,  588],
['2017-04-17',   7,  58,  595],
['2017-04-18',   5,  54,  601],
['2017-04-19',   2,  58,  600],
['2017-04-20',   1,  60,  599],
['2017-04-21',   1,  72,  588],
['2017-04-22',   7,  68,  584],
['2017-04-23',   8,  61,  590],
['2017-04-24',   8,  55,  598],
['2017-04-25',   7,  59,  595],
['2017-04-26',   1,  54,  605],
['2017-04-27',   1,  55,  605],
['2017-04-28',   1,  66,  594],
['2017-04-29',   7,  64,  589],
['2017-04-30',   7,  57,  595],
['2017-05-01',   7,  53,  600],
['2017-05-02',   1,  54,  605],
['2017-05-03',   1,  54,  605],
['2017-05-04',   0,  55,  605],
['2017-05-05',   0,  210,  450],
['2017-05-06',   9,  282,  369],
['2017-05-07',   10,  306,  344],
['2017-05-08',   7,  216,  437],
['2017-05-09',   4,  117,  540],
['2017-05-10',   3,  91,  567],
['2017-05-11',   2,  81,  577],
['2017-05-12',   0,  75,  585],
['2017-05-13',   7,  70,  583],
['2017-05-14',   8,  64,  588],
['2017-05-15',   6,  60,  594],
['2017-05-16',   6,  46,  608],
['2017-05-17',   4,  48,  608],
['2017-05-18',   1,  49,  610],
['2017-05-19',   1,  64,  596],
['2017-05-20',   8,  64,  589],
['2017-05-21',   8,  57,  595],
['2017-05-22',   7,  53,  600],
['2017-05-23',   3,  50,  607],
['2017-05-24',   1,  61,  598],
['2017-05-25',   0,  70,  590],
['2017-05-26',   0,  69,  591],
['2017-05-27',   9,  69,  582],
['2017-05-28',   9,  62,  589],
['2017-05-29',   6,  53,  601],
['2017-05-30',   2,  50,  609],
['2017-05-31',   1,  48,  610],
['2017-06-01',   0,  53,  607],
['2017-06-02',   0,  198,  463],
['2017-06-03',   10,  295,  356],
['2017-06-04',   10,  308,  343],
['2017-06-05',   7,  312,  341],
['2017-06-06',   1,  177,  482],
['2017-06-07',   1,  94,  564],
['2017-06-08',   0,  87,  573],
['2017-06-09',   0,  76,  585],
['2017-06-10',   7,  71,  582],
['2017-06-11',   8,  58,  594],
['2017-06-12',   6,  52,  601],
['2017-06-13',   2,  50,  608],
['2017-06-14',   0,  47,  613],
['2017-06-15',   0,  58,  602],
['2017-06-16',   0,  61,  599],
['2017-06-17',   7,  53,  600],
['2017-06-18',   7,  47,  606],
['2017-06-19',   5,  49,  607],
['2017-06-20',   1,  46,  614],
['2017-06-21',   0,  46,  614],
['2017-06-22',   0,  48,  612],
['2017-06-23',   0,  64,  596],
['2017-06-24',   8,  62,  591],
['2017-06-25',   8,  56,  596],
['2017-06-26',   7,  54,  599],
['2017-06-27',   4,  56,  601],
['2017-06-28',   1,  52,  608],
['2017-06-29',   0,  56,  603],
['2017-06-30',   0,  65,  595],
['2017-07-01',   6,  64,  590],
['2017-07-02',   7,  58,  594],
['2017-07-03',   7,  54,  599],
['2017-07-04',   4,  48,  608],
['2017-07-05',   3,  49,  609],
['2017-07-06',   1,  48,  611],
['2017-07-07',   0,  173,  486],
['2017-07-08',   9,  303,  348],
['2017-07-09',   9,  310,  341],
['2017-07-10',   8,  205,  448],
['2017-07-11',   4,  111,  545],
['2017-07-12',   1,  80,  579],
['2017-07-13',   1,  76,  583],
['2017-07-14',   0,  88,  572],
['2017-07-15',   9,  77,  573],
['2017-07-16',   10,  70,  580],
['2017-07-17',   9,  64,  587],
['2017-07-18',   8,  54,  599],
['2017-07-19',   6,  51,  602],
['2017-07-20',   1,  59,  601],
['2017-07-21',   1,  61,  599],
['2017-07-22',   7,  62,  591],
['2017-07-23',   7,  54,  600],
['2017-07-24',   6,  50,  604],
['2017-07-25',   5,  48,  607],
['2017-07-26',   1,  51,  609],
['2017-07-27',   1,  45,  614],
['2017-07-28',   1,  66,  594],
['2017-07-29',   9,  62,  589],
['2017-07-30',   7,  59,  595],
['2017-07-31',   3,  56,  601],
['2017-08-01',   1,  50,  609],
['2017-08-02',   1,  51,  609],
['2017-08-03',   0,  55,  605],
['2017-08-04',   0,  214,  446],
['2017-08-05',   3,  307,  350],
['2017-08-06',   2,  316,  342],
['2017-08-07',   1,  318,  342],
['2017-08-08',   1,  151,  508],
['2017-08-09',   1,  94,  566],
['2017-08-10',   0,  77,  583],
['2017-08-11',   0,  83,  577],
['2017-08-12',   7,  71,  583],
['2017-08-13',   6,  64,  590],
['2017-08-14',   1,  64,  596],
['2017-08-15',   1,  61,  598],
['2017-08-16',   1,  58,  602],
['2017-08-17',   0,  60,  600],
['2017-08-18',   0,  57,  603],
['2017-08-19',   7,  54,  600],
['2017-08-20',   7,  53,  601],
['2017-08-21',   1,  51,  609],
['2017-08-22',   4,  44,  613],
['2017-08-23',   3,  48,  609],
['2017-08-24',   2,  49,  609],
['2017-08-25',   1,  63,  596],
['2017-08-26',   9,  62,  589],
['2017-08-27',   9,  58,  593],
['2017-08-28',   6,  68,  587],
['2017-08-29',   4,  56,  601],
['2017-08-30',   2,  62,  597],
['2017-08-31',   1,  63,  596],
['2017-09-01',   1,  191,  469],
['2017-09-02',   4,  306,  350],
['2017-09-03',   4,  314,  342],
['2017-09-04',   2,  310,  349],
['2017-09-05',   1,  219,  440],
['2017-09-06',   1,  146,  514],
['2017-09-07',   1,  93,  566],
['2017-09-08',   1,  96,  563],
['2017-09-09',   2,  95,  564],
['2017-09-10',   2,  84,  574],
['2017-09-11',   2,  75,  584],
['2017-09-12',   1,  68,  591],
['2017-09-13',   1,  62,  598],
['2017-09-14',   1,  62,  597],
['2017-09-15',   2,  71,  587],
['2017-09-16',   8,  73,  579],
['2017-09-17',   9,  71,  581],
['2017-09-18',   5,  82,  573],
['2017-09-19',   5,  53,  602],
['2017-09-20',   5,  53,  602],
['2017-09-21',   3,  43,  614],
['2017-09-22',   2,  38,  621],
['2017-09-23',   2,  34,  625],
['2017-09-24',   1,  34,  625],
['2017-09-25',   1,  33,  626],
['2017-09-26',   1,  29,  630],
['2017-09-27',   1,  27,  632],
['2017-09-28',   1,  27,  633],
['2017-09-29',   1,  25,  635],
['2017-09-30',   1,  24,  635],
['2017-10-01',   1,  24,  635],
['2017-10-02',   1,  24,  636],
['2017-10-03',   1,  22,  638],
['2017-10-04',   1,  21,  638],
['2017-10-05',   1,  23,  637],
['2017-10-06',   0,  27,  634],
['2017-10-07',   0,  27,  633],
['2017-10-08',   0,  25,  635],
['2017-10-09',   0,  25,  635],
['2017-10-10',   0,  37,  623],
['2017-10-11',   0,  40,  620],
['2017-10-12',   0,  42,  618],
['2017-10-13',   0,  51,  609],
['2017-10-14',   0,  52,  608],
['2017-10-15',   1,  44,  615],
['2017-10-16',   5,  52,  604],
['2017-10-17',   3,  55,  602],
['2017-10-18',   3,  54,  603],
['2017-10-19',   1,  55,  604],
['2017-10-20',   1,  56,  603],
['2017-10-21',   1,  57,  602],
['2017-10-22',   1,  59,  600],
['2017-10-23',   1,  63,  596],
['2017-10-24',   1,  66,  593],
['2017-10-25',   1,  67,  592],
['2017-10-26',   1,  67,  593],
['2017-10-27',   1,  83,  577],
['2017-10-28',   1,  81,  578],
['2017-10-29',   2,  76,  582],
['2017-10-30',   2,  74,  585],
['2017-10-31',   1,  70,  589],
['2017-11-01',   0,  65,  595],
['2017-11-02',   0,  68,  592],
['2017-11-03',   0,  245,  415],
['2017-11-04',   0,  319,  341],
['2017-11-05',   0,  320,  341],
['2017-11-06',   0,  315,  345],
['2017-11-07',   0,  299,  362],
['2017-11-08',   0,  228,  433],
['2017-11-09',   0,  137,  524],
['2017-11-10',   0,  125,  535],
['2017-11-11',   0,  113,  547],
['2017-11-12',   1,  87,  573],
['2017-11-13',   0,  64,  597],
['2017-11-14',   0,  72,  588],
['2017-11-15',   0,  73,  588],
['2017-11-16',   1,  74,  586],
['2017-11-17',   1,  80,  580],
['2017-11-18',   3,  72,  585],
['2017-11-19',   2,  64,  594],
['2017-11-20',   1,  70,  589],
['2017-11-21',   1,  71,  588],
['2017-11-22',   1,  69,  591],
['2017-11-23',   1,  69,  590],
['2017-11-24',   1,  66,  593],
['2017-11-25',   6,  71,  583],
['2017-11-26',   4,  62,  594],
['2017-11-27',   1,  65,  595],
['2017-11-28',   1,  62,  597],
['2017-11-29',   1,  265,  394],
['2017-11-30',   1,  561,  98],
['2017-12-01',   1,  562,  98],
['2017-12-02',   0,  562,  98],
['2017-12-03',   0,  407,  254]
        ]);
        var options = {
          title: 'VMAX FAST association report for peerap99_SG',
          chartArea:{left:50,top:50},vAxis:{title:'Gigabytes'},hAxis:{title:'DateTime'}
        };

        var chart = new google.visualization.LineChart(document.getElementById('chart_div'));
        chart.draw(data, options);
      }
    </script>
  </head>
  <body>
    <div id="chart_div" style="width: 1500px; height: 900px;"></div>
  </body>
</html>


^Date^EFD^FC^SATA^
|2017-12-03|0|407|254|
|2017-12-02|0|562|98|
|2017-12-01|1|562|98|
|2017-11-30|1|561|98|
|2017-11-29|1|265|394|
|2017-11-28|1|62|597|
|2017-11-27|1|65|595|
|2017-11-26|4|62|594|
|2017-11-25|6|71|583|
|2017-11-24|1|66|593|
|2017-11-23|1|69|590|
|2017-11-22|1|69|591|
|2017-11-21|1|71|588|
|2017-11-20|1|70|589|
|2017-11-19|2|64|594|
|2017-11-18|3|72|585|
|2017-11-17|1|80|580|
|2017-11-16|1|74|586|
|2017-11-15|0|73|588|
|2017-11-14|0|72|588|
|2017-11-13|0|64|597|
|2017-11-12|1|87|573|
|2017-11-11|0|113|547|
|2017-11-10|0|125|535|
|2017-11-09|0|137|524|
|2017-11-08|0|228|433|
|2017-11-07|0|299|362|
|2017-11-06|0|315|345|
|2017-11-05|0|320|341|
|2017-11-04|0|319|341|
|2017-11-03|0|245|415|
|2017-11-02|0|68|592|
|2017-11-01|0|65|595|
|2017-10-31|1|70|589|
|2017-10-30|2|74|585|
|2017-10-29|2|76|582|
|2017-10-28|1|81|578|
|2017-10-27|1|83|577|
|2017-10-26|1|67|593|
|2017-10-25|1|67|592|
|2017-10-24|1|66|593|
|2017-10-23|1|63|596|
|2017-10-22|1|59|600|
|2017-10-21|1|57|602|
|2017-10-20|1|56|603|
|2017-10-19|1|55|604|
|2017-10-18|3|54|603|
|2017-10-17|3|55|602|
|2017-10-16|5|52|604|
|2017-10-15|1|44|615|
|2017-10-14|0|52|608|
|2017-10-13|0|51|609|
|2017-10-12|0|42|618|
|2017-10-11|0|40|620|
|2017-10-10|0|37|623|
|2017-10-09|0|25|635|
|2017-10-08|0|25|635|
|2017-10-07|0|27|633|
|2017-10-06|0|27|634|
|2017-10-05|1|23|637|
|2017-10-04|1|21|638|
|2017-10-03|1|22|638|
|2017-10-02|1|24|636|
|2017-10-01|1|24|635|
|2017-09-30|1|24|635|
|2017-09-29|1|25|635|
|2017-09-28|1|27|633|
|2017-09-27|1|27|632|
|2017-09-26|1|29|630|
|2017-09-25|1|33|626|
|2017-09-24|1|34|625|
|2017-09-23|2|34|625|
|2017-09-22|2|38|621|
|2017-09-21|3|43|614|
|2017-09-20|5|53|602|
|2017-09-19|5|53|602|
|2017-09-18|5|82|573|
|2017-09-17|9|71|581|
|2017-09-16|8|73|579|
|2017-09-15|2|71|587|
|2017-09-14|1|62|597|
|2017-09-13|1|62|598|
|2017-09-12|1|68|591|
|2017-09-11|2|75|584|
|2017-09-10|2|84|574|
|2017-09-09|2|95|564|
|2017-09-08|1|96|563|
|2017-09-07|1|93|566|
|2017-09-06|1|146|514|
|2017-09-05|1|219|440|
|2017-09-04|2|310|349|
|2017-09-03|4|314|342|
|2017-09-02|4|306|350|
|2017-09-01|1|191|469|
|2017-08-31|1|63|596|
|2017-08-30|2|62|597|
|2017-08-29|4|56|601|
|2017-08-28|6|68|587|
|2017-08-27|9|58|593|
|2017-08-26|9|62|589|
|2017-08-25|1|63|596|
|2017-08-24|2|49|609|
|2017-08-23|3|48|609|
|2017-08-22|4|44|613|
|2017-08-21|1|51|609|
|2017-08-20|7|53|601|
|2017-08-19|7|54|600|
|2017-08-18|0|57|603|
|2017-08-17|0|60|600|
|2017-08-16|1|58|602|
|2017-08-15|1|61|598|
|2017-08-14|1|64|596|
|2017-08-13|6|64|590|
|2017-08-12|7|71|583|
|2017-08-11|0|83|577|
|2017-08-10|0|77|583|
|2017-08-09|1|94|566|
|2017-08-08|1|151|508|
|2017-08-07|1|318|342|
|2017-08-06|2|316|342|
|2017-08-05|3|307|350|
|2017-08-04|0|214|446|
|2017-08-03|0|55|605|
|2017-08-02|1|51|609|
|2017-08-01|1|50|609|
|2017-07-31|3|56|601|
|2017-07-30|7|59|595|
|2017-07-29|9|62|589|
|2017-07-28|1|66|594|
|2017-07-27|1|45|614|
|2017-07-26|1|51|609|
|2017-07-25|5|48|607|
|2017-07-24|6|50|604|
|2017-07-23|7|54|600|
|2017-07-22|7|62|591|
|2017-07-21|1|61|599|
|2017-07-20|1|59|601|
|2017-07-19|6|51|602|
|2017-07-18|8|54|599|
|2017-07-17|9|64|587|
|2017-07-16|10|70|580|
|2017-07-15|9|77|573|
|2017-07-14|0|88|572|
|2017-07-13|1|76|583|
|2017-07-12|1|80|579|
|2017-07-11|4|111|545|
|2017-07-10|8|205|448|
|2017-07-09|9|310|341|
|2017-07-08|9|303|348|
|2017-07-07|0|173|486|
|2017-07-06|1|48|611|
|2017-07-05|3|49|609|
|2017-07-04|4|48|608|
|2017-07-03|7|54|599|
|2017-07-02|7|58|594|
|2017-07-01|6|64|590|
|2017-06-30|0|65|595|
|2017-06-29|0|56|603|
|2017-06-28|1|52|608|
|2017-06-27|4|56|601|
|2017-06-26|7|54|599|
|2017-06-25|8|56|596|
|2017-06-24|8|62|591|
|2017-06-23|0|64|596|
|2017-06-22|0|48|612|
|2017-06-21|0|46|614|
|2017-06-20|1|46|614|
|2017-06-19|5|49|607|
|2017-06-18|7|47|606|
|2017-06-17|7|53|600|
|2017-06-16|0|61|599|
|2017-06-15|0|58|602|
|2017-06-14|0|47|613|
|2017-06-13|2|50|608|
|2017-06-12|6|52|601|
|2017-06-11|8|58|594|
|2017-06-10|7|71|582|
|2017-06-09|0|76|585|
|2017-06-08|0|87|573|
|2017-06-07|1|94|564|
|2017-06-06|1|177|482|
|2017-06-05|7|312|341|
|2017-06-04|10|308|343|
|2017-06-03|10|295|356|
|2017-06-02|0|198|463|
|2017-06-01|0|53|607|
|2017-05-31|1|48|610|
|2017-05-30|2|50|609|
|2017-05-29|6|53|601|
|2017-05-28|9|62|589|
|2017-05-27|9|69|582|
|2017-05-26|0|69|591|
|2017-05-25|0|70|590|
|2017-05-24|1|61|598|
|2017-05-23|3|50|607|
|2017-05-22|7|53|600|
|2017-05-21|8|57|595|
|2017-05-20|8|64|589|
|2017-05-19|1|64|596|
|2017-05-18|1|49|610|
|2017-05-17|4|48|608|
|2017-05-16|6|46|608|
|2017-05-15|6|60|594|
|2017-05-14|8|64|588|
|2017-05-13|7|70|583|
|2017-05-12|0|75|585|
|2017-05-11|2|81|577|
|2017-05-10|3|91|567|
|2017-05-09|4|117|540|
|2017-05-08|7|216|437|
|2017-05-07|10|306|344|
|2017-05-06|9|282|369|
|2017-05-05|0|210|450|
|2017-05-04|0|55|605|
|2017-05-03|1|54|605|
|2017-05-02|1|54|605|
|2017-05-01|7|53|600|
|2017-04-30|7|57|595|
|2017-04-29|7|64|589|
|2017-04-28|1|66|594|
|2017-04-27|1|55|605|
|2017-04-26|1|54|605|
|2017-04-25|7|59|595|
|2017-04-24|8|55|598|
|2017-04-23|8|61|590|
|2017-04-22|7|68|584|
|2017-04-21|1|72|588|
|2017-04-20|1|60|599|
|2017-04-19|2|58|600|
|2017-04-18|5|54|601|
|2017-04-17|7|58|595|
|2017-04-16|8|64|588|
|2017-04-15|7|75|579|
|2017-04-14|0|92|568|
|2017-04-13|0|101|559|
|2017-04-12|1|109|551|
|2017-04-11|1|253|407|
|2017-04-10|7|300|353|
|2017-04-09|9|306|345|
|2017-04-08|9|269|382|
|2017-04-07|0|142|518|
|2017-04-06|0|56|604|
|2017-04-05|0|55|605|
|2017-04-04|0|52|608|
|2017-04-03|4|56|601|
|2017-04-02|5|61|594|
|2017-04-01|2|67|592|
|2017-03-31|0|67|593|
|2017-03-30|0|66|594|
|2017-03-29|1|55|604|
|2017-03-28|1|56|604|
|2017-03-27|7|59|594|
|2017-03-26|8|61|592|
|2017-03-25|7|68|585|
|2017-03-24|1|65|594|
|2017-03-23|1|58|601|
|2017-03-22|1|57|602|
|2017-03-21|3|52|605|
|2017-03-20|8|52|600|
|2017-03-19|10|61|589|
|2017-03-18|10|70|581|
|2017-03-17|1|70|589|
|2017-03-16|1|72|587|
|2017-03-15|1|62|596|
|2017-03-14|6|62|592|
|2017-03-13|7|63|590|
|2017-03-12|8|62|590|
|2017-03-11|8|66|586|
|2017-03-10|1|75|584|
|2017-03-09|1|77|583|
|2017-03-08|2|88|571|
|2017-03-07|7|106|548|
|2017-03-06|9|207|444|
|2017-03-05|10|309|341|
|2017-03-04|9|303|348|
|2017-03-03|2|192|466|
|2017-03-02|2|63|596|
|2017-03-01|3|57|600|
|2017-02-28|7|55|598|
|2017-02-27|9|55|597|
|2017-02-26|10|58|592|
|2017-02-25|10|70|580|
|2017-02-24|8|79|572|
|2017-02-23|9|64|587|
|2017-02-22|10|56|594|
|2017-02-21|10|46|604|
|2017-02-20|10|55|595|
|2017-02-19|10|50|600|
|2017-02-18|10|58|592|
|2017-02-17|8|58|594|
|2017-02-16|0|58|602|
|2017-02-15|0|56|604|
|2017-02-14|6|53|601|
|2017-02-13|7|58|594|
|2017-02-12|9|66|585|
|2017-02-11|7|76|576|
|2017-02-10|0|88|572|
|2017-02-09|0|93|567|
|2017-02-08|1|136|524|
|2017-02-07|1|236|424|
|2017-02-06|6|306|348|
|2017-02-05|9|310|341|
|2017-02-04|8|303|349|
|2017-02-03|0|196|464|
|2017-02-02|0|57|603|
|2017-02-01|0|47|613|
|2017-01-31|1|53|607|
|2017-01-30|2|54|604|
|2017-01-29|7|51|601|
|2017-01-28|8|63|590|
|2017-01-27|0|62|598|
|2017-01-26|0|51|609|
|2017-01-25|0|54|606|
|2017-01-24|2|51|607|
|2017-01-23|4|53|604|
|2017-01-22|8|53|599|
|2017-01-21|8|60|592|
|2017-01-20|0|65|595|
|2017-01-19|1|65|595|
|2017-01-18|1|62|598|
|2017-01-17|4|61|594|
|2017-01-16|8|59|593|
|2017-01-15|9|67|585|
|2017-01-14|8|76|576|
|2017-01-13|0|91|569|
|2017-01-12|1|115|544|
|2017-01-11|3|181|477|
|2017-01-10|5|268|387|
|2017-01-09|5|363|292|
|2017-01-08|9|345|307|
|2017-01-07|9|340|312|
|2017-01-06|0|186|474|
|2017-01-05|0|57|603|
|2017-01-04|1|59|600|
|2017-01-03|5|56|599|
|2017-01-02|7|64|589|
|2017-01-01|8|47|605|
|2016-12-31|7|58|596|
|2016-12-30|1|58|602|
|2016-12-29|1|58|601|
|2016-12-28|2|53|605|
|2016-12-27|4|53|603|
|2016-12-26|7|53|600|
|2016-12-25|8|65|588|
|2016-12-24|7|71|583|
|2016-12-23|1|76|583|
|2016-12-22|3|65|592|
|2016-12-21|7|66|588|
|2016-12-20|9|60|592|
|2016-12-19|10|64|587|
|2016-12-18|10|68|582|
|2016-12-17|8|75|577|
|2016-12-16|8|70|581|
|2016-12-15|10|61|589|
|2016-12-14|11|54|595|
|2016-12-13|11|56|593|
|2016-12-12|12|70|578|
|2016-12-11|14|77|570|
|2016-12-10|11|84|565|
|2016-12-09|10|84|567|
|2016-12-08|9|92|559|
|2016-12-07|7|192|461|
|2016-12-06|4|300|356|
|2016-12-05|6|298|356|
|2016-12-04|9|310|341|
|2016-12-03|9|298|353|
|2016-12-02|0|195|465|
|2016-12-01|1|55|605|
|2016-11-30|2|57|602|
|2016-11-29|4|54|602|
|2016-11-28|7|61|593|
|2016-11-27|10|59|591|
|2016-11-26|7|68|585|
|2016-11-25|0|72|589|
|2016-11-24|0|57|603|
|2016-11-23|1|53|607|
|2016-11-22|2|48|609|
|2016-11-21|7|41|613|
|2016-11-20|10|62|588|
|2016-11-19|9|80|572|
|2016-11-18|0|83|577|
|2016-11-17|1|67|592|
|2016-11-16|1|67|591|
|2016-11-15|3|65|592|
|2016-11-14|6|62|592|
|2016-11-13|9|63|588|
|2016-11-12|8|75|577|
|2016-11-11|1|84|576|
|2016-11-10|1|93|567|
|2016-11-09|3|102|555|
|2016-11-08|3|205|452|
|2016-11-07|5|314|341|
|2016-11-06|11|309|341|
|2016-11-05|9|301|350|
|2016-11-04|0|252|408|
|2016-11-03|0|46|614|
|2016-11-02|1|44|616|
|2016-11-01|1|44|615|
|2016-10-31|6|41|613|
|2016-10-30|8|53|599|
|2016-10-29|8|65|588|
|2016-10-28|0|66|594|
|2016-10-27|1|70|590|
|2016-10-26|2|54|604|
|2016-10-25|4|57|599|
|2016-10-24|5|64|591|
|2016-10-23|9|65|586|
|2016-10-22|9|75|577|
|2016-10-21|0|69|591|
|2016-10-20|1|56|604|
|2016-10-19|2|57|602|
|2016-10-18|5|54|600|
|2016-10-17|7|66|588|
|2016-10-16|8|65|586|
|2016-10-15|7|74|579|
|2016-10-14|1|79|580|
|2016-10-13|1|82|578|
|2016-10-12|3|86|571|
|2016-10-11|10|145|505|
|2016-10-10|10|259|391|
|2016-10-09|12|307|341|
|2016-10-08|10|305|346|
|2016-10-07|3|252|405|
|2016-10-06|3|51|606|
|2016-10-05|5|46|609|
|2016-10-04|6|45|609|
|2016-10-03|8|44|609|
|2016-10-02|9|63|588|
|2016-10-01|8|70|583|
|2016-09-30|0|69|591|
|2016-09-29|1|64|595|
|2016-09-28|1|57|602|
|2016-09-27|4|55|601|
|2016-09-26|7|54|600|
|2016-09-25|10|54|596|
|2016-09-24|8|64|588|
|2016-09-23|1|75|584|
|2016-09-22|1|63|596|
|2016-09-21|1|59|600|
|2016-09-20|6|54|600|
|2016-09-19|8|55|597|
|2016-09-18|9|60|591|
|2016-09-17|8|70|581|
|2016-09-16|1|73|586|
|2016-09-15|2|67|592|
|2016-09-14|2|67|591|
|2016-09-13|7|61|592|
|2016-09-12|8|62|590|
|2016-09-11|10|68|583|
|2016-09-10|9|81|570|
|2016-09-09|1|81|578|
|2016-09-08|2|85|572|
|2016-09-07|2|106|551|
|2016-09-06|8|200|452|
|2016-09-05|9|311|340|
|2016-09-04|10|307|343|
|2016-09-03|9|279|372|
|2016-09-02|2|175|484|
|2016-09-01|2|66|593|
|2016-08-31|4|62|594|
|2016-08-30|9|63|588|
|2016-08-29|9|69|583|
|2016-08-28|9|70|581|
|2016-08-27|10|71|580|
|2016-08-26|0|56|604|
|2016-08-25|1|51|608|
|2016-08-24|1|49|610|
|2016-08-23|9|46|606|
|2016-08-22|9|56|595|
|2016-08-21|9|59|592|
|2016-08-20|8|73|580|
|2016-08-19|0|76|584|
|2016-08-18|0|71|589|
|2016-08-17|1|81|578|
|2016-08-16|4|99|557|
|2016-08-15|7|104|549|
|2016-08-14|7|115|538|
|2016-08-13|4|130|526|
|2016-08-12|0|123|537|
|2016-08-11|0|124|536|
|2016-08-10|1|128|531|
|2016-08-09|4|159|498|
|2016-08-08|4|280|376|
|2016-08-07|7|332|321|
|2016-08-06|8|316|336|
|2016-08-05|0|179|481|
|2016-08-04|0|96|565|
|2016-08-03|0|101|559|
|2016-08-02|1|115|544|
|2016-08-01|4|136|520|
|2016-07-31|6|161|494|
|2016-07-30|3|171|486|
|2016-07-29|0|154|505|
|2016-07-28|0|117|543|
|2016-07-27|1|110|550|
|2016-07-26|3|97|560|
|2016-07-25|5|98|558|
|2016-07-24|5|97|559|
|2016-07-23|4|114|542|
|2016-07-22|0|127|533|
|2016-07-21|0|123|537|
|2016-07-20|0|122|537|
|2016-07-19|1|104|554|
|2016-07-18|4|87|569|
|2016-07-17|5|101|554|
|2016-07-16|2|108|550|
|2016-07-15|0|107|553|
|2016-07-14|0|99|560|
|2016-07-13|0|108|551|
|2016-07-12|1|123|536|
|2016-07-11|2|135|523|
|2016-07-10|4|152|504|
|2016-07-09|1|284|376|
|2016-07-08|0|324|336|
|2016-07-07|0|318|342|
|2016-07-06|0|314|346|
|2016-07-05|0|303|357|
|2016-07-04|0|335|324|
|2016-07-03|1|326|333|
|2016-07-02|1|288|372|
|2016-07-01|0|216|443|
|2016-06-30|1|62|598|
|2016-06-29|1|65|595|
|2016-06-28|1|68|591|
|2016-06-27|1|74|586|
|2016-06-26|1|74|585|
|2016-06-25|1|72|587|
|2016-06-24|0|60|600|
|2016-06-23|0|60|599|
|2016-06-22|0|55|605|
|2016-06-21|0|56|603|
|2016-06-20|1|58|601|
|2016-06-19|1|55|604|
|2016-06-18|0|51|609|
|2016-06-17|0|46|614|
|2016-06-16|0|44|616|
|2016-06-15|0|42|618|
|2016-06-14|1|52|607|
|2016-06-13|1|55|604|
|2016-06-12|2|63|595|
|2016-06-11|1|74|586|
|2016-06-10|0|69|590|
|2016-06-09|0|81|579|
|2016-06-08|0|84|576|
|2016-06-07|1|124|535|
|2016-06-06|1|227|432|
|2016-06-05|2|308|351|
|2016-06-04|2|281|378|
|2016-06-03|0|181|479|
|2016-06-02|0|34|626|
|2016-06-01|0|34|626|
|2016-05-31|1|36|623|
|2016-05-30|1|36|623|
|2016-05-29|2|41|618|
|2016-05-28|1|38|621|
|2016-05-27|0|35|625|
|2016-05-26|1|35|625|
|2016-05-25|1|38|622|
|2016-05-24|1|42|617|
|2016-05-23|1|51|608|
|2016-05-22|2|61|597|
|2016-05-21|1|66|594|
|2016-05-20|1|65|594|
|2016-05-19|1|64|596|
|2016-05-18|1|71|589|
|2016-05-17|1|76|583|
|2016-05-16|2|85|574|
|2016-05-15|2|89|570|
|2016-05-14|1|91|568|
|2016-05-13|0|94|566|
|2016-05-12|0|89|570|
|2016-05-11|0|120|540|
|2016-05-10|0|202|457|
|2016-05-09|1|301|358|
|2016-05-08|2|313|346|
|2016-05-07|1|313|346|
|2016-05-06|0|238|422|
|2016-05-05|0|54|606|
|2016-05-04|0|53|606|
|2016-05-03|0|75|585|
|2016-05-02|1|134|525|
|2016-05-01|2|134|524|
|2016-04-30|2|144|514|
|2016-04-29|0|127|533|
|2016-04-28|0|93|567|
|2016-04-27|0|124|536|
|2016-04-26|1|124|536|
|2016-04-25|2|124|535|
|2016-04-24|1|68|591|
|2016-04-23|1|82|577|
|2016-04-22|0|89|571|
|2016-04-21|0|83|577|
|2016-04-20|0|88|572|
|2016-04-19|0|134|526|
|2016-04-18|1|214|446|
|2016-04-17|1|238|421|
|2016-04-16|1|243|416|
|2016-04-15|0|242|418|
|2016-04-14|0|196|459|
|2016-04-13|0|182|457|
|2016-04-12|0|168|453|
|2016-04-11|0|172|398|
|2016-04-10|1|150|399|
|2016-04-09|1|152|397|
|2016-04-08|0|163|386|
|2016-04-07|0|139|393|
|2016-04-06|0|126|387|
|2016-04-05|0|119|378|
|2016-04-04|0|265|221|
|2016-04-03|0|390|88|
|2016-04-02|0|390|88|
|2016-04-01|0|390|88|
|2016-03-31|0|386|92|
|2016-03-30|0|388|89|
|2016-03-29|0|348|89|
|2016-03-28|1|335|89|
|2016-03-27|1|310|88|
|2016-03-26|0|265|88|
|2016-03-25|0|238|88|
|2016-03-24|0|209|96|
|2016-03-23|0|177|92|
|2016-03-22|0|151|89|
|2016-03-21|0|129|88|
|2016-03-20|1|110|88|
|2016-03-19|0|88|88|
|2016-03-18|0|65|88|
|2016-03-17|0|51|89|
|2016-03-16|0|23|87|
|2016-03-15|0|14|87|
|2016-03-14|0|15|86|
|2016-03-13|0|16|86|
|2016-03-12|0|15|86|
|2016-03-11|0|16|86|
|2016-03-10|0|15|87|
|2016-03-09|0|15|87|
|2016-03-08|0|16|86|
|2016-03-07|0|16|86|
|2016-03-06|0|15|86|
|2016-03-05|0|16|86|
|2016-03-04|0|16|86|
|2016-03-03|0|13|89|
|2016-03-02|0|16|86|
|2016-03-01|0|16|86|
|2016-02-29|0|16|85|
|2016-02-28|0|16|85|
|2016-02-27|0|16|85|
|2016-02-26|0|16|85|
|2016-02-25|0|16|85|
|2016-02-24|0|16|85|
|2016-02-23|0|16|85|
|2016-02-22|0|16|85|
|2016-02-21|0|16|85|
|2016-02-20|0|13|88|
|2016-02-19|0|13|88|
|2016-02-18|0|8|93|
|2016-02-17|0|15|86|
|2016-02-16|0|15|86|
|2016-02-15|0|15|86|
|2016-02-14|0|16|85|
|2016-02-13|0|16|85|
|2016-02-12|0|16|85|
|2016-02-11|0|7|95|
|2016-02-10|0|7|95|
|2016-02-09|0|13|88|
|2016-02-08|0|16|85|
|2016-02-07|0|16|85|
|2016-02-06|0|16|85|
|2016-02-05|0|16|85|
|2016-02-04|0|16|85|
|2016-02-03|0|13|89|
|2016-02-02|0|13|89|
|2016-02-01|0|14|88|
|2016-01-31|0|16|86|
|2016-01-30|0|9|93|
|2016-01-29|0|9|93|
|2016-01-28|0|9|93|
|2016-01-27|0|7|95|
|2016-01-26|0|5|96|
|2016-01-25|0|5|96|
|2016-01-24|0|9|93|
|2016-01-23|0|6|95|
|2016-01-22|0|6|95|
|2016-01-21|0|6|95|
|2016-01-20|0|13|88|
|2016-01-19|0|13|88|
|2016-01-18|0|13|88|
|2016-01-17|0|12|90|
|2016-01-16|0|12|90|
|2016-01-15|0|12|90|
|2016-01-14|0|10|92|
|2016-01-13|0|10|92|
|2016-01-12|0|10|91|
|2016-01-11|0|12|90|
|2016-01-10|0|12|90|
|2016-01-09|0|12|90|
|2016-01-08|0|11|91|
|2016-01-07|0|5|96|
|2016-01-06|0|4|97|
|2016-01-05|0|8|94|
|2016-01-04|0|8|94|
|2016-01-03|0|14|87|
|2016-01-02|0|14|87|
|2016-01-01|0|14|87|
|2015-12-31|0|14|87|
|2015-12-30|0|15|87|
|2015-12-29|0|15|87|
|2015-12-28|0|15|87|
|2015-12-27|0|13|89|
|2015-12-26|0|13|89|
|2015-12-25|0|9|93|
|2015-12-24|0|11|91|
|2015-12-23|0|12|90|
|2015-12-22|0|12|90|
|2015-12-21|0|16|85|
|2015-12-20|0|16|86|
|2015-12-19|0|16|86|
|2015-12-18|0|16|86|
|2015-12-17|0|12|89|
|2015-12-16|0|12|89|
|2015-12-15|0|13|88|
|2015-12-14|0|15|87|
|2015-12-13|0|17|84|
|2015-12-12|0|17|84|
|2015-12-11|0|12|89|
|2015-12-10|0|12|89|
|2015-12-09|0|12|89|
|2015-12-08|0|17|84|
|2015-12-07|0|17|84|
|2015-12-06|0|15|86|
|2015-12-05|0|15|86|
|2015-12-04|0|11|91|
|2015-12-03|0|11|90|
|2015-12-02|0|13|88|
|2015-12-01|0|15|87|
|2015-11-30|0|16|85|
|2015-11-29|0|17|84|
|2015-11-28|0|17|84|
|2015-11-27|0|16|85|
|2015-11-26|0|16|85|
|2015-11-25|0|17|85|
|2015-11-24|0|17|84|
|2015-11-23|0|17|84|
|2015-11-22|0|14|87|
|2015-11-21|0|14|87|
|2015-11-20|0|11|90|
|2015-11-19|0|11|90|
|2015-11-18|0|11|90|
|2015-11-17|0|15|87|
|2015-11-16|0|16|86|
|2015-11-15|0|16|86|
|2015-11-14|0|13|88|
|2015-11-13|0|9|92|
|2015-11-09|0|17|84|
|2015-11-08|0|17|84|
|2015-11-07|0|17|84|
|2015-11-06|0|15|86|
|2015-11-05|0|15|86|
|2015-11-04|0|10|91|
|2015-11-03|0|10|92|
|2015-11-02|0|10|91|
|2015-11-01|0|16|85|
|2015-10-31|0|16|85|
|2015-10-30|0|16|86|
|2015-10-29|0|14|87|
|2015-10-28|0|14|87|
|2015-10-27|0|14|87|
|2015-10-26|0|17|84|
|2015-10-25|0|17|84|
|2015-10-24|0|9|92|
|2015-10-23|0|10|92|
|2015-10-22|0|10|92|
|2015-10-21|0|18|84|
|2015-10-20|0|18|83|
|2015-10-19|0|18|83|
|2015-10-18|0|15|87|
|2015-10-17|0|15|87|
|2015-10-16|0|15|86|
|2015-10-15|0|12|89|
|2015-10-14|0|12|89|
|2015-10-13|0|12|89|
|2015-10-12|0|18|83|
|2015-10-11|0|18|83|
|2015-10-10|0|18|83|
|2015-10-09|0|14|87|
|2015-10-08|0|10|91|
|2015-10-07|0|13|89|
|2015-10-06|0|14|88|
|2015-10-05|0|18|83|
|2015-10-04|0|19|83|
|2015-10-03|0|19|83|
|2015-10-02|0|16|85|
|2015-10-01|0|13|88|
|2015-09-30|0|12|89|
|2015-09-29|0|15|86|
|2015-09-28|0|17|84|
|2015-09-27|0|18|83|
|2015-09-26|0|17|84|
|2015-09-25|0|13|89|
|2015-09-24|0|10|91|
|2015-09-23|0|10|91|
|2015-09-22|0|14|87|
|2015-09-21|0|16|86|
|2015-09-20|0|18|83|
|2015-09-19|0|18|83|
|2015-09-18|0|16|85|
|2015-09-17|0|16|85|
|2015-09-16|0|16|85|
|2015-09-15|0|18|83|
|2015-09-14|0|18|83|
|2015-09-13|0|17|84|
|2015-09-12|0|17|84|
|2015-09-11|0|15|86|
|2015-09-10|0|13|88|
|2015-09-09|0|13|88|
|2015-09-08|0|13|88|
|2015-09-07|0|13|88|
|2015-09-06|0|17|84|
|2015-09-05|0|17|84|
|2015-09-04|0|14|87|
|2015-09-03|0|15|87|
|2015-09-02|0|16|86|
|2015-09-01|0|15|86|
|2015-08-17|0|18|83|
|2015-08-16|0|17|85|
|2015-08-15|0|16|85|
|2015-08-14|0|9|93|
|2015-08-13|0|9|93|
|2015-08-12|0|14|87|
|2015-08-11|0|15|86|
|2015-08-10|0|15|86|
|2015-08-09|0|16|85|
|2015-08-08|0|16|85|
|2015-08-07|0|13|89|
|2015-08-06|0|11|90|
|2015-08-05|0|14|88|
|2015-08-04|0|16|86|
|2015-08-03|0|17|84|
|2015-08-02|0|15|86|
|2015-08-01|0|15|86|
|2015-07-31|0|10|91|
|2015-07-30|0|10|92|
|2015-07-29|0|10|92|
|2015-07-28|0|15|86|
|2015-07-27|0|15|86|
|2015-07-26|0|15|87|
|2015-07-25|0|13|88|
|2015-07-24|0|13|88|
|2015-07-23|0|11|91|
|2015-07-22|0|11|90|
|2015-07-21|0|11|91|
|2015-07-20|0|13|88|
|2015-07-19|0|15|86|
|2015-07-18|0|15|86|
|2015-07-17|0|11|90|
|2015-07-16|0|11|90|
|2015-07-15|0|9|93|
|2015-07-14|0|11|91|
|2015-07-13|0|15|86|
|2015-07-12|0|15|86|
|2015-07-11|0|16|86|
|2015-07-10|0|15|86|
|2015-07-09|0|12|89|
|2015-07-08|0|11|90|
|2015-07-07|0|13|88|
|2015-07-06|0|15|86|
|2015-07-05|0|15|86|
|2015-07-04|0|12|89|
|2015-07-03|0|12|89|
|2015-07-02|0|8|94|
|2015-07-01|0|10|92|
|2015-06-30|0|12|89|
|2015-06-29|0|14|88|
|2015-06-28|0|15|86|
|2015-06-27|0|15|86|
|2015-06-26|0|11|91|
|2015-06-25|0|11|91|
|2015-06-24|0|10|92|
|2015-06-23|0|14|87|
|2015-06-22|0|15|86|
|2015-06-21|0|15|86|
|2015-06-20|0|15|86|
|2015-06-19|0|13|88|
|2015-06-18|0|11|90|
|2015-06-17|0|12|89|
|2015-06-16|0|13|88|
|2015-06-15|0|14|87|
|2015-06-14|0|12|90|
|2015-06-13|0|9|93|
|2015-06-12|0|9|93|
|2015-06-11|0|9|93|
|2015-06-10|0|10|91|
|2015-06-09|0|14|88|
|2015-06-08|0|14|88|
|2015-06-07|0|15|86|
|2015-06-06|0|13|88|
|2015-06-05|0|13|88|
|2015-06-04|0|11|91|
|2015-06-03|0|13|89|
|2015-06-02|0|15|86|
|2015-06-01|0|16|86|
|2015-05-31|0|15|86|
|2015-05-30|0|12|89|
|2015-05-29|0|12|89|
|2015-05-28|0|12|89|
|2015-05-27|0|11|90|
|2015-05-26|0|11|90|
|2015-05-25|0|13|88|
|2015-05-24|0|15|86|
|2015-05-23|0|15|86|
|2015-05-22|0|15|87|
|2015-05-21|0|14|88|
|2015-05-20|0|14|88|
|2015-05-19|0|14|87|
|2015-05-18|0|14|87|
|2015-05-17|0|14|87|
|2015-05-16|0|12|89|
|2015-05-15|0|7|95|
|2015-05-14|0|7|95|
|2015-05-13|0|10|92|
|2015-05-12|0|13|89|
|2015-05-11|0|13|88|
|2015-05-10|0|13|88|
|2015-05-09|0|13|89|
|2015-05-08|0|9|92|
|2015-05-07|0|8|93|
|2015-05-06|0|8|93|
|2015-05-05|0|12|89|
|2015-05-04|0|14|87|
|2015-05-03|0|14|88|
|2015-05-02|0|14|88|
|2015-05-01|0|13|88|
|2015-04-30|0|10|92|
|2015-04-29|0|11|91|
|2015-04-28|0|11|91|
|2015-04-27|0|10|91|
|2015-04-26|0|15|86|
|2015-04-25|0|15|87|
|2015-04-24|0|13|88|
|2015-04-23|0|10|92|
|2015-04-22|0|10|91|
|2015-04-21|0|11|90|
|2015-04-20|0|15|86|
|2015-04-19|0|15|86|
|2015-04-18|0|14|87|
|2015-04-17|0|13|89|
|2015-04-16|0|12|90|
|2015-04-15|0|12|90|
|2015-04-14|0|14|87|
|2015-04-13|0|15|86|
|2015-04-12|0|15|86|
|2015-04-11|0|14|87|
|2015-04-10|0|13|88|
|2015-04-09|0|13|89|
|2015-04-08|0|11|90|
|2015-04-07|0|12|89|
|2015-04-06|0|13|88|
|2015-04-05|0|15|87|
|2015-04-04|0|14|87|
|2015-04-03|0|13|88|
|2015-04-02|0|13|88|
|2015-04-01|0|13|88|
|2015-03-31|0|15|86|
|2015-03-30|0|15|86|
|2015-03-29|0|13|89|
|2015-03-28|0|7|94|
|2015-03-27|0|9|93|
|2015-03-26|0|9|93|
|2015-03-25|0|12|89|
|2015-03-24|0|15|86|
|2015-03-23|0|15|86|
|2015-03-22|0|15|86|
|2015-03-21|0|15|86|
|2015-03-20|0|15|86|
|2015-03-19|0|12|89|
|2015-03-18|0|12|89|
|2015-03-17|0|14|87|
|2015-03-16|0|16|85|
|2015-03-15|0|16|85|
|2015-03-14|0|15|87|
|2015-03-13|0|15|87|
|2015-03-12|0|12|89|
|2015-03-11|0|12|89|
|2015-03-10|0|13|89|
|2015-03-09|0|14|87|
|2015-03-08|0|14|87|
|2015-03-07|0|14|87|
|2015-03-06|0|15|87|
|2015-03-05|0|15|87|
|2015-03-04|0|16|86|
|2015-03-03|0|13|88|
|2015-03-02|0|18|83|
|2015-03-01|0|18|84|
|2015-02-28|0|18|84|
|2015-02-27|0|18|84|
|2015-02-26|0|16|85|
|2015-02-25|0|15|87|
|2015-02-24|0|16|86|
|2015-02-23|0|17|84|
|2015-02-22|0|17|84|
|2015-02-21|0|16|85|
|2015-02-20|0|15|86|
|2015-02-19|0|12|89|
|2015-02-18|0|14|87|
|2015-02-17|0|14|87|
|2015-02-16|0|17|84|
|2015-02-15|0|17|84|
|2015-02-14|0|15|86|
|2015-02-13|0|15|87|
|2015-02-12|0|13|88|
|2015-02-11|0|13|88|
|2015-02-10|0|15|86|
|2015-02-09|0|15|86|
|2015-02-08|0|20|81|
|2015-02-07|0|20|81|
|2015-02-06|0|22|80|
|2015-02-05|0|22|79|
|2015-02-04|0|23|78|
|2015-02-03|0|24|78|
|2015-02-02|0|24|78|
|2015-02-01|0|23|78|
|2015-01-31|0|22|80|
|2015-01-30|0|23|78|
|2015-01-29|0|21|80|
|2015-01-28|0|22|80|
|2015-01-27|0|27|75|
|2015-01-26|0|27|74|
|2015-01-25|0|28|74|
|2015-01-24|0|27|75|
|2015-01-23|0|18|84|
|2015-01-22|0|17|84|
|2015-01-21|0|17|84|
|2015-01-20|0|27|74|
|2015-01-19|0|26|75|
|2015-01-18|0|27|75|
|2015-01-17|0|25|76|
|2015-01-16|0|21|80|
|2015-01-15|0|19|83|
|2015-01-14|0|21|80|
|2015-01-13|0|27|75|
|2015-01-12|0|29|72|
|2015-01-11|0|26|75|
|2015-01-10|0|25|76|
|2015-01-09|0|27|75|
|2015-01-08|0|18|84|
|2015-01-07|0|17|84|
|2015-01-06|0|24|77|
|2015-01-05|0|30|71|
|2015-01-04|0|27|75|
|2015-01-03|0|23|78|
|2015-01-02|0|11|90|
|2015-01-01|0|14|87|
|2014-12-31|0|14|87|
|2014-12-30|0|28|73|
|2014-12-29|0|38|63|
|2014-12-28|0|37|64|
|2014-12-27|0|37|64|
|2014-12-26|0|81|20|
|2014-12-25|0|94|7|
|2014-12-24|0|95|7|
|2014-12-23|0|96|5|
|2014-12-22|0|69|33|
|2014-12-21|0|41|61|
|2014-12-20|0|41|61|
|2014-12-19|0|35|67|
|2014-12-18|0|35|66|
|2014-12-17|0|35|66|
|2014-12-16|0|32|69|
|2014-12-15|0|34|67|
|2014-12-14|0|34|67|
|2014-12-13|0|15|86|
|2014-12-12|0|17|85|
|2014-12-11|0|17|85|
|2014-12-10|0|32|69|
|2014-12-09|0|31|70|
|2014-12-08|0|31|70|
|2014-12-07|0|29|73|
|2014-12-06|0|29|73|
|2014-12-05|0|27|74|
|2014-12-04|0|11|90|
|2014-12-03|0|17|85|
|2014-12-02|0|24|77|
|2014-12-01|0|44|58|
|2014-11-30|0|44|58|
|2014-11-29|0|46|56|
|2014-11-28|0|43|59|
|2014-11-27|0|43|59|
|2014-11-26|0|42|60|
|2014-11-25|0|26|75|
|2014-11-24|0|26|75|
|2014-11-23|0|28|73|
|2014-11-22|0|49|53|
|2014-11-21|0|54|47|
|2014-11-20|0|54|48|
|2014-11-19|0|54|48|
|2014-11-18|0|38|63|
|2014-11-17|0|29|72|
|2014-11-16|0|29|72|
|2014-11-15|0|44|57|
|2014-11-14|0|98|3|
|2014-11-13|0|101|1|
|2014-11-12|0|101|1|
|2014-11-11|0|101|1|
|2014-11-10|0|101|1|
|2014-11-09|0|0|0|
|2014-11-08|0|0|0|
|2014-11-07|0|0|0|
|2014-11-06|0|0|0|
|2014-11-05|0|0|0|
|2014-11-04|0|0|0|
|2014-11-03|0|0|0|
|2014-11-02|0|0|0|
|2014-11-01|0|0|0|
|2014-10-31|0|0|0|
