<html>
 <head>
   <script type="text/javascript" src="https://www.google.com/jsapi"></script>
   <script type="text/javascript">
     google.load("visualization", "1", {packages:["corechart"]});
     google.setOnLoadCallback(drawChart);
     function drawChart() {
       var data = google.visualization.arrayToDataTable([
['Date','EFD','FC','SATA'],
['2015-04-30',   0,  6,  0],
['2015-05-01',   0,  23,  17],
['2015-05-02',   0,  24,  17],
['2015-05-03',   0,  24,  18],
['2015-05-04',   0,  33,  17],
['2015-05-05',   1,  33,  17],
['2015-05-06',   1,  32,  18],
['2015-05-07',   1,  34,  18],
['2015-05-08',   1,  34,  18],
['2015-05-09',   1,  34,  17],
['2015-05-10',   1,  28,  23],
['2015-05-11',   1,  29,  23],
['2015-05-12',   1,  27,  24],
['2015-05-13',   1,  27,  24],
['2015-05-14',   1,  32,  20],
['2015-05-15',   1,  33,  19],
['2015-05-16',   1,  33,  19],
['2015-05-17',   1,  35,  17],
['2015-05-18',   1,  28,  24],
['2015-05-19',   1,  30,  22],
['2015-05-20',   1,  30,  22],
['2015-05-21',   1,  35,  17],
['2015-05-22',   1,  35,  17],
['2015-05-23',   1,  31,  21],
['2015-05-24',   1,  31,  21],
['2015-05-25',   1,  31,  21],
['2015-05-26',   1,  32,  20],
['2015-05-27',   1,  31,  21],
['2015-05-28',   1,  31,  21],
['2015-05-29',   1,  34,  18],
['2015-05-30',   1,  33,  18],
['2015-05-31',   1,  34,  18],
['2015-06-01',   1,  40,  12],
['2015-06-02',   1,  41,  11],
['2015-06-03',   1,  42,  10],
['2015-06-04',   1,  42,  10],
['2015-06-05',   1,  39,  13],
['2015-06-06',   1,  35,  17],
['2015-06-07',   1,  34,  18],
['2015-06-08',   1,  22,  30],
['2015-06-09',   1,  19,  33],
['2015-06-10',   1,  20,  32],
['2015-06-11',   1,  32,  20],
['2015-06-12',   1,  35,  17],
['2015-06-13',   1,  37,  16],
['2015-06-14',   1,  36,  16],
['2015-06-15',   1,  35,  17],
['2015-06-16',   1,  31,  21],
['2015-06-17',   1,  30,  22],
['2015-06-18',   1,  32,  20],
['2015-06-19',   1,  36,  16],
['2015-06-20',   1,  36,  16],
['2015-06-21',   1,  35,  17],
['2015-06-22',   1,  35,  17],
['2015-06-23',   1,  32,  20],
['2015-06-24',   1,  31,  21],
['2015-06-25',   1,  31,  22],
['2015-06-26',   1,  34,  18],
['2015-06-27',   1,  33,  19],
['2015-06-28',   1,  32,  20],
['2015-06-29',   1,  33,  19],
['2015-06-30',   1,  33,  19],
['2015-07-01',   1,  33,  19],
['2015-07-02',   1,  33,  20],
['2015-07-03',   1,  28,  24],
['2015-07-04',   1,  31,  21],
['2015-07-05',   1,  31,  21],
['2015-07-06',   1,  31,  21],
['2015-07-07',   1,  31,  21],
['2015-07-08',   1,  29,  23],
['2015-07-09',   1,  29,  23],
['2015-07-10',   1,  31,  21],
['2015-07-11',   1,  36,  16],
['2015-07-12',   1,  36,  16],
['2015-07-13',   1,  34,  18],
['2015-07-14',   1,  33,  19],
['2015-07-15',   1,  32,  21],
['2015-07-16',   1,  31,  21],
['2015-07-17',   1,  33,  19],
['2015-07-18',   1,  34,  18],
['2015-07-19',   1,  36,  16],
['2015-07-20',   1,  36,  16],
['2015-07-21',   1,  35,  18],
['2015-07-22',   1,  34,  18],
['2015-07-23',   1,  30,  22],
['2015-07-24',   1,  32,  20],
['2015-07-25',   1,  36,  16],
['2015-07-26',   1,  26,  27],
['2015-07-27',   1,  26,  27],
['2015-07-28',   1,  26,  27],
['2015-07-29',   1,  27,  25],
['2015-07-30',   1,  32,  20],
['2015-07-31',   1,  36,  17],
['2015-08-01',   1,  36,  17],
['2015-08-02',   1,  36,  17],
['2015-08-03',   1,  34,  18],
['2015-08-04',   1,  32,  20],
['2015-08-05',   1,  31,  21],
['2015-08-06',   1,  31,  22],
['2015-08-07',   1,  36,  19],
['2015-08-08',   1,  37,  18],
['2015-08-09',   1,  35,  19],
['2015-08-10',   1,  37,  19],
['2015-08-11',   1,  37,  19],
['2015-08-12',   1,  33,  23],
['2015-08-13',   1,  42,  25],
['2015-08-14',   1,  46,  21],
['2015-08-15',   1,  47,  20],
['2015-08-16',   1,  42,  25],
['2015-08-17',   1,  42,  25],
['2015-09-01',   1,  33,  36],
['2015-09-02',   1,  39,  30],
['2015-09-03',   1,  43,  26],
['2015-09-04',   1,  48,  21],
['2015-09-05',   1,  49,  21],
['2015-09-06',   1,  35,  34],
['2015-09-07',   1,  33,  36],
['2015-09-08',   1,  40,  29],
['2015-09-09',   1,  43,  27],
['2015-09-10',   1,  50,  20],
['2015-09-11',   1,  50,  20],
['2015-09-12',   1,  36,  33],
['2015-09-13',   1,  31,  39],
['2015-09-14',   1,  34,  36],
['2015-09-15',   1,  39,  31],
['2015-09-16',   1,  40,  30],
['2015-09-17',   1,  40,  30],
['2015-09-18',   1,  46,  24],
['2015-09-19',   1,  45,  25],
['2015-09-20',   1,  35,  34],
['2015-09-21',   1,  31,  38],
['2015-09-22',   1,  37,  32],
['2015-09-23',   1,  35,  34],
['2015-09-24',   1,  37,  33],
['2015-09-25',   1,  43,  27],
['2015-09-26',   1,  40,  29],
['2015-09-27',   1,  32,  37],
['2015-09-28',   1,  33,  37],
['2015-09-29',   1,  43,  27],
['2015-09-30',   1,  43,  27],
['2015-10-01',   1,  43,  27],
['2015-10-02',   1,  46,  24],
['2015-10-03',   1,  46,  24],
['2015-10-04',   1,  34,  36],
['2015-10-05',   1,  34,  36],
['2015-10-06',   1,  29,  41],
['2015-10-07',   1,  39,  31],
['2015-10-08',   1,  39,  31],
['2015-10-09',   1,  44,  26],
['2015-10-10',   1,  44,  27],
['2015-10-11',   1,  44,  26],
['2015-10-12',   1,  38,  33],
['2015-10-13',   1,  38,  32],
['2015-10-14',   1,  33,  37],
['2015-10-15',   1,  29,  41],
['2015-10-16',   1,  29,  41],
['2015-10-17',   1,  29,  41],
['2015-10-18',   1,  38,  33],
['2015-10-19',   1,  37,  33],
['2015-10-20',   1,  42,  28],
['2015-10-21',   1,  40,  31],
['2015-10-22',   1,  41,  30],
['2015-10-23',   1,  38,  32],
['2015-10-24',   1,  38,  32],
['2015-10-25',   1,  38,  33],
['2015-10-26',   1,  38,  32],
['2015-10-27',   1,  37,  33],
['2015-10-28',   1,  33,  37],
['2015-10-29',   1,  39,  31],
['2015-10-30',   1,  38,  33],
['2015-10-31',   1,  41,  29],
['2015-11-01',   1,  39,  32],
['2015-11-02',   1,  39,  32],
['2015-11-03',   1,  39,  31],
['2015-11-04',   1,  35,  35],
['2015-11-05',   1,  32,  39],
['2015-11-06',   1,  32,  39],
['2015-11-07',   1,  37,  33],
['2015-11-08',   1,  39,  32],
['2015-11-09',   1,  38,  32],
['2015-11-13',   1,  40,  30],
['2015-11-14',   1,  28,  43],
['2015-11-15',   1,  29,  41],
['2015-11-16',   1,  30,  40],
['2015-11-17',   1,  42,  28],
['2015-11-18',   1,  42,  28],
['2015-11-19',   1,  39,  32],
['2015-11-20',   1,  37,  34],
['2015-11-21',   1,  36,  34],
['2015-11-22',   1,  38,  33],
['2015-11-23',   1,  26,  44],
['2015-11-24',   1,  27,  44],
['2015-11-25',   1,  22,  49],
['2015-11-26',   1,  26,  44],
['2015-11-27',   1,  34,  36],
['2015-11-28',   1,  43,  27],
['2015-11-29',   1,  43,  27],
['2015-11-30',   1,  41,  29],
['2015-12-01',   1,  39,  31],
['2015-12-02',   1,  39,  31],
['2015-12-03',   1,  33,  37],
['2015-12-04',   1,  32,  38],
['2015-12-05',   1,  31,  40],
['2015-12-06',   1,  33,  37],
['2015-12-07',   1,  38,  32],
['2015-12-08',   1,  38,  32],
['2015-12-09',   1,  37,  33],
['2015-12-10',   1,  37,  33],
['2015-12-11',   1,  36,  34],
['2015-12-12',   1,  36,  34],
['2015-12-13',   1,  27,  43],
['2015-12-14',   1,  26,  45],
['2015-12-15',   1,  25,  45],
['2015-12-16',   1,  33,  37],
['2015-12-17',   1,  38,  33],
['2015-12-18',   1,  38,  33],
['2015-12-19',   1,  39,  31],
['2015-12-20',   1,  36,  34],
['2015-12-21',   1,  36,  34],
['2015-12-22',   1,  31,  39],
['2015-12-23',   1,  33,  37],
['2015-12-24',   1,  33,  38],
['2015-12-25',   1,  34,  36],
['2015-12-26',   1,  34,  36],
['2015-12-27',   1,  35,  35],
['2015-12-28',   1,  35,  35],
['2015-12-29',   1,  31,  39],
['2015-12-30',   1,  27,  43],
['2015-12-31',   1,  24,  46],
['2016-01-01',   1,  24,  46],
['2016-01-02',   1,  23,  46],
['2016-01-03',   1,  31,  39],
['2016-01-04',   1,  30,  40],
['2016-01-05',   1,  34,  36],
['2016-01-06',   1,  33,  37],
['2016-01-07',   1,  34,  36],
['2016-01-08',   1,  32,  38],
['2016-01-09',   1,  33,  37],
['2016-01-10',   1,  31,  39],
['2016-01-11',   1,  32,  38],
['2016-01-12',   1,  30,  40],
['2016-01-13',   1,  27,  43],
['2016-01-14',   1,  27,  43],
['2016-01-15',   1,  29,  42],
['2016-01-16',   1,  31,  39],
['2016-01-17',   1,  27,  43],
['2016-01-18',   1,  27,  43],
['2016-01-19',   1,  27,  43],
['2016-01-20',   1,  28,  42],
['2016-01-21',   1,  27,  43],
['2016-01-22',   1,  28,  42],
['2016-01-23',   1,  31,  39],
['2016-01-24',   1,  31,  39],
['2016-01-25',   1,  27,  43],
['2016-01-26',   1,  27,  43],
['2016-01-27',   1,  28,  42],
['2016-01-28',   1,  29,  41],
['2016-01-29',   1,  30,  40],
['2016-01-30',   1,  30,  40],
['2016-01-31',   1,  29,  41],
['2016-02-01',   1,  29,  41],
['2016-02-02',   1,  29,  41],
['2016-02-03',   1,  28,  42],
['2016-02-04',   1,  31,  39],
['2016-02-05',   1,  32,  38],
['2016-02-06',   1,  33,  38],
['2016-02-07',   1,  32,  38],
['2016-02-08',   1,  32,  38],
['2016-02-09',   1,  30,  40],
['2016-02-10',   1,  29,  41],
['2016-02-11',   1,  30,  40],
['2016-02-12',   1,  31,  39],
['2016-02-13',   1,  32,  38],
['2016-02-14',   1,  33,  37],
['2016-02-15',   1,  32,  38],
['2016-02-16',   1,  32,  38],
['2016-02-17',   1,  33,  38],
['2016-02-18',   1,  31,  40],
['2016-02-19',   1,  30,  40],
['2016-02-20',   1,  31,  39],
['2016-02-21',   1,  33,  38],
['2016-02-22',   1,  33,  38],
['2016-02-23',   1,  33,  37],
['2016-02-24',   1,  32,  38],
['2016-02-25',   1,  32,  38],
['2016-02-26',   1,  32,  38],
['2016-02-27',   1,  32,  38],
['2016-02-28',   1,  32,  38],
['2016-02-29',   1,  32,  38],
['2016-03-01',   1,  30,  40],
['2016-03-02',   1,  30,  40],
['2016-03-03',   1,  28,  42],
['2016-03-04',   1,  28,  42],
['2016-03-05',   1,  26,  44],
['2016-03-06',   1,  28,  42],
['2016-03-07',   1,  28,  42],
['2016-03-08',   1,  28,  42],
['2016-03-09',   1,  29,  42],
['2016-03-10',   1,  29,  42],
['2016-03-11',   1,  28,  42],
['2016-03-12',   1,  28,  43],
['2016-03-13',   1,  28,  42],
['2016-03-14',   1,  27,  43],
['2016-03-15',   1,  27,  43],
['2016-03-16',   1,  27,  44],
['2016-03-17',   1,  26,  44],
['2016-03-18',   1,  27,  43],
['2016-03-19',   1,  27,  43],
['2016-03-20',   1,  27,  43],
['2016-03-21',   1,  27,  43],
['2016-03-22',   1,  27,  43],
['2016-03-23',   1,  27,  44],
['2016-03-24',   1,  26,  44],
['2016-03-25',   1,  27,  43],
['2016-03-26',   1,  27,  43],
['2016-03-27',   1,  26,  44],
['2016-03-28',   1,  20,  50],
['2016-03-29',   1,  26,  44],
['2016-03-30',   1,  26,  44],
['2016-03-31',   1,  26,  44],
['2016-04-01',   1,  28,  42],
['2016-04-02',   1,  28,  42],
['2016-04-03',   1,  28,  42],
['2016-04-04',   1,  28,  42],
['2016-04-05',   1,  27,  44],
['2016-04-06',   1,  27,  44],
['2016-04-07',   1,  26,  44],
['2016-04-08',   1,  29,  42],
['2016-04-09',   1,  28,  42],
['2016-04-10',   1,  28,  42],
['2016-04-11',   1,  28,  42],
['2016-04-12',   1,  27,  43],
['2016-04-13',   1,  26,  44],
['2016-04-14',   1,  28,  43],
['2016-04-15',   1,  28,  43],
['2016-04-16',   1,  28,  43],
['2016-04-17',   1,  27,  43],
['2016-04-18',   1,  20,  50],
['2016-04-19',   1,  27,  44],
['2016-04-20',   1,  26,  44],
['2016-04-21',   1,  26,  44],
['2016-04-22',   1,  28,  42],
['2016-04-23',   1,  28,  42],
['2016-04-24',   1,  28,  42],
['2016-04-25',   1,  28,  42],
['2016-04-26',   1,  27,  43],
['2016-04-27',   1,  27,  44],
['2016-04-28',   1,  26,  45],
['2016-04-29',   1,  28,  42],
['2016-04-30',   1,  28,  42],
['2016-05-01',   1,  28,  42],
['2016-05-02',   1,  28,  42],
['2016-05-03',   1,  27,  43],
['2016-05-04',   1,  26,  44],
['2016-05-05',   1,  27,  43],
['2016-05-06',   1,  28,  42],
['2016-05-07',   1,  28,  42],
['2016-05-08',   1,  27,  43],
['2016-05-09',   1,  27,  43],
['2016-05-10',   1,  26,  44],
['2016-05-11',   1,  26,  44],
['2016-05-12',   1,  26,  45],
['2016-05-13',   1,  27,  43],
['2016-05-14',   1,  27,  43],
['2016-05-15',   1,  27,  43],
['2016-05-16',   1,  27,  43],
['2016-05-17',   1,  27,  43],
['2016-05-18',   1,  26,  45],
['2016-05-19',   1,  26,  45],
['2016-05-20',   1,  27,  44],
['2016-05-21',   1,  27,  44],
['2016-05-22',   1,  26,  44],
['2016-05-23',   1,  27,  43],
['2016-05-24',   1,  26,  44],
['2016-05-25',   1,  24,  47],
['2016-05-26',   1,  24,  47],
['2016-05-27',   1,  25,  46],
['2016-05-28',   1,  26,  45],
['2016-05-29',   1,  25,  45],
['2016-05-30',   1,  19,  51],
['2016-05-31',   1,  25,  46],
['2016-06-01',   1,  24,  46],
['2016-06-02',   1,  26,  44],
['2016-06-03',   1,  27,  43],
['2016-06-04',   1,  27,  43],
['2016-06-05',   1,  26,  44],
['2016-06-06',   1,  26,  44],
['2016-06-07',   1,  26,  45],
['2016-06-08',   1,  25,  45],
['2016-06-09',   1,  25,  46],
['2016-06-10',   1,  27,  44],
['2016-06-11',   1,  27,  43],
['2016-06-12',   1,  26,  44],
['2016-06-13',   1,  26,  44],
['2016-06-14',   1,  26,  44],
['2016-06-15',   1,  25,  46],
['2016-06-16',   1,  26,  45],
['2016-06-17',   1,  27,  44],
['2016-06-18',   1,  27,  44],
['2016-06-19',   1,  26,  44],
['2016-06-20',   1,  25,  45],
['2016-06-21',   1,  24,  46],
['2016-06-22',   1,  23,  47],
['2016-06-23',   1,  23,  47],
['2016-06-24',   1,  20,  51],
['2016-06-25',   1,  20,  51],
['2016-06-26',   1,  21,  49],
['2016-06-27',   1,  21,  49],
['2016-06-28',   1,  17,  53],
['2016-06-29',   1,  21,  50],
['2016-06-30',   1,  20,  51],
['2016-07-01',   1,  25,  45],
['2016-07-02',   1,  27,  43],
['2016-07-03',   1,  27,  43],
['2016-07-04',   1,  27,  43],
['2016-07-05',   1,  27,  43],
['2016-07-06',   1,  25,  46],
['2016-07-07',   1,  27,  43],
['2016-07-08',   1,  25,  45],
['2016-07-09',   1,  26,  45],
['2016-07-10',   1,  25,  45],
['2016-07-11',   1,  20,  50],
['2016-07-12',   1,  25,  45],
['2016-07-13',   1,  23,  48],
['2016-07-14',   1,  23,  47],
['2016-07-15',   1,  26,  44],
['2016-07-16',   1,  26,  44],
['2016-07-17',   1,  26,  45],
['2016-07-18',   1,  25,  45],
['2016-07-19',   1,  25,  46],
['2016-07-20',   1,  23,  48],
['2016-07-21',   1,  22,  48],
['2016-07-22',   1,  24,  46],
['2016-07-23',   1,  24,  47],
['2016-07-24',   1,  24,  46],
['2016-07-25',   1,  26,  44],
['2016-07-26',   1,  24,  47],
['2016-07-27',   1,  23,  48],
['2016-07-28',   1,  26,  45],
['2016-07-29',   1,  23,  47],
['2016-07-30',   1,  23,  47],
['2016-07-31',   1,  22,  48],
['2016-08-01',   1,  25,  46],
['2016-08-02',   1,  23,  47],
['2016-08-03',   1,  23,  48],
['2016-08-04',   1,  24,  46],
['2016-08-05',   1,  24,  46],
['2016-08-06',   1,  25,  45],
['2016-08-07',   1,  25,  46],
['2016-08-08',   1,  24,  46],
['2016-08-09',   1,  24,  46],
['2016-08-10',   1,  23,  47],
['2016-08-11',   1,  22,  48],
['2016-08-12',   1,  23,  47],
['2016-08-13',   1,  19,  52],
['2016-08-14',   1,  18,  53],
['2016-08-15',   1,  18,  53],
['2016-08-16',   1,  24,  47],
['2016-08-17',   1,  20,  51],
['2016-08-18',   1,  20,  51],
['2016-08-19',   1,  23,  48],
['2016-08-20',   1,  23,  48],
['2016-08-21',   1,  22,  48],
['2016-08-22',   1,  22,  48],
['2016-08-23',   1,  25,  45],
['2016-08-24',   1,  20,  50],
['2016-08-25',   1,  20,  50],
['2016-08-26',   1,  23,  47],
['2016-08-27',   1,  23,  48],
['2016-08-28',   1,  21,  49],
['2016-08-29',   1,  20,  50],
['2016-08-30',   1,  18,  52],
['2016-08-31',   1,  22,  48],
['2016-09-01',   1,  21,  49],
['2016-09-02',   1,  24,  47],
['2016-09-03',   1,  24,  47],
['2016-09-04',   1,  25,  46],
['2016-09-05',   1,  24,  46],
['2016-09-06',   1,  25,  45],
['2016-09-07',   1,  23,  47],
['2016-09-08',   1,  25,  45],
['2016-09-09',   1,  26,  45],
['2016-09-10',   1,  25,  45],
['2016-09-11',   1,  23,  47],
['2016-09-12',   1,  15,  55],
['2016-09-13',   1,  21,  49],
['2016-09-14',   1,  21,  50],
['2016-09-15',   1,  21,  49],
['2016-09-16',   1,  19,  52],
['2016-09-17',   1,  21,  49],
['2016-09-18',   1,  23,  47],
['2016-09-19',   1,  25,  45],
['2016-09-20',   1,  21,  49],
['2016-09-21',   1,  21,  49],
['2016-09-22',   1,  23,  47],
['2016-09-23',   1,  24,  47],
['2016-09-24',   1,  25,  45],
['2016-09-25',   1,  22,  48],
['2016-09-26',   1,  22,  48],
['2016-09-27',   1,  25,  45],
['2016-09-28',   1,  21,  49],
['2016-09-29',   1,  23,  48],
['2016-09-30',   1,  25,  46],
['2016-10-01',   1,  25,  46],
['2016-10-02',   1,  24,  46],
['2016-10-03',   1,  23,  47],
['2016-10-04',   1,  23,  47],
['2016-10-05',   1,  22,  48],
['2016-10-06',   1,  24,  47],
['2016-10-07',   1,  25,  45],
['2016-10-08',   1,  25,  45],
['2016-10-09',   1,  24,  46],
['2016-10-10',   1,  23,  48],
['2016-10-11',   1,  22,  48],
['2016-10-12',   1,  20,  50],
['2016-10-13',   1,  19,  51],
['2016-10-14',   1,  26,  45],
['2016-10-15',   1,  23,  48],
['2016-10-16',   1,  22,  48],
['2016-10-17',   1,  22,  49],
['2016-10-18',   1,  21,  49],
['2016-10-19',   1,  21,  50],
['2016-10-20',   1,  24,  47],
['2016-10-21',   1,  22,  48],
['2016-10-22',   1,  23,  48],
['2016-10-23',   1,  23,  48],
['2016-10-24',   1,  19,  51],
['2016-10-25',   1,  20,  50],
['2016-10-26',   1,  21,  50],
['2016-10-27',   1,  22,  49],
['2016-10-28',   1,  26,  44],
['2016-10-29',   1,  24,  47],
['2016-10-30',   1,  23,  47],
['2016-10-31',   1,  18,  53],
['2016-11-01',   1,  21,  49],
['2016-11-02',   1,  21,  49],
['2016-11-03',   1,  21,  50],
['2016-11-04',   1,  25,  46],
['2016-11-05',   1,  23,  48],
['2016-11-06',   1,  23,  47],
['2016-11-07',   1,  23,  47],
['2016-11-08',   1,  23,  48],
['2016-11-09',   1,  21,  49],
['2016-11-10',   1,  29,  43],
['2016-11-11',   1,  28,  44],
['2016-11-12',   1,  28,  44],
['2016-11-13',   1,  30,  43],
['2016-11-14',   1,  19,  54],
['2016-11-15',   1,  23,  50],
['2016-11-16',   1,  21,  51],
['2016-11-17',   1,  19,  54],
['2016-11-18',   1,  20,  52],
['2016-11-19',   1,  22,  50],
['2016-11-20',   1,  22,  51],
['2016-11-21',   1,  27,  46],
['2016-11-22',   1,  23,  50],
['2016-11-23',   1,  22,  51],
['2016-11-24',   1,  23,  50],
['2016-11-25',   1,  28,  45],
['2016-11-26',   1,  26,  47],
['2016-11-27',   1,  25,  47],
['2016-11-28',   1,  24,  48],
['2016-11-29',   1,  23,  50],
['2016-11-30',   1,  21,  52],
['2016-12-01',   1,  24,  49],
['2016-12-02',   1,  22,  51],
['2016-12-03',   1,  23,  50],
['2016-12-04',   1,  22,  50],
['2016-12-05',   1,  17,  56],
['2016-12-06',   1,  17,  56],
['2016-12-07',   1,  21,  52],
['2016-12-08',   1,  21,  52],
['2016-12-09',   1,  26,  47],
['2016-12-10',   1,  23,  49],
['2016-12-11',   1,  23,  49],
['2016-12-12',   1,  24,  48],
['2016-12-13',   1,  21,  51],
['2016-12-14',   1,  21,  52],
['2016-12-15',   1,  21,  52],
['2016-12-16',   1,  26,  46],
['2016-12-17',   1,  24,  49],
['2016-12-18',   1,  24,  49],
['2016-12-19',   1,  24,  49],
['2016-12-20',   1,  23,  50],
['2016-12-21',   1,  22,  51],
['2016-12-22',   1,  20,  52],
['2016-12-23',   1,  20,  53],
['2016-12-24',   1,  22,  51],
['2016-12-25',   1,  22,  51],
['2016-12-26',   1,  23,  50],
['2016-12-27',   1,  20,  52],
['2016-12-28',   1,  20,  53],
['2016-12-29',   1,  21,  51],
['2016-12-30',   1,  26,  46],
['2016-12-31',   1,  25,  48],
['2017-01-01',   1,  24,  49],
['2017-01-02',   1,  24,  49],
['2017-01-03',   1,  21,  51],
['2017-01-04',   1,  21,  51],
['2017-01-05',   1,  21,  51],
['2017-01-06',   1,  26,  47],
['2017-01-07',   1,  32,  41],
['2017-01-08',   1,  31,  42],
['2017-01-09',   1,  28,  44],
['2017-01-10',   1,  27,  45],
['2017-01-11',   1,  26,  47],
['2017-01-12',   1,  25,  48],
['2017-01-13',   1,  22,  51],
['2017-01-14',   1,  25,  47],
['2017-01-15',   1,  25,  48],
['2017-01-16',   1,  19,  54],
['2017-01-17',   1,  17,  55],
['2017-01-18',   1,  25,  48],
['2017-01-19',   1,  25,  48],
['2017-01-20',   1,  27,  46],
['2017-01-21',   1,  26,  46],
['2017-01-22',   1,  26,  46],
['2017-01-23',   1,  26,  47],
['2017-01-24',   1,  24,  48],
['2017-01-25',   1,  23,  50],
['2017-01-26',   1,  26,  46],
['2017-01-27',   1,  28,  44],
['2017-01-28',   1,  26,  47],
['2017-01-29',   1,  26,  47],
['2017-01-30',   1,  26,  47],
['2017-01-31',   1,  24,  48],
['2017-02-01',   1,  24,  49],
['2017-02-02',   1,  27,  50],
['2017-02-03',   1,  27,  50],
['2017-02-04',   1,  27,  50],
['2017-02-05',   1,  27,  50],
['2017-02-06',   1,  20,  57],
['2017-02-07',   1,  24,  53],
['2017-02-08',   1,  24,  53],
['2017-02-09',   1,  23,  54],
['2017-02-10',   1,  28,  49],
['2017-02-11',   1,  26,  51],
['2017-02-12',   1,  25,  51],
['2017-02-13',   1,  23,  54],
['2017-02-14',   1,  24,  52],
['2017-02-15',   1,  22,  55],
['2017-02-16',   1,  24,  53],
['2017-02-17',   1,  29,  48],
['2017-02-18',   1,  29,  48],
['2017-02-19',   1,  28,  49],
['2017-02-20',   1,  28,  49],
['2017-02-21',   1,  26,  51],
['2017-02-22',   1,  24,  54],
['2017-02-23',   1,  27,  50],
['2017-02-24',   1,  30,  48],
['2017-02-25',   1,  30,  48],
['2017-02-26',   1,  27,  51],
['2017-02-27',   1,  19,  58],
['2017-02-28',   1,  24,  53],
['2017-03-01',   1,  24,  54],
['2017-03-02',   1,  23,  54],
['2017-03-03',   1,  24,  53],
['2017-03-04',   1,  26,  52],
['2017-03-05',   1,  25,  52],
['2017-03-06',   1,  20,  57],
['2017-03-07',   1,  19,  58],
['2017-03-08',   1,  24,  53],
['2017-03-09',   1,  25,  52],
['2017-03-10',   1,  27,  51],
['2017-03-11',   1,  26,  51],
['2017-03-12',   1,  26,  51],
['2017-03-13',   1,  26,  51],
['2017-03-14',   1,  25,  53],
['2017-03-15',   1,  24,  53],
['2017-03-16',   1,  25,  53],
['2017-03-17',   1,  26,  51],
['2017-03-18',   1,  26,  52],
['2017-03-19',   1,  26,  52],
['2017-03-20',   1,  26,  52],
['2017-03-21',   1,  24,  54],
['2017-03-22',   1,  24,  54],
['2017-03-23',   1,  23,  54],
['2017-03-24',   1,  25,  53],
['2017-03-25',   1,  25,  53],
['2017-03-26',   1,  25,  53],
['2017-03-27',   1,  25,  53],
['2017-03-28',   1,  25,  53],
['2017-03-29',   1,  23,  54],
['2017-03-30',   1,  27,  51],
['2017-03-31',   1,  29,  49],
['2017-04-01',   1,  28,  50],
['2017-04-02',   1,  28,  50],
['2017-04-03',   1,  28,  50],
['2017-04-04',   1,  26,  52],
['2017-04-05',   1,  25,  53],
['2017-04-06',   1,  24,  54],
['2017-04-07',   1,  24,  54],
['2017-04-08',   1,  25,  53],
['2017-04-09',   1,  25,  53],
['2017-04-10',   1,  19,  59],
['2017-04-11',   1,  24,  54],
['2017-04-12',   1,  24,  54],
['2017-04-13',   1,  24,  55],
['2017-04-14',   1,  27,  51],
['2017-04-15',   1,  26,  52],
['2017-04-16',   1,  26,  52],
['2017-04-17',   1,  24,  54],
['2017-04-18',   1,  26,  53],
['2017-04-19',   1,  24,  55],
['2017-04-20',   1,  26,  52],
['2017-04-21',   1,  28,  51],
['2017-04-22',   1,  26,  52],
['2017-04-23',   1,  27,  51],
['2017-04-24',   1,  29,  50],
['2017-04-25',   1,  26,  53],
['2017-04-26',   1,  24,  54],
['2017-04-27',   1,  24,  55],
['2017-04-28',   1,  24,  54],
['2017-04-29',   1,  26,  53],
['2017-04-30',   1,  25,  53],
['2017-05-01',   1,  25,  53],
['2017-05-02',   1,  22,  56],
['2017-05-03',   1,  24,  54],
['2017-05-04',   1,  24,  54],
['2017-05-05',   1,  25,  54],
['2017-05-06',   1,  25,  54],
['2017-05-07',   1,  26,  53],
['2017-05-08',   1,  26,  53],
['2017-05-09',   1,  23,  56],
['2017-05-10',   1,  26,  53],
['2017-05-11',   1,  23,  55],
['2017-05-12',   1,  28,  51],
['2017-05-13',   1,  29,  50],
['2017-05-14',   1,  26,  53],
['2017-05-15',   1,  26,  53],
['2017-05-16',   1,  25,  54],
['2017-05-17',   1,  24,  55],
['2017-05-18',   1,  25,  54],
['2017-05-19',   1,  29,  50],
['2017-05-20',   1,  25,  53],
['2017-05-21',   1,  25,  54],
['2017-05-22',   1,  24,  55],
['2017-05-23',   1,  24,  55],
['2017-05-24',   1,  23,  56],
['2017-05-25',   1,  26,  53],
['2017-05-26',   1,  27,  52],
['2017-05-27',   1,  26,  53],
['2017-05-28',   1,  26,  53],
['2017-05-29',   1,  26,  53],
['2017-05-30',   1,  23,  56],
['2017-05-31',   1,  23,  56],
['2017-06-01',   1,  23,  56],
['2017-06-02',   1,  28,  51],
['2017-06-03',   1,  29,  51],
['2017-06-04',   1,  27,  52],
['2017-06-05',   1,  26,  53],
['2017-06-06',   1,  26,  53],
['2017-06-07',   1,  25,  54],
['2017-06-08',   1,  25,  55],
['2017-06-09',   1,  22,  57],
['2017-06-10',   1,  22,  57],
['2017-06-11',   1,  22,  57],
['2017-06-12',   1,  15,  64],
['2017-06-13',   1,  22,  57],
['2017-06-14',   1,  22,  57],
['2017-06-15',   1,  25,  54],
['2017-06-16',   1,  25,  54],
['2017-06-17',   1,  24,  55],
['2017-06-18',   1,  25,  55],
['2017-06-19',   1,  22,  57],
['2017-06-20',   1,  22,  57],
['2017-06-21',   1,  21,  58],
['2017-06-22',   1,  25,  54],
['2017-06-23',   1,  27,  52],
['2017-06-24',   1,  24,  55],
['2017-06-25',   1,  24,  55],
['2017-06-26',   1,  24,  56],
['2017-06-27',   1,  22,  57],
['2017-06-28',   1,  22,  57],
['2017-06-29',   1,  22,  57],
['2017-06-30',   1,  21,  58],
['2017-07-01',   0,  24,  56],
['2017-07-02',   1,  23,  56],
['2017-07-03',   1,  21,  58],
['2017-07-04',   1,  21,  58],
['2017-07-05',   1,  22,  57],
['2017-07-06',   1,  24,  55],
['2017-07-07',   1,  28,  51],
['2017-07-08',   1,  26,  53],
['2017-07-09',   1,  25,  54],
['2017-07-10',   1,  25,  54],
['2017-07-11',   1,  24,  55],
['2017-07-12',   1,  24,  55],
['2017-07-13',   1,  23,  57],
['2017-07-14',   1,  28,  51],
['2017-07-15',   1,  26,  53],
['2017-07-16',   1,  26,  53],
['2017-07-17',   1,  25,  54],
['2017-07-18',   1,  26,  54],
['2017-07-19',   1,  23,  56],
['2017-07-20',   0,  25,  57],
['2017-07-21',   0,  24,  57],
['2017-07-22',   0,  25,  57],
['2017-07-23',   1,  24,  57],
['2017-07-24',   1,  20,  61],
['2017-07-25',   1,  23,  58],
['2017-07-26',   1,  22,  59],
['2017-07-27',   1,  26,  55],
['2017-07-28',   1,  27,  54],
['2017-07-29',   1,  25,  56],
['2017-07-30',   1,  24,  56],
['2017-07-31',   1,  22,  59],
['2017-08-01',   0,  23,  58],
['2017-08-02',   0,  22,  59],
['2017-08-03',   0,  22,  60],
['2017-08-04',   0,  27,  54],
['2017-08-05',   0,  25,  56],
['2017-08-06',   1,  25,  56],
['2017-08-07',   1,  25,  56],
['2017-08-08',   1,  21,  60],
['2017-08-09',   1,  24,  57],
['2017-08-10',   1,  28,  53],
['2017-08-11',   1,  25,  56],
['2017-08-12',   1,  25,  56],
['2017-08-13',   1,  26,  55],
['2017-08-14',   1,  23,  58],
['2017-08-15',   1,  25,  56],
['2017-08-16',   1,  24,  57],
['2017-08-17',   1,  26,  55],
['2017-08-18',   1,  27,  54],
['2017-08-19',   1,  27,  54],
['2017-08-20',   1,  27,  54],
['2017-08-21',   1,  26,  55],
['2017-08-22',   1,  23,  58],
['2017-08-23',   1,  23,  58],
['2017-08-24',   1,  29,  52],
['2017-08-25',   1,  29,  52],
['2017-08-26',   1,  28,  53],
['2017-08-27',   1,  28,  53],
['2017-08-28',   1,  35,  46],
['2017-08-29',   1,  32,  49],
['2017-08-30',   1,  28,  53],
['2017-08-31',   1,  32,  49],
['2017-09-01',   0,  26,  56],
['2017-09-02',   0,  25,  56],
['2017-09-03',   0,  25,  57],
['2017-09-04',   1,  18,  63],
['2017-09-05',   1,  24,  57],
['2017-09-06',   1,  24,  57],
['2017-09-07',   1,  26,  55],
['2017-09-08',   0,  26,  55],
['2017-09-09',   0,  27,  54],
['2017-09-10',   0,  27,  54],
['2017-09-11',   0,  20,  62],
['2017-09-12',   1,  19,  62],
['2017-09-13',   1,  19,  62],
['2017-09-14',   1,  19,  62],
['2017-09-15',   1,  19,  62],
['2017-09-16',   1,  25,  56],
['2017-09-17',   1,  29,  52],
['2017-09-18',   1,  29,  52],
['2017-09-19',   1,  18,  63],
['2017-09-20',   1,  18,  63],
['2017-09-21',   1,  18,  63],
['2017-09-22',   1,  11,  70],
['2017-09-23',   1,  8,  73],
['2017-09-24',   1,  8,  73],
['2017-09-25',   1,  8,  74],
['2017-09-26',   0,  7,  74],
['2017-09-27',   0,  7,  74],
['2017-09-28',   0,  7,  75],
['2017-09-29',   0,  6,  76],
['2017-09-30',   0,  6,  76],
['2017-10-01',   0,  6,  76],
['2017-10-02',   0,  6,  76],
['2017-10-03',   0,  6,  76],
['2017-10-04',   0,  6,  76],
['2017-10-05',   0,  6,  76],
['2017-10-06',   0,  5,  76],
['2017-10-07',   0,  5,  76],
['2017-10-08',   0,  5,  76],
['2017-10-09',   0,  5,  76],
['2017-10-10',   0,  5,  76],
['2017-10-11',   0,  5,  76],
['2017-10-12',   0,  5,  76],
['2017-10-13',   0,  6,  76],
['2017-10-14',   0,  5,  76],
['2017-10-15',   0,  5,  76],
['2017-10-16',   0,  5,  76],
['2017-10-17',   0,  5,  76],
['2017-10-18',   0,  5,  76],
['2017-10-19',   0,  5,  76],
['2017-10-20',   0,  5,  76],
['2017-10-21',   0,  6,  76],
['2017-10-22',   0,  6,  76],
['2017-10-23',   0,  11,  70],
['2017-10-24',   0,  15,  67],
['2017-10-25',   0,  15,  67],
['2017-10-26',   0,  25,  57],
['2017-10-27',   0,  27,  55],
['2017-10-28',   0,  27,  55],
['2017-10-29',   0,  27,  55],
['2017-10-30',   0,  27,  54],
['2017-10-31',   0,  27,  55],
['2017-11-01',   0,  26,  55],
['2017-11-02',   0,  27,  55],
['2017-11-03',   0,  28,  54],
['2017-11-04',   0,  27,  55],
['2017-11-05',   0,  27,  55],
['2017-11-06',   0,  26,  56],
['2017-11-07',   0,  26,  56],
['2017-11-08',   0,  26,  56],
['2017-11-09',   0,  26,  56],
['2017-11-10',   0,  28,  54],
['2017-11-11',   0,  25,  58],
['2017-11-12',   0,  25,  58],
['2017-11-13',   0,  21,  61],
['2017-11-14',   0,  23,  60],
['2017-11-15',   0,  20,  62],
['2017-11-16',   0,  26,  56],
['2017-11-17',   0,  28,  55],
['2017-11-18',   0,  28,  55],
['2017-11-19',   0,  27,  55],
['2017-11-20',   0,  28,  54],
['2017-11-21',   0,  28,  55],
['2017-11-22',   0,  27,  55],
['2017-11-23',   0,  28,  54],
['2017-11-24',   0,  28,  54],
['2017-11-25',   0,  28,  54],
['2017-11-26',   0,  28,  55],
['2017-11-27',   0,  28,  54],
['2017-11-28',   0,  28,  55],
['2017-11-29',   0,  27,  55],
['2017-11-30',   0,  27,  55],
['2017-12-01',   0,  26,  57],
['2017-12-02',   0,  19,  64],
['2017-12-03',   0,  16,  67],
['2017-12-04',   0,  16,  67],
['2017-12-05',   0,  13,  70],
['2017-12-06',   0,  7,  76],
['2017-12-07',   0,  6,  76],
['2017-12-08',   0,  6,  76],
['2017-12-09',   0,  6,  77],
['2017-12-10',   0,  6,  77],
['2017-12-11',   0,  6,  77],
['2017-12-12',   0,  6,  77],
['2017-12-13',   0,  6,  77],
['2017-12-14',   0,  6,  77],
['2017-12-15',   0,  5,  78],
['2017-12-16',   0,  4,  78],
['2017-12-17',   0,  3,  80],
['2017-12-18',   0,  2,  81],
['2017-12-19',   0,  2,  81],
['2017-12-20',   0,  2,  81],
['2017-12-21',   0,  1,  82],
['2017-12-22',   0,  1,  82],
['2017-12-23',   0,  1,  82],
['2017-12-24',   0,  0,  82],
['2017-12-25',   0,  0,  82],
['2017-12-26',   0,  0,  82],
['2017-12-27',   0,  0,  83],
['2017-12-28',   0,  0,  83],
['2017-12-29',   0,  0,  83],
['2017-12-30',   0,  0,  83],
['2017-12-31',   0,  0,  83],
['2018-01-01',   0,  0,  83],
['2018-01-02',   0,  0,  83],
['2018-01-03',   0,  0,  83],
['2018-01-04',   0,  0,  83],
['2018-01-05',   0,  0,  83],
['2018-01-06',   0,  0,  83],
['2018-01-07',   0,  0,  83],
['2018-01-08',   0,  0,  83],
['2018-01-09',   0,  0,  83],
['2018-01-10',   0,  0,  83],
['2018-01-11',   0,  0,  83],
['2018-01-12',   0,  0,  83],
['2018-01-13',   0,  0,  83],
['2018-01-14',   0,  0,  83],
['2018-01-15',   0,  0,  83],
['2018-01-16',   0,  0,  83],
['2018-01-17',   0,  0,  83],
['2018-01-18',   0,  0,  83],
['2018-01-19',   0,  0,  83],
['2018-01-20',   0,  0,  83],
['2018-01-21',   0,  0,  83],
['2018-01-22',   0,  0,  83],
['2018-01-23',   0,  0,  83],
['2018-01-24',   0,  0,  83],
['2018-01-25',   0,  0,  83],
['2018-01-26',   0,  0,  83],
['2018-01-27',   0,  0,  83],
['2018-01-28',   0,  0,  83],
['2018-01-29',   0,  0,  83],
['2018-01-30',   0,  0,  83],
['2018-01-31',   0,  0,  83],
['2018-02-01',   0,  0,  83],
['2018-02-02',   0,  0,  83],
['2018-02-03',   0,  0,  83],
['2018-02-04',   0,  0,  83],
['2018-02-05',   0,  0,  83],
['2018-02-06',   0,  0,  83],
['2018-02-07',   0,  0,  83],
['2018-02-08',   0,  0,  83],
['2018-02-09',   0,  0,  83],
['2018-02-10',   0,  0,  83],
['2018-02-11',   0,  0,  83],
['2018-02-12',   0,  0,  83],
['2018-02-13',   0,  0,  83],
['2018-02-14',   0,  0,  83],
['2018-02-15',   0,  0,  83],
['2018-02-16',   0,  0,  83],
['2018-02-17',   0,  0,  83],
['2018-02-18',   0,  0,  83],
['2018-02-19',   0,  0,  83],
['2018-02-20',   0,  0,  83],
['2018-02-21',   0,  0,  83],
['2018-02-22',   0,  0,  83],
['2018-02-23',   0,  0,  83],
['2018-02-24',   0,  0,  83],
['2018-02-25',   0,  0,  83],
['2018-02-26',   0,  0,  83],
['2018-02-27',   0,  0,  83],
['2018-02-28',   0,  0,  83],
['2018-03-01',   0,  0,  83],
['2018-03-02',   0,  0,  83],
['2018-03-03',   0,  0,  83],
['2018-03-04',   0,  0,  83],
['2018-03-05',   0,  0,  83],
['2018-03-06',   0,  0,  83],
['2018-03-07',   0,  0,  83],
['2018-03-08',   0,  0,  83],
['2018-03-09',   0,  0,  83],
['2018-03-10',   0,  0,  83],
['2018-03-11',   0,  0,  83],
['2018-03-12',   0,  0,  83],
['2018-03-13',   0,  0,  83],
['2018-03-14',   0,  0,  83],
['2018-03-15',   0,  0,  83],
['2018-03-16',   0,  0,  83],
['2018-03-17',   0,  0,  83],
['2018-03-18',   0,  0,  83],
['2018-03-19',   0,  0,  83],
['2018-03-20',   0,  0,  83],
['2018-03-21',   0,  0,  83],
['2018-03-22',   0,  0,  83],
['2018-03-23',   0,  0,  83],
['2018-03-24',   0,  0,  83],
['2018-03-25',   0,  0,  83],
['2018-03-26',   0,  0,  83],
['2018-03-27',   0,  0,  83],
['2018-03-28',   0,  0,  83],
['2018-03-29',   0,  0,  83],
['2018-03-30',   0,  0,  83],
['2018-03-31',   0,  0,  83],
['2018-04-01',   0,  0,  83],
['2018-04-02',   0,  0,  83],
['2018-04-03',   0,  0,  83],
['2018-04-04',   0,  0,  83],
['2018-04-05',   0,  0,  83],
['2018-04-06',   0,  0,  83],
['2018-04-07',   0,  0,  83],
['2018-04-08',   0,  0,  83],
['2018-04-09',   0,  0,  83],
['2018-04-10',   0,  0,  83],
['2018-04-11',   0,  0,  83],
['2018-04-12',   0,  0,  83],
['2018-04-13',   0,  0,  83],
['2018-04-14',   0,  0,  83],
['2018-04-15',   0,  0,  83],
['2018-04-16',   0,  0,  83],
['2018-04-17',   0,  0,  83],
['2018-04-18',   0,  0,  83],
['2018-04-19',   0,  0,  83],
['2018-04-20',   0,  0,  83],
['2018-04-21',   0,  0,  83],
['2018-04-22',   0,  0,  83],
['2018-04-23',   0,  0,  83],
['2018-04-24',   0,  0,  83],
['2018-04-25',   0,  0,  83],
['2018-04-26',   0,  0,  83],
['2018-04-27',   0,  0,  83],
['2018-04-28',   0,  0,  83],
['2018-04-29',   0,  0,  83],
['2018-04-30',   0,  0,  83],
['2018-05-01',   0,  0,  83],
['2018-05-02',   0,  0,  83],
['2018-05-03',   0,  0,  83],
['2018-05-04',   0,  0,  83],
['2018-05-05',   0,  0,  83],
['2018-05-06',   0,  0,  83],
['2018-05-07',   0,  0,  83],
['2018-05-08',   0,  0,  83],
['2018-05-09',   0,  0,  83],
['2018-05-10',   0,  0,  83],
['2018-05-11',   0,  0,  83],
['2018-05-12',   0,  0,  83],
['2018-05-13',   0,  0,  83],
['2018-05-14',   0,  0,  83],
['2018-05-15',   0,  0,  83],
['2018-05-16',   0,  0,  83],
['2018-05-17',   0,  0,  83],
['2018-05-18',   0,  0,  83],
['2018-05-19',   0,  0,  83],
['2018-05-20',   0,  0,  83],
['2018-05-21',   0,  0,  83],
['2018-05-22',   0,  0,  83],
['2018-05-23',   0,  0,  83],
['2018-05-24',   0,  0,  83],
['2018-05-25',   0,  0,  83],
['2018-05-26',   0,  0,  83],
['2018-05-27',   0,  0,  83],
['2018-05-28',   0,  0,  83],
['2018-05-29',   0,  0,  83],
['2018-05-30',   0,  0,  83],
['2018-05-31',   0,  0,  83],
['2018-06-01',   0,  0,  83],
['2018-06-02',   0,  0,  83],
['2018-06-03',   0,  0,  83],
['2018-06-04',   0,  0,  83],
['2018-06-05',   0,  0,  83],
['2018-06-06',   0,  0,  83],
['2018-06-07',   0,  0,  83],
['2018-06-08',   0,  0,  83],
['2018-06-09',   0,  0,  83],
['2018-06-10',   0,  0,  83],
['2018-06-11',   0,  0,  83],
['2018-06-12',   0,  0,  83],
['2018-06-13',   0,  0,  83],
['2018-06-14',   0,  0,  83],
['2018-06-15',   0,  0,  83],
['2018-06-16',   0,  0,  83],
['2018-06-17',   0,  0,  83],
['2018-06-18',   0,  0,  83],
['2018-06-19',   0,  0,  83],
['2018-06-20',   0,  0,  83],
['2018-06-21',   0,  0,  83],
['2018-06-22',   0,  0,  83],
['2018-06-23',   0,  0,  83],
['2018-06-24',   0,  0,  83],
['2018-06-25',   0,  0,  83],
['2018-06-26',   0,  0,  83],
['2018-06-27',   0,  0,  83],
['2018-06-28',   0,  0,  83],
['2018-06-29',   0,  0,  83],
['2018-06-30',   0,  0,  83],
['2018-07-01',   0,  0,  83],
['2018-07-02',   0,  0,  83],
['2018-07-03',   0,  0,  83],
['2018-07-04',   0,  0,  83],
['2018-07-05',   0,  0,  83],
['2018-07-06',   0,  0,  83],
['2018-07-07',   0,  0,  83],
['2018-07-08',   0,  0,  83],
['2018-07-09',   0,  0,  83],
['2018-07-10',   0,  0,  83],
['2018-07-11',   0,  0,  83],
['2018-07-12',   0,  0,  83],
['2018-07-13',   0,  0,  83],
['2018-07-14',   0,  0,  83],
['2018-07-15',   0,  0,  83],
['2018-07-16',   0,  0,  83],
['2018-07-17',   0,  0,  83],
['2018-07-18',   0,  0,  83],
['2018-07-19',   0,  0,  83],
['2018-07-20',   0,  0,  83],
['2018-07-21',   0,  0,  83],
['2018-07-22',   0,  0,  83],
['2018-07-23',   0,  0,  83],
['2018-07-24',   0,  0,  83],
['2018-07-25',   0,  0,  83],
['2018-07-26',   0,  0,  83],
['2018-07-27',   0,  0,  83],
['2018-07-28',   0,  0,  83],
['2018-07-29',   0,  0,  83],
['2018-07-30',   0,  0,  83],
['2018-07-31',   0,  0,  83],
['2018-08-01',   0,  0,  83],
['2018-08-02',   0,  0,  83],
['2018-08-03',   0,  0,  83],
['2018-08-04',   0,  0,  83],
['2018-08-05',   0,  0,  83],
['2018-08-06',   0,  0,  83],
['2018-08-07',   0,  0,  83],
['2018-08-08',   0,  0,  83],
['2018-08-09',   0,  0,  83],
['2018-08-10',   0,  0,  83],
['2018-08-11',   0,  0,  83],
['2018-08-12',   0,  0,  83],
['2018-08-13',   0,  0,  83],
['2018-08-14',   0,  0,  83],
['2018-08-15',   0,  0,  83],
['2018-08-16',   0,  0,  83],
['2018-08-17',   0,  0,  83],
['2018-08-18',   0,  0,  83],
['2018-08-19',   0,  0,  83],
['2018-08-20',   0,  0,  83],
['2018-08-21',   0,  0,  83],
['2018-08-22',   0,  0,  83],
['2018-08-23',   0,  0,  83],
['2018-08-24',   0,  0,  83],
['2018-08-25',   0,  0,  83],
['2018-08-26',   0,  0,  83],
['2018-08-27',   0,  0,  83],
['2018-08-28',   0,  0,  83],
['2018-08-29',   0,  0,  83],
['2018-08-30',   0,  0,  83],
['2018-08-31',   0,  0,  83],
['2018-09-01',   0,  0,  83],
['2018-09-02',   0,  0,  83],
['2018-09-03',   0,  0,  83],
['2018-09-04',   0,  0,  83],
['2018-09-05',   0,  0,  83],
['2018-09-06',   0,  0,  83],
['2018-09-07',   0,  0,  83],
['2018-09-08',   0,  0,  83],
['2018-09-09',   0,  0,  83],
['2018-09-10',   0,  0,  83],
['2018-09-11',   0,  0,  83],
['2018-09-12',   0,  0,  83],
['2018-09-13',   0,  0,  83],
['2018-09-14',   0,  0,  83],
['2018-09-15',   0,  0,  83],
['2018-09-16',   0,  0,  83],
['2018-09-17',   0,  0,  83],
['2018-09-18',   0,  0,  83],
['2018-09-19',   0,  0,  83],
['2018-09-20',   0,  0,  83],
['2018-09-21',   0,  0,  83],
['2018-09-22',   0,  0,  83],
['2018-09-23',   0,  0,  83],
['2018-09-24',   0,  0,  83],
['2018-09-25',   0,  0,  83],
['2018-09-26',   0,  0,  83],
['2018-09-27',   0,  0,  83],
['2018-09-28',   0,  0,  83],
['2018-09-29',   0,  0,  83],
['2018-09-30',   0,  0,  83],
['2018-10-01',   0,  0,  83],
['2018-10-02',   0,  0,  83],
['2018-10-03',   0,  0,  83],
['2018-10-04',   0,  0,  83],
['2018-10-05',   0,  0,  83],
['2018-10-06',   0,  0,  83],
['2018-10-07',   0,  0,  83],
['2018-10-08',   0,  0,  83],
['2018-10-09',   0,  0,  83],
['2018-10-10',   0,  0,  83],
['2018-10-11',   0,  0,  83],
['2018-10-12',   0,  0,  83],
['2018-10-13',   0,  0,  83],
['2018-10-14',   0,  0,  83],
['2018-10-15',   0,  0,  83],
['2018-10-16',   0,  0,  83],
['2018-10-17',   0,  0,  83],
['2018-10-18',   0,  0,  83],
['2018-10-19',   0,  0,  83],
['2018-10-20',   0,  0,  83],
['2018-10-21',   0,  0,  83],
['2018-10-22',   0,  0,  83],
['2018-10-23',   0,  0,  83],
['2018-10-24',   0,  0,  83],
['2018-10-25',   0,  0,  83],
['2018-10-26',   0,  0,  83],
['2018-10-27',   0,  0,  83],
['2018-10-28',   0,  0,  83],
['2018-10-29',   0,  0,  83],
['2018-10-30',   0,  0,  83],
['2018-10-31',   0,  0,  83],
['2018-11-01',   0,  0,  83],
['2018-11-02',   0,  0,  83],
['2018-11-03',   0,  0,  83],
['2018-11-04',   0,  0,  83],
['2018-11-05',   0,  0,  83]
        ]);
        var options = {
          title: 'VMAX FAST association report for peerap09-p8_SG',
          chartArea:{left:50,top:50},vAxis:{title:'Gigabytes'},hAxis:{title:'DateTime'}
        };

        var chart = new google.visualization.LineChart(document.getElementById('chart_div'));
        chart.draw(data, options);
      }
    </script>
  </head>
  <body>
    <div id="chart_div" style="width: 1500px; height: 900px;"></div>
  </body>
</html>


^Date^EFD^FC^SATA^
|2018-11-05|0|0|83|
|2018-11-04|0|0|83|
|2018-11-03|0|0|83|
|2018-11-02|0|0|83|
|2018-11-01|0|0|83|
|2018-10-31|0|0|83|
|2018-10-30|0|0|83|
|2018-10-29|0|0|83|
|2018-10-28|0|0|83|
|2018-10-27|0|0|83|
|2018-10-26|0|0|83|
|2018-10-25|0|0|83|
|2018-10-24|0|0|83|
|2018-10-23|0|0|83|
|2018-10-22|0|0|83|
|2018-10-21|0|0|83|
|2018-10-20|0|0|83|
|2018-10-19|0|0|83|
|2018-10-18|0|0|83|
|2018-10-17|0|0|83|
|2018-10-16|0|0|83|
|2018-10-15|0|0|83|
|2018-10-14|0|0|83|
|2018-10-13|0|0|83|
|2018-10-12|0|0|83|
|2018-10-11|0|0|83|
|2018-10-10|0|0|83|
|2018-10-09|0|0|83|
|2018-10-08|0|0|83|
|2018-10-07|0|0|83|
|2018-10-06|0|0|83|
|2018-10-05|0|0|83|
|2018-10-04|0|0|83|
|2018-10-03|0|0|83|
|2018-10-02|0|0|83|
|2018-10-01|0|0|83|
|2018-09-30|0|0|83|
|2018-09-29|0|0|83|
|2018-09-28|0|0|83|
|2018-09-27|0|0|83|
|2018-09-26|0|0|83|
|2018-09-25|0|0|83|
|2018-09-24|0|0|83|
|2018-09-23|0|0|83|
|2018-09-22|0|0|83|
|2018-09-21|0|0|83|
|2018-09-20|0|0|83|
|2018-09-19|0|0|83|
|2018-09-18|0|0|83|
|2018-09-17|0|0|83|
|2018-09-16|0|0|83|
|2018-09-15|0|0|83|
|2018-09-14|0|0|83|
|2018-09-13|0|0|83|
|2018-09-12|0|0|83|
|2018-09-11|0|0|83|
|2018-09-10|0|0|83|
|2018-09-09|0|0|83|
|2018-09-08|0|0|83|
|2018-09-07|0|0|83|
|2018-09-06|0|0|83|
|2018-09-05|0|0|83|
|2018-09-04|0|0|83|
|2018-09-03|0|0|83|
|2018-09-02|0|0|83|
|2018-09-01|0|0|83|
|2018-08-31|0|0|83|
|2018-08-30|0|0|83|
|2018-08-29|0|0|83|
|2018-08-28|0|0|83|
|2018-08-27|0|0|83|
|2018-08-26|0|0|83|
|2018-08-25|0|0|83|
|2018-08-24|0|0|83|
|2018-08-23|0|0|83|
|2018-08-22|0|0|83|
|2018-08-21|0|0|83|
|2018-08-20|0|0|83|
|2018-08-19|0|0|83|
|2018-08-18|0|0|83|
|2018-08-17|0|0|83|
|2018-08-16|0|0|83|
|2018-08-15|0|0|83|
|2018-08-14|0|0|83|
|2018-08-13|0|0|83|
|2018-08-12|0|0|83|
|2018-08-11|0|0|83|
|2018-08-10|0|0|83|
|2018-08-09|0|0|83|
|2018-08-08|0|0|83|
|2018-08-07|0|0|83|
|2018-08-06|0|0|83|
|2018-08-05|0|0|83|
|2018-08-04|0|0|83|
|2018-08-03|0|0|83|
|2018-08-02|0|0|83|
|2018-08-01|0|0|83|
|2018-07-31|0|0|83|
|2018-07-30|0|0|83|
|2018-07-29|0|0|83|
|2018-07-28|0|0|83|
|2018-07-27|0|0|83|
|2018-07-26|0|0|83|
|2018-07-25|0|0|83|
|2018-07-24|0|0|83|
|2018-07-23|0|0|83|
|2018-07-22|0|0|83|
|2018-07-21|0|0|83|
|2018-07-20|0|0|83|
|2018-07-19|0|0|83|
|2018-07-18|0|0|83|
|2018-07-17|0|0|83|
|2018-07-16|0|0|83|
|2018-07-15|0|0|83|
|2018-07-14|0|0|83|
|2018-07-13|0|0|83|
|2018-07-12|0|0|83|
|2018-07-11|0|0|83|
|2018-07-10|0|0|83|
|2018-07-09|0|0|83|
|2018-07-08|0|0|83|
|2018-07-07|0|0|83|
|2018-07-06|0|0|83|
|2018-07-05|0|0|83|
|2018-07-04|0|0|83|
|2018-07-03|0|0|83|
|2018-07-02|0|0|83|
|2018-07-01|0|0|83|
|2018-06-30|0|0|83|
|2018-06-29|0|0|83|
|2018-06-28|0|0|83|
|2018-06-27|0|0|83|
|2018-06-26|0|0|83|
|2018-06-25|0|0|83|
|2018-06-24|0|0|83|
|2018-06-23|0|0|83|
|2018-06-22|0|0|83|
|2018-06-21|0|0|83|
|2018-06-20|0|0|83|
|2018-06-19|0|0|83|
|2018-06-18|0|0|83|
|2018-06-17|0|0|83|
|2018-06-16|0|0|83|
|2018-06-15|0|0|83|
|2018-06-14|0|0|83|
|2018-06-13|0|0|83|
|2018-06-12|0|0|83|
|2018-06-11|0|0|83|
|2018-06-10|0|0|83|
|2018-06-09|0|0|83|
|2018-06-08|0|0|83|
|2018-06-07|0|0|83|
|2018-06-06|0|0|83|
|2018-06-05|0|0|83|
|2018-06-04|0|0|83|
|2018-06-03|0|0|83|
|2018-06-02|0|0|83|
|2018-06-01|0|0|83|
|2018-05-31|0|0|83|
|2018-05-30|0|0|83|
|2018-05-29|0|0|83|
|2018-05-28|0|0|83|
|2018-05-27|0|0|83|
|2018-05-26|0|0|83|
|2018-05-25|0|0|83|
|2018-05-24|0|0|83|
|2018-05-23|0|0|83|
|2018-05-22|0|0|83|
|2018-05-21|0|0|83|
|2018-05-20|0|0|83|
|2018-05-19|0|0|83|
|2018-05-18|0|0|83|
|2018-05-17|0|0|83|
|2018-05-16|0|0|83|
|2018-05-15|0|0|83|
|2018-05-14|0|0|83|
|2018-05-13|0|0|83|
|2018-05-12|0|0|83|
|2018-05-11|0|0|83|
|2018-05-10|0|0|83|
|2018-05-09|0|0|83|
|2018-05-08|0|0|83|
|2018-05-07|0|0|83|
|2018-05-06|0|0|83|
|2018-05-05|0|0|83|
|2018-05-04|0|0|83|
|2018-05-03|0|0|83|
|2018-05-02|0|0|83|
|2018-05-01|0|0|83|
|2018-04-30|0|0|83|
|2018-04-29|0|0|83|
|2018-04-28|0|0|83|
|2018-04-27|0|0|83|
|2018-04-26|0|0|83|
|2018-04-25|0|0|83|
|2018-04-24|0|0|83|
|2018-04-23|0|0|83|
|2018-04-22|0|0|83|
|2018-04-21|0|0|83|
|2018-04-20|0|0|83|
|2018-04-19|0|0|83|
|2018-04-18|0|0|83|
|2018-04-17|0|0|83|
|2018-04-16|0|0|83|
|2018-04-15|0|0|83|
|2018-04-14|0|0|83|
|2018-04-13|0|0|83|
|2018-04-12|0|0|83|
|2018-04-11|0|0|83|
|2018-04-10|0|0|83|
|2018-04-09|0|0|83|
|2018-04-08|0|0|83|
|2018-04-07|0|0|83|
|2018-04-06|0|0|83|
|2018-04-05|0|0|83|
|2018-04-04|0|0|83|
|2018-04-03|0|0|83|
|2018-04-02|0|0|83|
|2018-04-01|0|0|83|
|2018-03-31|0|0|83|
|2018-03-30|0|0|83|
|2018-03-29|0|0|83|
|2018-03-28|0|0|83|
|2018-03-27|0|0|83|
|2018-03-26|0|0|83|
|2018-03-25|0|0|83|
|2018-03-24|0|0|83|
|2018-03-23|0|0|83|
|2018-03-22|0|0|83|
|2018-03-21|0|0|83|
|2018-03-20|0|0|83|
|2018-03-19|0|0|83|
|2018-03-18|0|0|83|
|2018-03-17|0|0|83|
|2018-03-16|0|0|83|
|2018-03-15|0|0|83|
|2018-03-14|0|0|83|
|2018-03-13|0|0|83|
|2018-03-12|0|0|83|
|2018-03-11|0|0|83|
|2018-03-10|0|0|83|
|2018-03-09|0|0|83|
|2018-03-08|0|0|83|
|2018-03-07|0|0|83|
|2018-03-06|0|0|83|
|2018-03-05|0|0|83|
|2018-03-04|0|0|83|
|2018-03-03|0|0|83|
|2018-03-02|0|0|83|
|2018-03-01|0|0|83|
|2018-02-28|0|0|83|
|2018-02-27|0|0|83|
|2018-02-26|0|0|83|
|2018-02-25|0|0|83|
|2018-02-24|0|0|83|
|2018-02-23|0|0|83|
|2018-02-22|0|0|83|
|2018-02-21|0|0|83|
|2018-02-20|0|0|83|
|2018-02-19|0|0|83|
|2018-02-18|0|0|83|
|2018-02-17|0|0|83|
|2018-02-16|0|0|83|
|2018-02-15|0|0|83|
|2018-02-14|0|0|83|
|2018-02-13|0|0|83|
|2018-02-12|0|0|83|
|2018-02-11|0|0|83|
|2018-02-10|0|0|83|
|2018-02-09|0|0|83|
|2018-02-08|0|0|83|
|2018-02-07|0|0|83|
|2018-02-06|0|0|83|
|2018-02-05|0|0|83|
|2018-02-04|0|0|83|
|2018-02-03|0|0|83|
|2018-02-02|0|0|83|
|2018-02-01|0|0|83|
|2018-01-31|0|0|83|
|2018-01-30|0|0|83|
|2018-01-29|0|0|83|
|2018-01-28|0|0|83|
|2018-01-27|0|0|83|
|2018-01-26|0|0|83|
|2018-01-25|0|0|83|
|2018-01-24|0|0|83|
|2018-01-23|0|0|83|
|2018-01-22|0|0|83|
|2018-01-21|0|0|83|
|2018-01-20|0|0|83|
|2018-01-19|0|0|83|
|2018-01-18|0|0|83|
|2018-01-17|0|0|83|
|2018-01-16|0|0|83|
|2018-01-15|0|0|83|
|2018-01-14|0|0|83|
|2018-01-13|0|0|83|
|2018-01-12|0|0|83|
|2018-01-11|0|0|83|
|2018-01-10|0|0|83|
|2018-01-09|0|0|83|
|2018-01-08|0|0|83|
|2018-01-07|0|0|83|
|2018-01-06|0|0|83|
|2018-01-05|0|0|83|
|2018-01-04|0|0|83|
|2018-01-03|0|0|83|
|2018-01-02|0|0|83|
|2018-01-01|0|0|83|
|2017-12-31|0|0|83|
|2017-12-30|0|0|83|
|2017-12-29|0|0|83|
|2017-12-28|0|0|83|
|2017-12-27|0|0|83|
|2017-12-26|0|0|82|
|2017-12-25|0|0|82|
|2017-12-24|0|0|82|
|2017-12-23|0|1|82|
|2017-12-22|0|1|82|
|2017-12-21|0|1|82|
|2017-12-20|0|2|81|
|2017-12-19|0|2|81|
|2017-12-18|0|2|81|
|2017-12-17|0|3|80|
|2017-12-16|0|4|78|
|2017-12-15|0|5|78|
|2017-12-14|0|6|77|
|2017-12-13|0|6|77|
|2017-12-12|0|6|77|
|2017-12-11|0|6|77|
|2017-12-10|0|6|77|
|2017-12-09|0|6|77|
|2017-12-08|0|6|76|
|2017-12-07|0|6|76|
|2017-12-06|0|7|76|
|2017-12-05|0|13|70|
|2017-12-04|0|16|67|
|2017-12-03|0|16|67|
|2017-12-02|0|19|64|
|2017-12-01|0|26|57|
|2017-11-30|0|27|55|
|2017-11-29|0|27|55|
|2017-11-28|0|28|55|
|2017-11-27|0|28|54|
|2017-11-26|0|28|55|
|2017-11-25|0|28|54|
|2017-11-24|0|28|54|
|2017-11-23|0|28|54|
|2017-11-22|0|27|55|
|2017-11-21|0|28|55|
|2017-11-20|0|28|54|
|2017-11-19|0|27|55|
|2017-11-18|0|28|55|
|2017-11-17|0|28|55|
|2017-11-16|0|26|56|
|2017-11-15|0|20|62|
|2017-11-14|0|23|60|
|2017-11-13|0|21|61|
|2017-11-12|0|25|58|
|2017-11-11|0|25|58|
|2017-11-10|0|28|54|
|2017-11-09|0|26|56|
|2017-11-08|0|26|56|
|2017-11-07|0|26|56|
|2017-11-06|0|26|56|
|2017-11-05|0|27|55|
|2017-11-04|0|27|55|
|2017-11-03|0|28|54|
|2017-11-02|0|27|55|
|2017-11-01|0|26|55|
|2017-10-31|0|27|55|
|2017-10-30|0|27|54|
|2017-10-29|0|27|55|
|2017-10-28|0|27|55|
|2017-10-27|0|27|55|
|2017-10-26|0|25|57|
|2017-10-25|0|15|67|
|2017-10-24|0|15|67|
|2017-10-23|0|11|70|
|2017-10-22|0|6|76|
|2017-10-21|0|6|76|
|2017-10-20|0|5|76|
|2017-10-19|0|5|76|
|2017-10-18|0|5|76|
|2017-10-17|0|5|76|
|2017-10-16|0|5|76|
|2017-10-15|0|5|76|
|2017-10-14|0|5|76|
|2017-10-13|0|6|76|
|2017-10-12|0|5|76|
|2017-10-11|0|5|76|
|2017-10-10|0|5|76|
|2017-10-09|0|5|76|
|2017-10-08|0|5|76|
|2017-10-07|0|5|76|
|2017-10-06|0|5|76|
|2017-10-05|0|6|76|
|2017-10-04|0|6|76|
|2017-10-03|0|6|76|
|2017-10-02|0|6|76|
|2017-10-01|0|6|76|
|2017-09-30|0|6|76|
|2017-09-29|0|6|76|
|2017-09-28|0|7|75|
|2017-09-27|0|7|74|
|2017-09-26|0|7|74|
|2017-09-25|1|8|74|
|2017-09-24|1|8|73|
|2017-09-23|1|8|73|
|2017-09-22|1|11|70|
|2017-09-21|1|18|63|
|2017-09-20|1|18|63|
|2017-09-19|1|18|63|
|2017-09-18|1|29|52|
|2017-09-17|1|29|52|
|2017-09-16|1|25|56|
|2017-09-15|1|19|62|
|2017-09-14|1|19|62|
|2017-09-13|1|19|62|
|2017-09-12|1|19|62|
|2017-09-11|0|20|62|
|2017-09-10|0|27|54|
|2017-09-09|0|27|54|
|2017-09-08|0|26|55|
|2017-09-07|1|26|55|
|2017-09-06|1|24|57|
|2017-09-05|1|24|57|
|2017-09-04|1|18|63|
|2017-09-03|0|25|57|
|2017-09-02|0|25|56|
|2017-09-01|0|26|56|
|2017-08-31|1|32|49|
|2017-08-30|1|28|53|
|2017-08-29|1|32|49|
|2017-08-28|1|35|46|
|2017-08-27|1|28|53|
|2017-08-26|1|28|53|
|2017-08-25|1|29|52|
|2017-08-24|1|29|52|
|2017-08-23|1|23|58|
|2017-08-22|1|23|58|
|2017-08-21|1|26|55|
|2017-08-20|1|27|54|
|2017-08-19|1|27|54|
|2017-08-18|1|27|54|
|2017-08-17|1|26|55|
|2017-08-16|1|24|57|
|2017-08-15|1|25|56|
|2017-08-14|1|23|58|
|2017-08-13|1|26|55|
|2017-08-12|1|25|56|
|2017-08-11|1|25|56|
|2017-08-10|1|28|53|
|2017-08-09|1|24|57|
|2017-08-08|1|21|60|
|2017-08-07|1|25|56|
|2017-08-06|1|25|56|
|2017-08-05|0|25|56|
|2017-08-04|0|27|54|
|2017-08-03|0|22|60|
|2017-08-02|0|22|59|
|2017-08-01|0|23|58|
|2017-07-31|1|22|59|
|2017-07-30|1|24|56|
|2017-07-29|1|25|56|
|2017-07-28|1|27|54|
|2017-07-27|1|26|55|
|2017-07-26|1|22|59|
|2017-07-25|1|23|58|
|2017-07-24|1|20|61|
|2017-07-23|1|24|57|
|2017-07-22|0|25|57|
|2017-07-21|0|24|57|
|2017-07-20|0|25|57|
|2017-07-19|1|23|56|
|2017-07-18|1|26|54|
|2017-07-17|1|25|54|
|2017-07-16|1|26|53|
|2017-07-15|1|26|53|
|2017-07-14|1|28|51|
|2017-07-13|1|23|57|
|2017-07-12|1|24|55|
|2017-07-11|1|24|55|
|2017-07-10|1|25|54|
|2017-07-09|1|25|54|
|2017-07-08|1|26|53|
|2017-07-07|1|28|51|
|2017-07-06|1|24|55|
|2017-07-05|1|22|57|
|2017-07-04|1|21|58|
|2017-07-03|1|21|58|
|2017-07-02|1|23|56|
|2017-07-01|0|24|56|
|2017-06-30|1|21|58|
|2017-06-29|1|22|57|
|2017-06-28|1|22|57|
|2017-06-27|1|22|57|
|2017-06-26|1|24|56|
|2017-06-25|1|24|55|
|2017-06-24|1|24|55|
|2017-06-23|1|27|52|
|2017-06-22|1|25|54|
|2017-06-21|1|21|58|
|2017-06-20|1|22|57|
|2017-06-19|1|22|57|
|2017-06-18|1|25|55|
|2017-06-17|1|24|55|
|2017-06-16|1|25|54|
|2017-06-15|1|25|54|
|2017-06-14|1|22|57|
|2017-06-13|1|22|57|
|2017-06-12|1|15|64|
|2017-06-11|1|22|57|
|2017-06-10|1|22|57|
|2017-06-09|1|22|57|
|2017-06-08|1|25|55|
|2017-06-07|1|25|54|
|2017-06-06|1|26|53|
|2017-06-05|1|26|53|
|2017-06-04|1|27|52|
|2017-06-03|1|29|51|
|2017-06-02|1|28|51|
|2017-06-01|1|23|56|
|2017-05-31|1|23|56|
|2017-05-30|1|23|56|
|2017-05-29|1|26|53|
|2017-05-28|1|26|53|
|2017-05-27|1|26|53|
|2017-05-26|1|27|52|
|2017-05-25|1|26|53|
|2017-05-24|1|23|56|
|2017-05-23|1|24|55|
|2017-05-22|1|24|55|
|2017-05-21|1|25|54|
|2017-05-20|1|25|53|
|2017-05-19|1|29|50|
|2017-05-18|1|25|54|
|2017-05-17|1|24|55|
|2017-05-16|1|25|54|
|2017-05-15|1|26|53|
|2017-05-14|1|26|53|
|2017-05-13|1|29|50|
|2017-05-12|1|28|51|
|2017-05-11|1|23|55|
|2017-05-10|1|26|53|
|2017-05-09|1|23|56|
|2017-05-08|1|26|53|
|2017-05-07|1|26|53|
|2017-05-06|1|25|54|
|2017-05-05|1|25|54|
|2017-05-04|1|24|54|
|2017-05-03|1|24|54|
|2017-05-02|1|22|56|
|2017-05-01|1|25|53|
|2017-04-30|1|25|53|
|2017-04-29|1|26|53|
|2017-04-28|1|24|54|
|2017-04-27|1|24|55|
|2017-04-26|1|24|54|
|2017-04-25|1|26|53|
|2017-04-24|1|29|50|
|2017-04-23|1|27|51|
|2017-04-22|1|26|52|
|2017-04-21|1|28|51|
|2017-04-20|1|26|52|
|2017-04-19|1|24|55|
|2017-04-18|1|26|53|
|2017-04-17|1|24|54|
|2017-04-16|1|26|52|
|2017-04-15|1|26|52|
|2017-04-14|1|27|51|
|2017-04-13|1|24|55|
|2017-04-12|1|24|54|
|2017-04-11|1|24|54|
|2017-04-10|1|19|59|
|2017-04-09|1|25|53|
|2017-04-08|1|25|53|
|2017-04-07|1|24|54|
|2017-04-06|1|24|54|
|2017-04-05|1|25|53|
|2017-04-04|1|26|52|
|2017-04-03|1|28|50|
|2017-04-02|1|28|50|
|2017-04-01|1|28|50|
|2017-03-31|1|29|49|
|2017-03-30|1|27|51|
|2017-03-29|1|23|54|
|2017-03-28|1|25|53|
|2017-03-27|1|25|53|
|2017-03-26|1|25|53|
|2017-03-25|1|25|53|
|2017-03-24|1|25|53|
|2017-03-23|1|23|54|
|2017-03-22|1|24|54|
|2017-03-21|1|24|54|
|2017-03-20|1|26|52|
|2017-03-19|1|26|52|
|2017-03-18|1|26|52|
|2017-03-17|1|26|51|
|2017-03-16|1|25|53|
|2017-03-15|1|24|53|
|2017-03-14|1|25|53|
|2017-03-13|1|26|51|
|2017-03-12|1|26|51|
|2017-03-11|1|26|51|
|2017-03-10|1|27|51|
|2017-03-09|1|25|52|
|2017-03-08|1|24|53|
|2017-03-07|1|19|58|
|2017-03-06|1|20|57|
|2017-03-05|1|25|52|
|2017-03-04|1|26|52|
|2017-03-03|1|24|53|
|2017-03-02|1|23|54|
|2017-03-01|1|24|54|
|2017-02-28|1|24|53|
|2017-02-27|1|19|58|
|2017-02-26|1|27|51|
|2017-02-25|1|30|48|
|2017-02-24|1|30|48|
|2017-02-23|1|27|50|
|2017-02-22|1|24|54|
|2017-02-21|1|26|51|
|2017-02-20|1|28|49|
|2017-02-19|1|28|49|
|2017-02-18|1|29|48|
|2017-02-17|1|29|48|
|2017-02-16|1|24|53|
|2017-02-15|1|22|55|
|2017-02-14|1|24|52|
|2017-02-13|1|23|54|
|2017-02-12|1|25|51|
|2017-02-11|1|26|51|
|2017-02-10|1|28|49|
|2017-02-09|1|23|54|
|2017-02-08|1|24|53|
|2017-02-07|1|24|53|
|2017-02-06|1|20|57|
|2017-02-05|1|27|50|
|2017-02-04|1|27|50|
|2017-02-03|1|27|50|
|2017-02-02|1|27|50|
|2017-02-01|1|24|49|
|2017-01-31|1|24|48|
|2017-01-30|1|26|47|
|2017-01-29|1|26|47|
|2017-01-28|1|26|47|
|2017-01-27|1|28|44|
|2017-01-26|1|26|46|
|2017-01-25|1|23|50|
|2017-01-24|1|24|48|
|2017-01-23|1|26|47|
|2017-01-22|1|26|46|
|2017-01-21|1|26|46|
|2017-01-20|1|27|46|
|2017-01-19|1|25|48|
|2017-01-18|1|25|48|
|2017-01-17|1|17|55|
|2017-01-16|1|19|54|
|2017-01-15|1|25|48|
|2017-01-14|1|25|47|
|2017-01-13|1|22|51|
|2017-01-12|1|25|48|
|2017-01-11|1|26|47|
|2017-01-10|1|27|45|
|2017-01-09|1|28|44|
|2017-01-08|1|31|42|
|2017-01-07|1|32|41|
|2017-01-06|1|26|47|
|2017-01-05|1|21|51|
|2017-01-04|1|21|51|
|2017-01-03|1|21|51|
|2017-01-02|1|24|49|
|2017-01-01|1|24|49|
|2016-12-31|1|25|48|
|2016-12-30|1|26|46|
|2016-12-29|1|21|51|
|2016-12-28|1|20|53|
|2016-12-27|1|20|52|
|2016-12-26|1|23|50|
|2016-12-25|1|22|51|
|2016-12-24|1|22|51|
|2016-12-23|1|20|53|
|2016-12-22|1|20|52|
|2016-12-21|1|22|51|
|2016-12-20|1|23|50|
|2016-12-19|1|24|49|
|2016-12-18|1|24|49|
|2016-12-17|1|24|49|
|2016-12-16|1|26|46|
|2016-12-15|1|21|52|
|2016-12-14|1|21|52|
|2016-12-13|1|21|51|
|2016-12-12|1|24|48|
|2016-12-11|1|23|49|
|2016-12-10|1|23|49|
|2016-12-09|1|26|47|
|2016-12-08|1|21|52|
|2016-12-07|1|21|52|
|2016-12-06|1|17|56|
|2016-12-05|1|17|56|
|2016-12-04|1|22|50|
|2016-12-03|1|23|50|
|2016-12-02|1|22|51|
|2016-12-01|1|24|49|
|2016-11-30|1|21|52|
|2016-11-29|1|23|50|
|2016-11-28|1|24|48|
|2016-11-27|1|25|47|
|2016-11-26|1|26|47|
|2016-11-25|1|28|45|
|2016-11-24|1|23|50|
|2016-11-23|1|22|51|
|2016-11-22|1|23|50|
|2016-11-21|1|27|46|
|2016-11-20|1|22|51|
|2016-11-19|1|22|50|
|2016-11-18|1|20|52|
|2016-11-17|1|19|54|
|2016-11-16|1|21|51|
|2016-11-15|1|23|50|
|2016-11-14|1|19|54|
|2016-11-13|1|30|43|
|2016-11-12|1|28|44|
|2016-11-11|1|28|44|
|2016-11-10|1|29|43|
|2016-11-09|1|21|49|
|2016-11-08|1|23|48|
|2016-11-07|1|23|47|
|2016-11-06|1|23|47|
|2016-11-05|1|23|48|
|2016-11-04|1|25|46|
|2016-11-03|1|21|50|
|2016-11-02|1|21|49|
|2016-11-01|1|21|49|
|2016-10-31|1|18|53|
|2016-10-30|1|23|47|
|2016-10-29|1|24|47|
|2016-10-28|1|26|44|
|2016-10-27|1|22|49|
|2016-10-26|1|21|50|
|2016-10-25|1|20|50|
|2016-10-24|1|19|51|
|2016-10-23|1|23|48|
|2016-10-22|1|23|48|
|2016-10-21|1|22|48|
|2016-10-20|1|24|47|
|2016-10-19|1|21|50|
|2016-10-18|1|21|49|
|2016-10-17|1|22|49|
|2016-10-16|1|22|48|
|2016-10-15|1|23|48|
|2016-10-14|1|26|45|
|2016-10-13|1|19|51|
|2016-10-12|1|20|50|
|2016-10-11|1|22|48|
|2016-10-10|1|23|48|
|2016-10-09|1|24|46|
|2016-10-08|1|25|45|
|2016-10-07|1|25|45|
|2016-10-06|1|24|47|
|2016-10-05|1|22|48|
|2016-10-04|1|23|47|
|2016-10-03|1|23|47|
|2016-10-02|1|24|46|
|2016-10-01|1|25|46|
|2016-09-30|1|25|46|
|2016-09-29|1|23|48|
|2016-09-28|1|21|49|
|2016-09-27|1|25|45|
|2016-09-26|1|22|48|
|2016-09-25|1|22|48|
|2016-09-24|1|25|45|
|2016-09-23|1|24|47|
|2016-09-22|1|23|47|
|2016-09-21|1|21|49|
|2016-09-20|1|21|49|
|2016-09-19|1|25|45|
|2016-09-18|1|23|47|
|2016-09-17|1|21|49|
|2016-09-16|1|19|52|
|2016-09-15|1|21|49|
|2016-09-14|1|21|50|
|2016-09-13|1|21|49|
|2016-09-12|1|15|55|
|2016-09-11|1|23|47|
|2016-09-10|1|25|45|
|2016-09-09|1|26|45|
|2016-09-08|1|25|45|
|2016-09-07|1|23|47|
|2016-09-06|1|25|45|
|2016-09-05|1|24|46|
|2016-09-04|1|25|46|
|2016-09-03|1|24|47|
|2016-09-02|1|24|47|
|2016-09-01|1|21|49|
|2016-08-31|1|22|48|
|2016-08-30|1|18|52|
|2016-08-29|1|20|50|
|2016-08-28|1|21|49|
|2016-08-27|1|23|48|
|2016-08-26|1|23|47|
|2016-08-25|1|20|50|
|2016-08-24|1|20|50|
|2016-08-23|1|25|45|
|2016-08-22|1|22|48|
|2016-08-21|1|22|48|
|2016-08-20|1|23|48|
|2016-08-19|1|23|48|
|2016-08-18|1|20|51|
|2016-08-17|1|20|51|
|2016-08-16|1|24|47|
|2016-08-15|1|18|53|
|2016-08-14|1|18|53|
|2016-08-13|1|19|52|
|2016-08-12|1|23|47|
|2016-08-11|1|22|48|
|2016-08-10|1|23|47|
|2016-08-09|1|24|46|
|2016-08-08|1|24|46|
|2016-08-07|1|25|46|
|2016-08-06|1|25|45|
|2016-08-05|1|24|46|
|2016-08-04|1|24|46|
|2016-08-03|1|23|48|
|2016-08-02|1|23|47|
|2016-08-01|1|25|46|
|2016-07-31|1|22|48|
|2016-07-30|1|23|47|
|2016-07-29|1|23|47|
|2016-07-28|1|26|45|
|2016-07-27|1|23|48|
|2016-07-26|1|24|47|
|2016-07-25|1|26|44|
|2016-07-24|1|24|46|
|2016-07-23|1|24|47|
|2016-07-22|1|24|46|
|2016-07-21|1|22|48|
|2016-07-20|1|23|48|
|2016-07-19|1|25|46|
|2016-07-18|1|25|45|
|2016-07-17|1|26|45|
|2016-07-16|1|26|44|
|2016-07-15|1|26|44|
|2016-07-14|1|23|47|
|2016-07-13|1|23|48|
|2016-07-12|1|25|45|
|2016-07-11|1|20|50|
|2016-07-10|1|25|45|
|2016-07-09|1|26|45|
|2016-07-08|1|25|45|
|2016-07-07|1|27|43|
|2016-07-06|1|25|46|
|2016-07-05|1|27|43|
|2016-07-04|1|27|43|
|2016-07-03|1|27|43|
|2016-07-02|1|27|43|
|2016-07-01|1|25|45|
|2016-06-30|1|20|51|
|2016-06-29|1|21|50|
|2016-06-28|1|17|53|
|2016-06-27|1|21|49|
|2016-06-26|1|21|49|
|2016-06-25|1|20|51|
|2016-06-24|1|20|51|
|2016-06-23|1|23|47|
|2016-06-22|1|23|47|
|2016-06-21|1|24|46|
|2016-06-20|1|25|45|
|2016-06-19|1|26|44|
|2016-06-18|1|27|44|
|2016-06-17|1|27|44|
|2016-06-16|1|26|45|
|2016-06-15|1|25|46|
|2016-06-14|1|26|44|
|2016-06-13|1|26|44|
|2016-06-12|1|26|44|
|2016-06-11|1|27|43|
|2016-06-10|1|27|44|
|2016-06-09|1|25|46|
|2016-06-08|1|25|45|
|2016-06-07|1|26|45|
|2016-06-06|1|26|44|
|2016-06-05|1|26|44|
|2016-06-04|1|27|43|
|2016-06-03|1|27|43|
|2016-06-02|1|26|44|
|2016-06-01|1|24|46|
|2016-05-31|1|25|46|
|2016-05-30|1|19|51|
|2016-05-29|1|25|45|
|2016-05-28|1|26|45|
|2016-05-27|1|25|46|
|2016-05-26|1|24|47|
|2016-05-25|1|24|47|
|2016-05-24|1|26|44|
|2016-05-23|1|27|43|
|2016-05-22|1|26|44|
|2016-05-21|1|27|44|
|2016-05-20|1|27|44|
|2016-05-19|1|26|45|
|2016-05-18|1|26|45|
|2016-05-17|1|27|43|
|2016-05-16|1|27|43|
|2016-05-15|1|27|43|
|2016-05-14|1|27|43|
|2016-05-13|1|27|43|
|2016-05-12|1|26|45|
|2016-05-11|1|26|44|
|2016-05-10|1|26|44|
|2016-05-09|1|27|43|
|2016-05-08|1|27|43|
|2016-05-07|1|28|42|
|2016-05-06|1|28|42|
|2016-05-05|1|27|43|
|2016-05-04|1|26|44|
|2016-05-03|1|27|43|
|2016-05-02|1|28|42|
|2016-05-01|1|28|42|
|2016-04-30|1|28|42|
|2016-04-29|1|28|42|
|2016-04-28|1|26|45|
|2016-04-27|1|27|44|
|2016-04-26|1|27|43|
|2016-04-25|1|28|42|
|2016-04-24|1|28|42|
|2016-04-23|1|28|42|
|2016-04-22|1|28|42|
|2016-04-21|1|26|44|
|2016-04-20|1|26|44|
|2016-04-19|1|27|44|
|2016-04-18|1|20|50|
|2016-04-17|1|27|43|
|2016-04-16|1|28|43|
|2016-04-15|1|28|43|
|2016-04-14|1|28|43|
|2016-04-13|1|26|44|
|2016-04-12|1|27|43|
|2016-04-11|1|28|42|
|2016-04-10|1|28|42|
|2016-04-09|1|28|42|
|2016-04-08|1|29|42|
|2016-04-07|1|26|44|
|2016-04-06|1|27|44|
|2016-04-05|1|27|44|
|2016-04-04|1|28|42|
|2016-04-03|1|28|42|
|2016-04-02|1|28|42|
|2016-04-01|1|28|42|
|2016-03-31|1|26|44|
|2016-03-30|1|26|44|
|2016-03-29|1|26|44|
|2016-03-28|1|20|50|
|2016-03-27|1|26|44|
|2016-03-26|1|27|43|
|2016-03-25|1|27|43|
|2016-03-24|1|26|44|
|2016-03-23|1|27|44|
|2016-03-22|1|27|43|
|2016-03-21|1|27|43|
|2016-03-20|1|27|43|
|2016-03-19|1|27|43|
|2016-03-18|1|27|43|
|2016-03-17|1|26|44|
|2016-03-16|1|27|44|
|2016-03-15|1|27|43|
|2016-03-14|1|27|43|
|2016-03-13|1|28|42|
|2016-03-12|1|28|43|
|2016-03-11|1|28|42|
|2016-03-10|1|29|42|
|2016-03-09|1|29|42|
|2016-03-08|1|28|42|
|2016-03-07|1|28|42|
|2016-03-06|1|28|42|
|2016-03-05|1|26|44|
|2016-03-04|1|28|42|
|2016-03-03|1|28|42|
|2016-03-02|1|30|40|
|2016-03-01|1|30|40|
|2016-02-29|1|32|38|
|2016-02-28|1|32|38|
|2016-02-27|1|32|38|
|2016-02-26|1|32|38|
|2016-02-25|1|32|38|
|2016-02-24|1|32|38|
|2016-02-23|1|33|37|
|2016-02-22|1|33|38|
|2016-02-21|1|33|38|
|2016-02-20|1|31|39|
|2016-02-19|1|30|40|
|2016-02-18|1|31|40|
|2016-02-17|1|33|38|
|2016-02-16|1|32|38|
|2016-02-15|1|32|38|
|2016-02-14|1|33|37|
|2016-02-13|1|32|38|
|2016-02-12|1|31|39|
|2016-02-11|1|30|40|
|2016-02-10|1|29|41|
|2016-02-09|1|30|40|
|2016-02-08|1|32|38|
|2016-02-07|1|32|38|
|2016-02-06|1|33|38|
|2016-02-05|1|32|38|
|2016-02-04|1|31|39|
|2016-02-03|1|28|42|
|2016-02-02|1|29|41|
|2016-02-01|1|29|41|
|2016-01-31|1|29|41|
|2016-01-30|1|30|40|
|2016-01-29|1|30|40|
|2016-01-28|1|29|41|
|2016-01-27|1|28|42|
|2016-01-26|1|27|43|
|2016-01-25|1|27|43|
|2016-01-24|1|31|39|
|2016-01-23|1|31|39|
|2016-01-22|1|28|42|
|2016-01-21|1|27|43|
|2016-01-20|1|28|42|
|2016-01-19|1|27|43|
|2016-01-18|1|27|43|
|2016-01-17|1|27|43|
|2016-01-16|1|31|39|
|2016-01-15|1|29|42|
|2016-01-14|1|27|43|
|2016-01-13|1|27|43|
|2016-01-12|1|30|40|
|2016-01-11|1|32|38|
|2016-01-10|1|31|39|
|2016-01-09|1|33|37|
|2016-01-08|1|32|38|
|2016-01-07|1|34|36|
|2016-01-06|1|33|37|
|2016-01-05|1|34|36|
|2016-01-04|1|30|40|
|2016-01-03|1|31|39|
|2016-01-02|1|23|46|
|2016-01-01|1|24|46|
|2015-12-31|1|24|46|
|2015-12-30|1|27|43|
|2015-12-29|1|31|39|
|2015-12-28|1|35|35|
|2015-12-27|1|35|35|
|2015-12-26|1|34|36|
|2015-12-25|1|34|36|
|2015-12-24|1|33|38|
|2015-12-23|1|33|37|
|2015-12-22|1|31|39|
|2015-12-21|1|36|34|
|2015-12-20|1|36|34|
|2015-12-19|1|39|31|
|2015-12-18|1|38|33|
|2015-12-17|1|38|33|
|2015-12-16|1|33|37|
|2015-12-15|1|25|45|
|2015-12-14|1|26|45|
|2015-12-13|1|27|43|
|2015-12-12|1|36|34|
|2015-12-11|1|36|34|
|2015-12-10|1|37|33|
|2015-12-09|1|37|33|
|2015-12-08|1|38|32|
|2015-12-07|1|38|32|
|2015-12-06|1|33|37|
|2015-12-05|1|31|40|
|2015-12-04|1|32|38|
|2015-12-03|1|33|37|
|2015-12-02|1|39|31|
|2015-12-01|1|39|31|
|2015-11-30|1|41|29|
|2015-11-29|1|43|27|
|2015-11-28|1|43|27|
|2015-11-27|1|34|36|
|2015-11-26|1|26|44|
|2015-11-25|1|22|49|
|2015-11-24|1|27|44|
|2015-11-23|1|26|44|
|2015-11-22|1|38|33|
|2015-11-21|1|36|34|
|2015-11-20|1|37|34|
|2015-11-19|1|39|32|
|2015-11-18|1|42|28|
|2015-11-17|1|42|28|
|2015-11-16|1|30|40|
|2015-11-15|1|29|41|
|2015-11-14|1|28|43|
|2015-11-13|1|40|30|
|2015-11-09|1|38|32|
|2015-11-08|1|39|32|
|2015-11-07|1|37|33|
|2015-11-06|1|32|39|
|2015-11-05|1|32|39|
|2015-11-04|1|35|35|
|2015-11-03|1|39|31|
|2015-11-02|1|39|32|
|2015-11-01|1|39|32|
|2015-10-31|1|41|29|
|2015-10-30|1|38|33|
|2015-10-29|1|39|31|
|2015-10-28|1|33|37|
|2015-10-27|1|37|33|
|2015-10-26|1|38|32|
|2015-10-25|1|38|33|
|2015-10-24|1|38|32|
|2015-10-23|1|38|32|
|2015-10-22|1|41|30|
|2015-10-21|1|40|31|
|2015-10-20|1|42|28|
|2015-10-19|1|37|33|
|2015-10-18|1|38|33|
|2015-10-17|1|29|41|
|2015-10-16|1|29|41|
|2015-10-15|1|29|41|
|2015-10-14|1|33|37|
|2015-10-13|1|38|32|
|2015-10-12|1|38|33|
|2015-10-11|1|44|26|
|2015-10-10|1|44|27|
|2015-10-09|1|44|26|
|2015-10-08|1|39|31|
|2015-10-07|1|39|31|
|2015-10-06|1|29|41|
|2015-10-05|1|34|36|
|2015-10-04|1|34|36|
|2015-10-03|1|46|24|
|2015-10-02|1|46|24|
|2015-10-01|1|43|27|
|2015-09-30|1|43|27|
|2015-09-29|1|43|27|
|2015-09-28|1|33|37|
|2015-09-27|1|32|37|
|2015-09-26|1|40|29|
|2015-09-25|1|43|27|
|2015-09-24|1|37|33|
|2015-09-23|1|35|34|
|2015-09-22|1|37|32|
|2015-09-21|1|31|38|
|2015-09-20|1|35|34|
|2015-09-19|1|45|25|
|2015-09-18|1|46|24|
|2015-09-17|1|40|30|
|2015-09-16|1|40|30|
|2015-09-15|1|39|31|
|2015-09-14|1|34|36|
|2015-09-13|1|31|39|
|2015-09-12|1|36|33|
|2015-09-11|1|50|20|
|2015-09-10|1|50|20|
|2015-09-09|1|43|27|
|2015-09-08|1|40|29|
|2015-09-07|1|33|36|
|2015-09-06|1|35|34|
|2015-09-05|1|49|21|
|2015-09-04|1|48|21|
|2015-09-03|1|43|26|
|2015-09-02|1|39|30|
|2015-09-01|1|33|36|
|2015-08-17|1|42|25|
|2015-08-16|1|42|25|
|2015-08-15|1|47|20|
|2015-08-14|1|46|21|
|2015-08-13|1|42|25|
|2015-08-12|1|33|23|
|2015-08-11|1|37|19|
|2015-08-10|1|37|19|
|2015-08-09|1|35|19|
|2015-08-08|1|37|18|
|2015-08-07|1|36|19|
|2015-08-06|1|31|22|
|2015-08-05|1|31|21|
|2015-08-04|1|32|20|
|2015-08-03|1|34|18|
|2015-08-02|1|36|17|
|2015-08-01|1|36|17|
|2015-07-31|1|36|17|
|2015-07-30|1|32|20|
|2015-07-29|1|27|25|
|2015-07-28|1|26|27|
|2015-07-27|1|26|27|
|2015-07-26|1|26|27|
|2015-07-25|1|36|16|
|2015-07-24|1|32|20|
|2015-07-23|1|30|22|
|2015-07-22|1|34|18|
|2015-07-21|1|35|18|
|2015-07-20|1|36|16|
|2015-07-19|1|36|16|
|2015-07-18|1|34|18|
|2015-07-17|1|33|19|
|2015-07-16|1|31|21|
|2015-07-15|1|32|21|
|2015-07-14|1|33|19|
|2015-07-13|1|34|18|
|2015-07-12|1|36|16|
|2015-07-11|1|36|16|
|2015-07-10|1|31|21|
|2015-07-09|1|29|23|
|2015-07-08|1|29|23|
|2015-07-07|1|31|21|
|2015-07-06|1|31|21|
|2015-07-05|1|31|21|
|2015-07-04|1|31|21|
|2015-07-03|1|28|24|
|2015-07-02|1|33|20|
|2015-07-01|1|33|19|
|2015-06-30|1|33|19|
|2015-06-29|1|33|19|
|2015-06-28|1|32|20|
|2015-06-27|1|33|19|
|2015-06-26|1|34|18|
|2015-06-25|1|31|22|
|2015-06-24|1|31|21|
|2015-06-23|1|32|20|
|2015-06-22|1|35|17|
|2015-06-21|1|35|17|
|2015-06-20|1|36|16|
|2015-06-19|1|36|16|
|2015-06-18|1|32|20|
|2015-06-17|1|30|22|
|2015-06-16|1|31|21|
|2015-06-15|1|35|17|
|2015-06-14|1|36|16|
|2015-06-13|1|37|16|
|2015-06-12|1|35|17|
|2015-06-11|1|32|20|
|2015-06-10|1|20|32|
|2015-06-09|1|19|33|
|2015-06-08|1|22|30|
|2015-06-07|1|34|18|
|2015-06-06|1|35|17|
|2015-06-05|1|39|13|
|2015-06-04|1|42|10|
|2015-06-03|1|42|10|
|2015-06-02|1|41|11|
|2015-06-01|1|40|12|
|2015-05-31|1|34|18|
|2015-05-30|1|33|18|
|2015-05-29|1|34|18|
|2015-05-28|1|31|21|
|2015-05-27|1|31|21|
|2015-05-26|1|32|20|
|2015-05-25|1|31|21|
|2015-05-24|1|31|21|
|2015-05-23|1|31|21|
|2015-05-22|1|35|17|
|2015-05-21|1|35|17|
|2015-05-20|1|30|22|
|2015-05-19|1|30|22|
|2015-05-18|1|28|24|
|2015-05-17|1|35|17|
|2015-05-16|1|33|19|
|2015-05-15|1|33|19|
|2015-05-14|1|32|20|
|2015-05-13|1|27|24|
|2015-05-12|1|27|24|
|2015-05-11|1|29|23|
|2015-05-10|1|28|23|
|2015-05-09|1|34|17|
|2015-05-08|1|34|18|
|2015-05-07|1|34|18|
|2015-05-06|1|32|18|
|2015-05-05|1|33|17|
|2015-05-04|0|33|17|
|2015-05-03|0|24|18|
|2015-05-02|0|24|17|
|2015-05-01|0|23|17|
|2015-04-30|0|6|0|
