<html>
 <head>
   <script type="text/javascript" src="https://www.google.com/jsapi"></script>
   <script type="text/javascript">
     google.load("visualization", "1", {packages:["corechart"]});
     google.setOnLoadCallback(drawChart);
     function drawChart() {
       var data = google.visualization.arrayToDataTable([
['Date','EFD','FC','SATA'],
['2014-09-28',   1,  61,  10],
['2014-09-29',   1,  61,  10],
['2014-09-30',   1,  61,  10],
['2014-10-01',   1,  61,  10],
['2014-10-02',   1,  61,  10],
['2014-10-03',   1,  60,  12],
['2014-10-04',   1,  65,  7],
['2014-10-05',   1,  63,  8],
['2014-10-06',   1,  64,  7],
['2014-10-07',   1,  62,  9],
['2014-10-08',   1,  62,  9],
['2014-10-09',   1,  62,  9],
['2014-10-10',   1,  62,  9],
['2014-10-11',   1,  62,  10],
['2014-10-12',   1,  60,  12],
['2014-10-13',   1,  60,  12],
['2014-10-14',   1,  59,  12],
['2014-10-15',   1,  60,  12],
['2014-10-16',   1,  58,  14],
['2014-10-17',   1,  58,  13],
['2014-10-18',   1,  56,  15],
['2014-10-19',   1,  54,  17],
['2014-10-20',   1,  54,  17],
['2014-10-21',   1,  56,  16],
['2014-10-22',   1,  58,  14],
['2014-10-23',   1,  58,  14],
['2014-10-24',   1,  58,  14],
['2014-10-25',   1,  60,  12],
['2014-10-26',   1,  59,  13],
['2014-10-27',   1,  57,  14],
['2014-10-28',   1,  58,  14],
['2014-10-29',   1,  57,  14],
['2014-10-30',   1,  55,  16],
['2014-10-31',   1,  54,  18],
['2014-11-01',   1,  54,  18],
['2014-11-02',   1,  53,  19],
['2014-11-03',   1,  50,  22],
['2014-11-04',   1,  50,  22],
['2014-11-05',   1,  49,  23],
['2014-11-06',   1,  49,  23],
['2014-11-07',   1,  46,  26],
['2014-11-08',   1,  47,  26],
['2014-11-09',   1,  47,  25],
['2014-11-10',   1,  47,  25],
['2014-11-11',   1,  48,  24],
['2014-11-12',   1,  48,  24],
['2014-11-13',   1,  47,  25],
['2014-11-14',   1,  47,  25],
['2014-11-15',   1,  48,  24],
['2014-11-16',   2,  47,  24],
['2014-11-17',   2,  48,  24],
['2014-11-18',   2,  48,  24],
['2014-11-19',   2,  48,  24],
['2014-11-20',   2,  48,  24],
['2014-11-21',   2,  47,  24],
['2014-11-22',   2,  45,  26],
['2014-11-23',   2,  46,  25],
['2014-11-24',   2,  46,  25],
['2014-11-25',   2,  47,  25],
['2014-11-26',   2,  47,  25],
['2014-11-27',   2,  47,  25],
['2014-11-28',   2,  47,  25],
['2014-11-29',   2,  47,  24],
['2014-11-30',   2,  47,  24],
['2014-12-01',   2,  48,  23],
['2014-12-02',   2,  48,  23],
['2014-12-03',   2,  48,  23],
['2014-12-04',   2,  48,  24],
['2014-12-05',   2,  47,  24],
['2014-12-06',   2,  47,  24],
['2014-12-07',   2,  47,  24],
['2014-12-08',   2,  48,  23],
['2014-12-09',   2,  48,  23],
['2014-12-10',   2,  47,  24],
['2014-12-11',   2,  48,  24],
['2014-12-12',   2,  57,  23],
['2014-12-13',   2,  56,  24],
['2014-12-14',   2,  56,  24],
['2014-12-15',   2,  56,  24],
['2014-12-16',   2,  56,  25],
['2014-12-17',   2,  56,  25],
['2014-12-18',   2,  56,  25],
['2014-12-19',   2,  56,  24],
['2014-12-20',   2,  60,  21],
['2014-12-21',   2,  63,  18],
['2014-12-22',   2,  67,  13],
['2014-12-23',   2,  69,  11],
['2014-12-24',   2,  69,  11],
['2014-12-25',   3,  69,  11],
['2014-12-26',   3,  67,  13],
['2014-12-27',   3,  68,  12],
['2014-12-28',   3,  67,  13],
['2014-12-29',   3,  64,  15],
['2014-12-30',   3,  58,  21],
['2014-12-31',   3,  56,  23],
['2015-01-01',   3,  55,  25],
['2015-01-02',   3,  58,  22],
['2015-01-03',   3,  58,  22],
['2015-01-04',   3,  61,  19],
['2015-01-05',   3,  57,  23],
['2015-01-06',   3,  58,  22],
['2015-01-07',   2,  59,  21],
['2015-01-08',   2,  60,  20],
['2015-01-09',   2,  59,  21],
['2015-01-10',   2,  59,  21],
['2015-01-11',   2,  59,  21],
['2015-01-12',   2,  60,  21],
['2015-01-13',   2,  59,  21],
['2015-01-14',   2,  55,  25],
['2015-01-15',   2,  55,  25],
['2015-01-16',   2,  53,  27],
['2015-01-17',   2,  54,  27],
['2015-01-18',   2,  59,  21],
['2015-01-19',   2,  59,  21],
['2015-01-20',   2,  57,  24],
['2015-01-21',   2,  57,  24],
['2015-01-22',   2,  58,  23],
['2015-01-23',   2,  58,  23],
['2015-01-24',   2,  59,  21],
['2015-01-25',   2,  59,  21],
['2015-01-26',   2,  60,  21],
['2015-01-27',   2,  59,  22],
['2015-01-28',   2,  60,  21],
['2015-01-29',   2,  58,  23],
['2015-01-30',   2,  55,  26],
['2015-01-31',   2,  53,  28],
['2015-02-01',   2,  57,  24],
['2015-02-02',   2,  57,  24],
['2015-02-03',   2,  56,  25],
['2015-02-04',   2,  57,  24],
['2015-02-05',   2,  58,  23],
['2015-02-06',   2,  62,  19],
['2015-02-07',   2,  64,  16],
['2015-02-08',   3,  65,  15],
['2015-02-09',   3,  65,  15],
['2015-02-10',   3,  65,  14],
['2015-02-11',   3,  65,  15],
['2015-02-12',   3,  64,  15],
['2015-02-13',   3,  65,  14],
['2015-02-14',   3,  62,  17],
['2015-02-15',   4,  61,  17],
['2015-02-16',   4,  61,  18],
['2015-02-17',   4,  60,  18],
['2015-02-18',   4,  60,  18],
['2015-02-19',   4,  60,  19],
['2015-02-20',   4,  60,  19],
['2015-02-21',   4,  60,  18],
['2015-02-22',   4,  61,  18],
['2015-02-23',   4,  60,  18],
['2015-02-24',   4,  60,  19],
['2015-02-25',   4,  60,  18],
['2015-02-26',   4,  60,  18],
['2015-02-27',   4,  61,  17],
['2015-02-28',   4,  61,  17],
['2015-03-01',   4,  61,  17],
['2015-03-02',   4,  61,  18],
['2015-03-03',   4,  61,  18],
['2015-03-04',   4,  61,  18],
['2015-03-05',   4,  61,  18],
['2015-03-06',   4,  61,  18],
['2015-03-07',   4,  61,  18],
['2015-03-08',   4,  61,  18],
['2015-03-09',   4,  61,  18],
['2015-03-10',   4,  60,  18],
['2015-03-11',   4,  60,  18],
['2015-03-12',   4,  60,  18],
['2015-03-13',   4,  60,  18],
['2015-03-14',   4,  61,  18],
['2015-03-15',   4,  61,  18],
['2015-03-16',   4,  61,  18],
['2015-03-17',   4,  60,  18],
['2015-03-18',   4,  61,  18],
['2015-03-19',   4,  59,  20],
['2015-03-20',   4,  59,  19],
['2015-03-21',   4,  59,  19],
['2015-03-22',   4,  60,  19],
['2015-03-23',   4,  61,  18],
['2015-03-24',   4,  60,  18],
['2015-03-25',   4,  60,  18],
['2015-03-26',   4,  60,  19],
['2015-03-27',   4,  60,  19],
['2015-03-28',   4,  60,  18],
['2015-03-29',   4,  61,  18],
['2015-03-30',   4,  61,  17],
['2015-03-31',   4,  61,  17],
['2015-04-01',   4,  60,  18],
['2015-04-02',   4,  60,  18],
['2015-04-03',   4,  60,  18],
['2015-04-04',   4,  61,  18],
['2015-04-05',   4,  61,  18],
['2015-04-06',   4,  61,  18],
['2015-04-07',   4,  61,  18],
['2015-04-08',   4,  61,  18],
['2015-04-09',   4,  60,  19],
['2015-04-10',   4,  60,  18],
['2015-04-11',   4,  60,  18],
['2015-04-12',   4,  60,  18],
['2015-04-13',   4,  60,  18],
['2015-04-14',   4,  61,  18],
['2015-04-15',   4,  60,  18],
['2015-04-16',   4,  60,  18],
['2015-04-17',   4,  61,  18],
['2015-04-18',   4,  61,  18],
['2015-04-19',   4,  61,  18],
['2015-04-20',   4,  60,  18],
['2015-04-21',   4,  60,  18],
['2015-04-22',   4,  60,  18],
['2015-04-23',   4,  59,  19],
['2015-04-24',   4,  59,  19],
['2015-04-25',   4,  60,  18],
['2015-04-26',   4,  60,  18],
['2015-04-27',   4,  61,  18],
['2015-04-28',   4,  61,  18],
['2015-04-29',   4,  60,  19],
['2015-04-30',   4,  60,  19],
['2015-05-01',   4,  60,  19],
['2015-05-02',   4,  59,  19],
['2015-05-03',   4,  60,  19],
['2015-05-04',   4,  60,  19],
['2015-05-05',   4,  60,  19],
['2015-05-06',   4,  59,  20],
['2015-05-07',   4,  59,  20],
['2015-05-08',   4,  59,  20],
['2015-05-09',   4,  60,  19],
['2015-05-10',   4,  60,  19],
['2015-05-11',   4,  60,  19],
['2015-05-12',   4,  60,  19],
['2015-05-13',   4,  60,  19],
['2015-05-14',   4,  59,  19],
['2015-05-15',   4,  60,  19],
['2015-05-16',   4,  60,  19],
['2015-05-17',   4,  60,  19],
['2015-05-18',   4,  59,  19],
['2015-05-19',   4,  59,  19],
['2015-05-20',   4,  59,  19],
['2015-05-21',   4,  59,  19],
['2015-05-22',   4,  60,  19],
['2015-05-23',   4,  60,  19],
['2015-05-24',   4,  60,  19],
['2015-05-25',   4,  60,  18],
['2015-05-26',   5,  60,  18],
['2015-05-27',   5,  60,  18],
['2015-05-28',   5,  60,  18],
['2015-05-29',   5,  60,  18],
['2015-05-30',   5,  60,  18],
['2015-05-31',   4,  60,  18],
['2015-06-01',   4,  60,  18],
['2015-06-02',   4,  60,  18],
['2015-06-03',   4,  60,  18],
['2015-06-04',   4,  59,  20],
['2015-06-05',   4,  60,  18],
['2015-06-06',   4,  60,  18],
['2015-06-07',   4,  60,  18],
['2015-06-08',   4,  60,  18],
['2015-06-09',   4,  60,  18],
['2015-06-10',   4,  60,  18],
['2015-06-11',   4,  60,  19],
['2015-06-12',   4,  60,  19],
['2015-06-13',   4,  60,  19],
['2015-06-14',   4,  60,  19],
['2015-06-15',   5,  60,  18],
['2015-06-16',   4,  60,  18],
['2015-06-17',   4,  60,  18],
['2015-06-18',   4,  59,  20],
['2015-06-19',   4,  59,  20],
['2015-06-20',   4,  59,  20],
['2015-06-21',   4,  60,  18],
['2015-06-22',   4,  60,  19],
['2015-06-23',   4,  60,  19],
['2015-06-24',   4,  60,  19],
['2015-06-25',   4,  60,  18],
['2015-06-26',   4,  60,  18],
['2015-06-27',   4,  60,  18],
['2015-06-28',   4,  60,  18],
['2015-06-29',   4,  60,  18],
['2015-06-30',   4,  60,  18],
['2015-07-01',   5,  60,  18],
['2015-07-02',   5,  59,  19],
['2015-07-03',   5,  59,  19],
['2015-07-04',   5,  59,  19],
['2015-07-05',   5,  60,  18],
['2015-07-06',   4,  60,  19],
['2015-07-07',   4,  60,  19],
['2015-07-08',   4,  60,  18],
['2015-07-09',   4,  59,  19],
['2015-07-10',   4,  59,  19],
['2015-07-11',   4,  59,  19],
['2015-07-12',   4,  60,  19],
['2015-07-13',   5,  60,  18],
['2015-07-14',   5,  60,  18],
['2015-07-15',   5,  60,  18],
['2015-07-16',   5,  60,  18],
['2015-07-17',   4,  60,  19],
['2015-07-18',   4,  60,  19],
['2015-07-19',   4,  61,  18],
['2015-07-20',   5,  60,  18],
['2015-07-21',   5,  60,  18],
['2015-07-22',   4,  60,  19],
['2015-07-23',   4,  59,  19],
['2015-07-24',   4,  60,  19],
['2015-07-25',   5,  60,  18],
['2015-07-26',   5,  60,  18],
['2015-07-27',   5,  60,  18],
['2015-07-28',   5,  60,  18],
['2015-07-29',   5,  59,  19],
['2015-07-30',   5,  60,  19],
['2015-07-31',   5,  60,  19],
['2015-08-01',   5,  59,  20],
['2015-08-02',   5,  61,  18],
['2015-08-03',   5,  61,  18],
['2015-08-04',   5,  61,  18],
['2015-08-05',   5,  61,  18],
['2015-08-06',   4,  61,  19],
['2015-08-07',   4,  61,  19],
['2015-08-08',   4,  61,  19],
['2015-08-09',   4,  61,  18],
['2015-08-10',   4,  61,  18],
['2015-08-11',   4,  61,  18],
['2015-08-12',   5,  63,  19],
['2015-08-13',   5,  63,  19],
['2015-08-14',   4,  64,  19],
['2015-08-15',   4,  64,  19],
['2015-08-16',   4,  64,  19],
['2015-08-17',   4,  67,  18],
['2015-09-01',   5,  69,  20],
['2015-09-02',   5,  69,  20],
['2015-09-03',   5,  70,  19],
['2015-09-04',   5,  69,  20],
['2015-09-05',   5,  68,  22],
['2015-09-06',   5,  68,  21],
['2015-09-07',   5,  69,  20],
['2015-09-08',   5,  69,  20],
['2015-09-09',   5,  70,  19],
['2015-09-10',   5,  70,  19],
['2015-09-11',   4,  70,  19],
['2015-09-12',   4,  70,  19],
['2015-09-13',   4,  69,  21],
['2015-09-14',   5,  68,  20],
['2015-09-15',   5,  69,  20],
['2015-09-16',   5,  69,  20],
['2015-09-17',   5,  69,  20],
['2015-09-18',   5,  71,  18],
['2015-09-19',   5,  71,  18],
['2015-09-20',   5,  67,  22],
['2015-09-21',   5,  66,  22],
['2015-09-22',   5,  67,  22],
['2015-09-23',   5,  69,  20],
['2015-09-24',   5,  69,  20],
['2015-09-25',   5,  69,  20],
['2015-09-26',   5,  69,  20],
['2015-09-27',   5,  69,  21],
['2015-09-28',   5,  69,  20],
['2015-09-29',   4,  69,  21],
['2015-09-30',   4,  68,  21],
['2015-10-01',   4,  69,  21],
['2015-10-02',   4,  70,  20],
['2015-10-03',   4,  71,  19],
['2015-10-04',   4,  71,  19],
['2015-10-05',   5,  68,  22],
['2015-10-06',   5,  68,  21],
['2015-10-07',   4,  69,  21],
['2015-10-08',   4,  71,  20],
['2015-10-09',   4,  72,  19],
['2015-10-10',   4,  73,  18],
['2015-10-11',   4,  73,  18],
['2015-10-12',   4,  73,  18],
['2015-10-13',   4,  71,  20],
['2015-10-14',   4,  71,  20],
['2015-10-15',   4,  71,  20],
['2015-10-16',   4,  73,  18],
['2015-10-17',   4,  74,  18],
['2015-10-18',   4,  74,  18],
['2015-10-19',   4,  70,  22],
['2015-10-20',   4,  69,  22],
['2015-10-21',   4,  69,  22],
['2015-10-22',   4,  72,  19],
['2015-10-23',   4,  73,  18],
['2015-10-24',   4,  73,  18],
['2015-10-25',   4,  73,  18],
['2015-10-26',   4,  73,  18],
['2015-10-27',   4,  71,  20],
['2015-10-28',   4,  70,  21],
['2015-10-29',   4,  69,  22],
['2015-10-30',   4,  71,  20],
['2015-10-31',   4,  71,  20],
['2015-11-01',   4,  71,  19],
['2015-11-02',   4,  71,  19],
['2015-11-03',   4,  71,  19],
['2015-11-04',   4,  71,  20],
['2015-11-05',   4,  67,  24],
['2015-11-06',   4,  67,  23],
['2015-11-07',   4,  71,  19],
['2015-11-08',   4,  72,  19],
['2015-11-09',   4,  72,  19],
['2015-11-13',   4,  69,  22],
['2015-11-14',   4,  69,  21],
['2015-11-15',   4,  69,  22],
['2015-11-16',   4,  70,  21],
['2015-11-17',   4,  69,  22],
['2015-11-18',   4,  69,  22],
['2015-11-19',   4,  70,  25],
['2015-11-20',   4,  69,  26],
['2015-11-21',   4,  69,  26],
['2015-11-22',   4,  71,  24],
['2015-11-23',   4,  70,  25],
['2015-11-24',   4,  70,  25],
['2015-11-25',   4,  70,  25],
['2015-11-26',   4,  70,  25],
['2015-11-27',   4,  70,  24],
['2015-11-28',   4,  72,  23],
['2015-11-29',   4,  72,  23],
['2015-11-30',   5,  71,  22],
['2015-12-01',   5,  71,  22],
['2015-12-02',   5,  67,  26],
['2015-12-03',   4,  69,  27],
['2015-12-04',   4,  68,  27],
['2015-12-05',   4,  72,  24],
['2015-12-06',   4,  71,  24],
['2015-12-07',   4,  72,  24],
['2015-12-08',   4,  72,  24],
['2015-12-09',   3,  69,  27],
['2015-12-10',   4,  60,  36],
['2015-12-11',   4,  60,  36],
['2015-12-12',   2,  56,  41],
['2015-12-13',   2,  53,  44],
['2015-12-14',   2,  57,  41],
['2015-12-15',   2,  63,  35],
['2015-12-16',   2,  63,  35],
['2015-12-17',   2,  62,  36],
['2015-12-18',   2,  58,  40],
['2015-12-19',   2,  52,  46],
['2015-12-20',   2,  51,  47],
['2015-12-21',   2,  51,  47],
['2015-12-22',   2,  54,  44],
['2015-12-23',   2,  55,  43],
['2015-12-24',   2,  54,  44],
['2015-12-25',   2,  60,  38],
['2015-12-26',   2,  58,  40],
['2015-12-27',   2,  59,  39],
['2015-12-28',   2,  61,  37],
['2015-12-29',   2,  62,  36],
['2015-12-30',   2,  62,  36],
['2015-12-31',   2,  55,  43],
['2016-01-01',   2,  54,  44],
['2016-01-02',   2,  53,  44],
['2016-01-03',   2,  62,  36],
['2016-01-04',   2,  63,  35],
['2016-01-05',   2,  69,  29],
['2016-01-06',   3,  69,  29],
['2016-01-07',   3,  69,  29],
['2016-01-08',   2,  68,  30],
['2016-01-09',   2,  63,  36],
['2016-01-10',   2,  63,  35],
['2016-01-11',   2,  64,  34],
['2016-01-12',   2,  70,  29],
['2016-01-13',   2,  70,  29],
['2016-01-14',   2,  69,  29],
['2016-01-15',   2,  64,  35],
['2016-01-16',   2,  64,  35],
['2016-01-17',   2,  65,  33],
['2016-01-18',   2,  67,  32],
['2016-01-19',   2,  67,  32],
['2016-01-20',   2,  62,  36],
['2016-01-21',   2,  55,  43],
['2016-01-22',   2,  55,  44],
['2016-01-23',   2,  52,  47],
['2016-01-24',   2,  53,  46],
['2016-01-25',   2,  57,  41],
['2016-01-26',   2,  60,  39],
['2016-01-27',   2,  63,  36],
['2016-01-28',   2,  58,  41],
['2016-01-29',   2,  54,  44],
['2016-01-30',   2,  54,  45],
['2016-01-31',   2,  60,  39],
['2016-02-01',   2,  64,  35],
['2016-02-02',   2,  70,  29],
['2016-02-03',   2,  69,  30],
['2016-02-04',   2,  55,  44],
['2016-02-05',   2,  50,  49],
['2016-02-06',   2,  61,  38],
['2016-02-07',   2,  69,  30],
['2016-02-08',   2,  71,  28],
['2016-02-09',   2,  71,  28],
['2016-02-10',   2,  67,  32],
['2016-02-11',   2,  60,  39],
['2016-02-12',   2,  60,  39],
['2016-02-13',   2,  67,  32],
['2016-02-14',   2,  71,  28],
['2016-02-15',   2,  71,  27],
['2016-02-16',   2,  71,  27],
['2016-02-17',   2,  71,  28],
['2016-02-18',   2,  62,  37],
['2016-02-19',   2,  55,  44],
['2016-02-20',   2,  62,  37],
['2016-02-21',   2,  70,  29],
['2016-02-22',   2,  71,  28],
['2016-02-23',   2,  72,  27],
['2016-02-24',   2,  72,  27],
['2016-02-25',   2,  71,  28],
['2016-02-26',   2,  71,  28],
['2016-02-27',   2,  71,  28],
['2016-02-28',   2,  71,  28],
['2016-02-29',   2,  71,  28],
['2016-03-01',   2,  71,  28],
['2016-03-02',   2,  71,  29],
['2016-03-03',   2,  70,  30],
['2016-03-04',   2,  70,  29],
['2016-03-05',   2,  69,  30],
['2016-03-06',   2,  66,  33],
['2016-03-07',   2,  66,  33],
['2016-03-08',   2,  66,  33],
['2016-03-09',   2,  66,  33],
['2016-03-10',   2,  62,  37],
['2016-03-11',   2,  56,  43],
['2016-03-12',   2,  55,  44],
['2016-03-13',   2,  63,  36],
['2016-03-14',   2,  65,  34],
['2016-03-15',   2,  64,  34],
['2016-03-16',   2,  62,  37],
['2016-03-17',   2,  49,  50],
['2016-03-18',   2,  50,  49],
['2016-03-19',   2,  56,  43],
['2016-03-20',   2,  64,  35],
['2016-03-21',   2,  64,  35],
['2016-03-22',   2,  64,  35],
['2016-03-23',   2,  60,  38],
['2016-03-24',   2,  56,  43],
['2016-03-25',   2,  56,  43],
['2016-03-26',   2,  56,  43],
['2016-03-27',   2,  64,  35],
['2016-03-28',   2,  64,  35],
['2016-03-29',   2,  64,  35],
['2016-03-30',   2,  64,  35],
['2016-03-31',   2,  51,  48],
['2016-04-01',   2,  56,  43],
['2016-04-02',   2,  57,  42],
['2016-04-03',   2,  64,  34],
['2016-04-04',   2,  64,  35],
['2016-04-05',   2,  64,  35],
['2016-04-06',   2,  60,  39],
['2016-04-07',   2,  49,  50],
['2016-04-08',   2,  54,  45],
['2016-04-09',   2,  54,  44],
['2016-04-10',   2,  61,  38],
['2016-04-11',   2,  64,  35],
['2016-04-12',   2,  64,  35],
['2016-04-13',   2,  62,  37],
['2016-04-14',   2,  51,  47],
['2016-04-15',   2,  58,  41],
['2016-04-16',   2,  59,  40],
['2016-04-17',   2,  64,  34],
['2016-04-18',   2,  64,  35],
['2016-04-19',   2,  64,  35],
['2016-04-20',   2,  64,  35],
['2016-04-21',   2,  58,  41],
['2016-04-22',   2,  57,  41],
['2016-04-23',   2,  57,  42],
['2016-04-24',   2,  64,  34],
['2016-04-25',   2,  64,  34],
['2016-04-26',   2,  64,  35],
['2016-04-27',   2,  51,  48],
['2016-04-28',   2,  44,  55],
['2016-04-29',   2,  53,  46],
['2016-04-30',   2,  54,  45],
['2016-05-01',   2,  64,  34],
['2016-05-02',   2,  64,  34],
['2016-05-03',   2,  64,  35],
['2016-05-04',   2,  54,  44],
['2016-05-05',   2,  50,  48],
['2016-05-06',   2,  55,  44],
['2016-05-07',   2,  55,  44],
['2016-05-08',   2,  64,  34],
['2016-05-09',   2,  64,  35],
['2016-05-10',   2,  64,  35],
['2016-05-11',   2,  64,  35],
['2016-05-12',   2,  52,  47],
['2016-05-13',   2,  55,  43],
['2016-05-14',   2,  55,  44],
['2016-05-15',   2,  57,  42],
['2016-05-16',   2,  54,  45],
['2016-05-17',   2,  56,  43],
['2016-05-18',   2,  52,  47],
['2016-05-19',   2,  49,  49],
['2016-05-20',   2,  48,  50],
['2016-05-21',   2,  54,  45],
['2016-05-22',   2,  56,  43],
['2016-05-23',   2,  63,  35],
['2016-05-24',   2,  64,  35],
['2016-05-25',   2,  63,  36],
['2016-05-26',   2,  50,  48],
['2016-05-27',   2,  48,  51],
['2016-05-28',   2,  54,  45],
['2016-05-29',   2,  60,  38],
['2016-05-30',   3,  62,  37],
['2016-05-31',   3,  62,  36],
['2016-06-01',   3,  62,  36],
['2016-06-02',   2,  54,  45],
['2016-06-03',   2,  51,  48],
['2016-06-04',   2,  50,  48],
['2016-06-05',   2,  55,  44],
['2016-06-06',   2,  58,  41],
['2016-06-07',   2,  58,  41],
['2016-06-08',   2,  50,  49],
['2016-06-09',   2,  49,  50],
['2016-06-10',   2,  53,  45],
['2016-06-11',   2,  57,  42],
['2016-06-12',   2,  63,  36],
['2016-06-13',   2,  64,  34],
['2016-06-14',   2,  64,  34],
['2016-06-15',   2,  53,  46],
['2016-06-16',   2,  47,  52],
['2016-06-17',   2,  56,  43],
['2016-06-18',   2,  53,  46],
['2016-06-19',   2,  63,  36],
['2016-06-20',   2,  63,  36],
['2016-06-21',   2,  63,  36],
['2016-06-22',   2,  63,  36],
['2016-06-23',   2,  63,  36],
['2016-06-24',   2,  62,  37],
['2016-06-25',   2,  60,  39],
['2016-06-26',   2,  60,  39],
['2016-06-27',   2,  54,  45],
['2016-06-28',   2,  53,  46],
['2016-06-29',   2,  46,  53],
['2016-06-30',   2,  45,  54],
['2016-07-01',   2,  56,  43],
['2016-07-02',   2,  55,  44],
['2016-07-03',   2,  61,  38],
['2016-07-04',   2,  64,  35],
['2016-07-05',   2,  65,  35],
['2016-07-06',   2,  54,  45],
['2016-07-07',   2,  50,  49],
['2016-07-08',   2,  54,  45],
['2016-07-09',   2,  53,  46],
['2016-07-10',   2,  58,  41],
['2016-07-11',   2,  60,  40],
['2016-07-12',   2,  63,  36],
['2016-07-13',   2,  63,  36],
['2016-07-14',   2,  59,  40],
['2016-07-15',   2,  54,  46],
['2016-07-16',   2,  54,  45],
['2016-07-17',   2,  65,  34],
['2016-07-18',   2,  65,  35],
['2016-07-19',   2,  64,  35],
['2016-07-20',   2,  50,  50],
['2016-07-21',   2,  46,  54],
['2016-07-22',   2,  54,  46],
['2016-07-23',   2,  53,  46],
['2016-07-24',   2,  63,  36],
['2016-07-25',   2,  65,  34],
['2016-07-26',   2,  65,  35],
['2016-07-27',   2,  51,  49],
['2016-07-28',   2,  48,  51],
['2016-07-29',   2,  56,  43],
['2016-07-30',   2,  50,  49],
['2016-07-31',   2,  62,  38],
['2016-08-01',   2,  59,  41],
['2016-08-02',   2,  63,  37],
['2016-08-03',   2,  64,  36],
['2016-08-04',   2,  51,  50],
['2016-08-05',   2,  48,  53],
['2016-08-06',   2,  55,  45],
['2016-08-07',   2,  67,  34],
['2016-08-08',   2,  64,  36],
['2016-08-09',   2,  66,  35],
['2016-08-10',   2,  52,  49],
['2016-08-11',   2,  48,  53],
['2016-08-12',   2,  43,  57],
['2016-08-13',   2,  52,  48],
['2016-08-14',   2,  59,  41],
['2016-08-15',   2,  64,  37],
['2016-08-16',   2,  62,  38],
['2016-08-17',   2,  65,  36],
['2016-08-18',   2,  60,  41],
['2016-08-19',   2,  49,  51],
['2016-08-20',   2,  49,  51],
['2016-08-21',   2,  53,  47],
['2016-08-22',   2,  58,  42],
['2016-08-23',   2,  62,  39],
['2016-08-24',   2,  62,  39],
['2016-08-25',   2,  58,  43],
['2016-08-26',   2,  53,  47],
['2016-08-27',   2,  57,  44],
['2016-08-28',   2,  58,  42],
['2016-08-29',   2,  60,  41],
['2016-08-30',   2,  68,  33],
['2016-08-31',   2,  56,  45],
['2016-09-01',   2,  48,  53],
['2016-09-02',   2,  50,  51],
['2016-09-03',   2,  52,  48],
['2016-09-04',   2,  66,  35],
['2016-09-05',   2,  66,  35],
['2016-09-06',   2,  66,  35],
['2016-09-07',   2,  63,  38],
['2016-09-08',   2,  54,  46],
['2016-09-09',   2,  56,  45],
['2016-09-10',   2,  52,  48],
['2016-09-11',   2,  63,  38],
['2016-09-12',   2,  63,  38],
['2016-09-13',   2,  62,  38],
['2016-09-14',   2,  62,  38],
['2016-09-15',   2,  59,  42],
['2016-09-16',   2,  58,  43],
['2016-09-17',   2,  61,  40],
['2016-09-18',   2,  68,  33],
['2016-09-19',   2,  66,  35],
['2016-09-20',   2,  66,  35],
['2016-09-21',   2,  66,  35],
['2016-09-22',   2,  66,  35],
['2016-09-23',   2,  68,  34],
['2016-09-24',   2,  59,  42],
['2016-09-25',   2,  55,  46],
['2016-09-26',   2,  52,  49],
['2016-09-27',   2,  54,  47],
['2016-09-28',   2,  45,  56],
['2016-09-29',   2,  42,  59],
['2016-09-30',   2,  45,  57],
['2016-10-01',   2,  56,  45],
['2016-10-02',   2,  68,  33],
['2016-10-03',   2,  63,  38],
['2016-10-04',   2,  63,  38],
['2016-10-05',   2,  63,  38],
['2016-10-06',   2,  58,  44],
['2016-10-07',   2,  54,  48],
['2016-10-08',   2,  55,  46],
['2016-10-09',   2,  53,  48],
['2016-10-10',   3,  49,  52],
['2016-10-11',   2,  41,  60],
['2016-10-12',   2,  56,  59],
['2016-10-13',   2,  57,  59],
['2016-10-14',   2,  63,  52],
['2016-10-15',   2,  63,  52],
['2016-10-16',   2,  71,  46],
['2016-10-17',   2,  73,  45],
['2016-10-18',   2,  74,  43],
['2016-10-19',   2,  73,  45],
['2016-10-20',   2,  66,  51],
['2016-10-21',   2,  42,  76],
['2016-10-22',   2,  39,  79],
['2016-10-23',   2,  35,  82],
['2016-10-24',   2,  34,  84],
['2016-10-25',   2,  34,  83],
['2016-10-26',   2,  35,  83],
['2016-10-27',   2,  35,  83],
['2016-10-28',   2,  50,  68],
['2016-10-29',   2,  50,  68],
['2016-10-30',   2,  49,  69],
['2016-10-31',   2,  45,  72],
['2016-11-01',   2,  39,  78],
['2016-11-02',   2,  40,  78],
['2016-11-03',   2,  41,  78],
['2016-11-04',   2,  47,  72],
['2016-11-05',   2,  52,  66],
['2016-11-06',   2,  80,  38],
['2016-11-07',   2,  83,  36],
['2016-11-08',   2,  82,  36],
['2016-11-09',   2,  65,  54],
['2016-11-10',   2,  52,  67],
['2016-11-11',   2,  53,  66],
['2016-11-12',   2,  53,  66],
['2016-11-13',   2,  54,  65],
['2016-11-14',   2,  44,  75],
['2016-11-15',   2,  43,  76],
['2016-11-16',   2,  43,  76],
['2016-11-17',   2,  42,  77],
['2016-11-18',   2,  51,  68],
['2016-11-19',   2,  51,  68],
['2016-11-20',   2,  51,  68],
['2016-11-21',   2,  48,  70],
['2016-11-22',   2,  41,  77],
['2016-11-23',   2,  41,  77],
['2016-11-24',   2,  41,  77],
['2016-11-25',   2,  51,  68],
['2016-11-26',   2,  51,  68],
['2016-11-27',   2,  51,  68],
['2016-11-28',   2,  51,  68],
['2016-11-29',   2,  49,  69],
['2016-11-30',   2,  45,  73],
['2016-12-01',   2,  46,  72],
['2016-12-02',   2,  51,  68],
['2016-12-03',   2,  51,  68],
['2016-12-04',   2,  83,  36],
['2016-12-05',   2,  81,  38],
['2016-12-06',   2,  81,  38],
['2016-12-07',   2,  79,  40],
['2016-12-08',   2,  71,  48],
['2016-12-09',   2,  58,  61],
['2016-12-10',   2,  57,  62],
['2016-12-11',   2,  54,  65],
['2016-12-12',   2,  49,  70],
['2016-12-13',   2,  45,  74],
['2016-12-14',   2,  45,  74],
['2016-12-15',   2,  45,  74],
['2016-12-16',   2,  52,  68],
['2016-12-17',   2,  51,  68],
['2016-12-18',   2,  51,  68],
['2016-12-19',   2,  52,  68],
['2016-12-20',   2,  49,  70],
['2016-12-21',   2,  49,  71],
['2016-12-22',   2,  49,  70],
['2016-12-23',   2,  52,  68],
['2016-12-24',   2,  52,  68],
['2016-12-25',   2,  51,  68],
['2016-12-26',   2,  40,  79],
['2016-12-27',   2,  42,  77],
['2016-12-28',   2,  42,  78],
['2016-12-29',   2,  41,  78],
['2016-12-30',   2,  50,  69],
['2016-12-31',   2,  50,  69],
['2017-01-01',   2,  50,  69],
['2017-01-02',   2,  49,  70],
['2017-01-03',   2,  48,  71],
['2017-01-04',   2,  44,  76],
['2017-01-05',   2,  49,  71],
['2017-01-06',   2,  52,  68],
['2017-01-07',   2,  56,  63],
['2017-01-08',   2,  85,  35],
['2017-01-09',   2,  85,  35],
['2017-01-10',   2,  85,  35],
['2017-01-11',   2,  82,  38],
['2017-01-12',   2,  65,  55],
['2017-01-13',   2,  61,  58],
['2017-01-14',   2,  59,  60],
['2017-01-15',   2,  58,  61],
['2017-01-16',   2,  55,  64],
['2017-01-17',   2,  50,  69],
['2017-01-18',   2,  49,  70],
['2017-01-19',   2,  49,  71],
['2017-01-20',   2,  53,  67],
['2017-01-21',   2,  53,  67],
['2017-01-22',   2,  53,  67],
['2017-01-23',   2,  49,  71],
['2017-01-24',   2,  50,  70],
['2017-01-25',   2,  48,  72],
['2017-01-26',   2,  50,  70],
['2017-01-27',   2,  52,  68],
['2017-01-28',   2,  52,  68],
['2017-01-29',   1,  52,  68],
['2017-01-30',   1,  52,  68],
['2017-01-31',   2,  50,  70],
['2017-02-01',   2,  50,  70],
['2017-02-02',   1,  49,  71],
['2017-02-03',   1,  52,  68],
['2017-02-04',   2,  58,  63],
['2017-02-05',   1,  80,  41],
['2017-02-06',   1,  78,  43],
['2017-02-07',   1,  79,  42],
['2017-02-08',   1,  79,  42],
['2017-02-09',   2,  61,  59],
['2017-02-10',   2,  64,  57],
['2017-02-11',   2,  61,  59],
['2017-02-12',   2,  60,  60],
['2017-02-13',   2,  54,  67],
['2017-02-14',   2,  55,  65],
['2017-02-15',   2,  49,  71],
['2017-02-16',   2,  49,  72],
['2017-02-17',   2,  54,  67],
['2017-02-18',   1,  54,  67],
['2017-02-19',   2,  53,  67],
['2017-02-20',   2,  53,  67],
['2017-02-21',   2,  48,  72],
['2017-02-22',   2,  48,  73],
['2017-02-23',   2,  48,  73],
['2017-02-24',   1,  50,  71],
['2017-02-25',   2,  53,  68],
['2017-02-26',   2,  53,  68],
['2017-02-27',   2,  45,  75],
['2017-02-28',   2,  46,  75],
['2017-03-01',   2,  46,  75],
['2017-03-02',   1,  46,  75],
['2017-03-03',   1,  52,  69],
['2017-03-04',   2,  59,  62],
['2017-03-05',   1,  69,  52],
['2017-03-06',   1,  80,  41],
['2017-03-07',   1,  83,  39],
['2017-03-08',   1,  65,  56],
['2017-03-09',   2,  56,  65],
['2017-03-10',   2,  59,  62],
['2017-03-11',   2,  59,  62],
['2017-03-12',   2,  59,  62],
['2017-03-13',   2,  58,  63],
['2017-03-14',   2,  53,  68],
['2017-03-15',   2,  51,  69],
['2017-03-16',   2,  51,  71],
['2017-03-17',   2,  54,  68],
['2017-03-18',   1,  54,  68],
['2017-03-19',   2,  53,  68],
['2017-03-20',   2,  41,  80],
['2017-03-21',   2,  41,  80],
['2017-03-22',   2,  41,  80],
['2017-03-23',   2,  41,  80],
['2017-03-24',   2,  51,  70],
['2017-03-25',   2,  53,  68],
['2017-03-26',   2,  53,  68],
['2017-03-27',   2,  51,  70],
['2017-03-28',   2,  51,  70],
['2017-03-29',   2,  49,  72],
['2017-03-30',   2,  49,  72],
['2017-03-31',   2,  52,  69],
['2017-04-01',   2,  55,  66],
['2017-04-02',   2,  68,  53],
['2017-04-03',   2,  82,  39],
['2017-04-04',   2,  83,  38],
['2017-04-05',   2,  73,  48],
['2017-04-06',   2,  64,  57],
['2017-04-07',   2,  59,  62],
['2017-04-08',   2,  62,  59],
['2017-04-09',   2,  61,  60],
['2017-04-10',   2,  51,  71],
['2017-04-11',   2,  48,  73],
['2017-04-12',   2,  48,  74],
['2017-04-13',   2,  50,  72],
['2017-04-14',   2,  49,  72],
['2017-04-15',   2,  55,  67],
['2017-04-16',   2,  54,  67],
['2017-04-17',   2,  51,  70],
['2017-04-18',   2,  51,  70],
['2017-04-19',   2,  49,  72],
['2017-04-20',   2,  51,  70],
['2017-04-21',   2,  52,  70],
['2017-04-22',   2,  54,  67],
['2017-04-23',   2,  54,  67],
['2017-04-24',   2,  54,  68],
['2017-04-25',   2,  50,  71],
['2017-04-26',   2,  50,  72],
['2017-04-27',   2,  50,  72],
['2017-04-28',   2,  50,  71],
['2017-04-29',   2,  52,  69],
['2017-04-30',   2,  54,  68],
['2017-05-01',   2,  51,  71],
['2017-05-02',   2,  49,  72],
['2017-05-03',   2,  47,  74],
['2017-05-04',   2,  47,  74],
['2017-05-05',   2,  49,  72],
['2017-05-06',   2,  53,  69],
['2017-05-07',   2,  70,  52],
['2017-05-08',   2,  74,  48],
['2017-05-09',   2,  78,  44],
['2017-05-10',   2,  69,  52],
['2017-05-11',   2,  61,  61],
['2017-05-12',   2,  66,  56],
['2017-05-13',   2,  57,  65],
['2017-05-14',   2,  59,  63],
['2017-05-15',   2,  58,  64],
['2017-05-16',   2,  55,  67],
['2017-05-17',   2,  51,  71],
['2017-05-18',   2,  50,  71],
['2017-05-19',   2,  52,  69],
['2017-05-20',   2,  53,  68],
['2017-05-21',   2,  53,  69],
['2017-05-22',   2,  41,  81],
['2017-05-23',   2,  44,  78],
['2017-05-24',   2,  44,  78],
['2017-05-25',   2,  44,  78],
['2017-05-26',   2,  52,  70],
['2017-05-27',   2,  54,  68],
['2017-05-28',   2,  54,  68],
['2017-05-29',   2,  43,  79],
['2017-05-30',   2,  44,  78],
['2017-05-31',   2,  44,  78],
['2017-06-01',   2,  44,  78],
['2017-06-02',   2,  50,  72],
['2017-06-03',   2,  58,  64],
['2017-06-04',   2,  82,  40],
['2017-06-05',   2,  87,  36],
['2017-06-06',   2,  86,  36],
['2017-06-07',   2,  82,  40],
['2017-06-08',   2,  61,  61],
['2017-06-09',   2,  50,  72],
['2017-06-10',   2,  46,  76],
['2017-06-11',   2,  54,  69],
['2017-06-12',   2,  48,  75],
['2017-06-13',   2,  49,  74],
['2017-06-14',   2,  49,  74],
['2017-06-15',   2,  48,  75],
['2017-06-16',   2,  50,  73],
['2017-06-17',   2,  54,  69],
['2017-06-18',   2,  54,  69],
['2017-06-19',   2,  54,  69],
['2017-06-20',   2,  48,  75],
['2017-06-21',   2,  48,  75],
['2017-06-22',   2,  47,  76],
['2017-06-23',   2,  51,  72],
['2017-06-24',   2,  51,  72],
['2017-06-25',   2,  54,  69],
['2017-06-26',   1,  54,  69],
['2017-06-27',   1,  53,  71],
['2017-06-28',   2,  52,  72],
['2017-06-29',   1,  50,  74],
['2017-06-30',   1,  54,  69],
['2017-07-01',   1,  59,  65],
['2017-07-02',   1,  81,  43],
['2017-07-03',   1,  84,  40],
['2017-07-04',   1,  82,  42],
['2017-07-05',   1,  82,  42],
['2017-07-06',   1,  58,  66],
['2017-07-07',   1,  60,  64],
['2017-07-08',   1,  62,  62],
['2017-07-09',   1,  62,  62],
['2017-07-10',   1,  55,  69],
['2017-07-11',   1,  52,  71],
['2017-07-12',   2,  54,  70],
['2017-07-13',   2,  51,  73],
['2017-07-14',   2,  53,  71],
['2017-07-15',   1,  56,  68],
['2017-07-16',   1,  56,  68],
['2017-07-17',   1,  56,  68],
['2017-07-18',   2,  55,  69],
['2017-07-19',   1,  52,  72],
['2017-07-20',   1,  55,  69],
['2017-07-21',   1,  57,  67],
['2017-07-22',   1,  57,  67],
['2017-07-23',   1,  57,  68],
['2017-07-24',   1,  50,  75],
['2017-07-25',   2,  47,  78],
['2017-07-26',   2,  46,  78],
['2017-07-27',   1,  49,  78],
['2017-07-28',   1,  58,  69],
['2017-07-29',   1,  58,  69],
['2017-07-30',   1,  58,  68],
['2017-07-31',   1,  53,  74],
['2017-08-01',   1,  52,  75],
['2017-08-02',   1,  50,  77],
['2017-08-03',   1,  51,  76],
['2017-08-04',   1,  55,  72],
['2017-08-05',   1,  61,  66],
['2017-08-06',   1,  81,  46],
['2017-08-07',   1,  86,  41],
['2017-08-08',   1,  88,  39],
['2017-08-09',   1,  79,  48],
['2017-08-10',   1,  58,  68],
['2017-08-11',   1,  62,  65],
['2017-08-12',   1,  60,  67],
['2017-08-13',   1,  60,  67],
['2017-08-14',   1,  50,  77],
['2017-08-15',   1,  46,  81],
['2017-08-16',   1,  49,  79],
['2017-08-17',   1,  48,  79],
['2017-08-18',   1,  53,  74],
['2017-08-19',   1,  58,  70],
['2017-08-20',   1,  58,  70],
['2017-08-21',   1,  57,  70],
['2017-08-22',   1,  53,  74],
['2017-08-23',   1,  52,  75],
['2017-08-24',   1,  53,  74],
['2017-08-25',   1,  57,  70],
['2017-08-26',   1,  58,  70],
['2017-08-27',   1,  58,  70],
['2017-08-28',   2,  58,  69],
['2017-08-29',   1,  56,  72],
['2017-08-30',   1,  53,  75],
['2017-08-31',   1,  52,  75],
['2017-09-01',   1,  55,  72],
['2017-09-02',   1,  60,  68],
['2017-09-03',   1,  82,  46],
['2017-09-04',   1,  84,  44],
['2017-09-05',   1,  83,  44],
['2017-09-06',   1,  83,  45],
['2017-09-07',   1,  64,  64],
['2017-09-08',   1,  63,  64],
['2017-09-09',   1,  63,  65],
['2017-09-10',   1,  63,  65],
['2017-09-11',   1,  49,  79],
['2017-09-12',   1,  49,  79],
['2017-09-13',   1,  49,  79],
['2017-09-14',   1,  48,  80],
['2017-09-15',   1,  58,  70],
['2017-09-16',   1,  58,  70],
['2017-09-17',   1,  59,  69],
['2017-09-18',   1,  59,  69],
['2017-09-19',   1,  55,  73],
['2017-09-20',   1,  55,  73],
['2017-09-21',   1,  52,  76],
['2017-09-22',   1,  47,  82],
['2017-09-23',   1,  39,  90],
['2017-09-24',   1,  39,  90],
['2017-09-25',   2,  38,  90],
['2017-09-26',   2,  38,  90],
['2017-09-27',   2,  37,  91],
['2017-09-28',   2,  37,  91],
['2017-09-29',   2,  37,  92],
['2017-09-30',   2,  37,  92],
['2017-10-01',   2,  37,  92],
['2017-10-02',   1,  37,  92],
['2017-10-03',   1,  37,  92],
['2017-10-04',   1,  36,  93],
['2017-10-05',   1,  36,  93],
['2017-10-06',   1,  36,  93],
['2017-10-07',   1,  44,  84],
['2017-10-08',   1,  42,  87],
['2017-10-09',   1,  42,  87],
['2017-10-10',   1,  42,  86],
['2017-10-11',   1,  39,  90],
['2017-10-12',   2,  38,  91],
['2017-10-13',   1,  38,  91],
['2017-10-14',   1,  38,  92],
['2017-10-15',   1,  38,  92],
['2017-10-16',   2,  37,  92],
['2017-10-17',   2,  37,  92],
['2017-10-18',   1,  37,  93],
['2017-10-19',   1,  36,  93],
['2017-10-20',   1,  36,  93],
['2017-10-21',   1,  36,  93],
['2017-10-22',   1,  37,  93],
['2017-10-23',   1,  37,  93],
['2017-10-24',   1,  43,  86],
['2017-10-25',   1,  67,  62],
['2017-10-26',   1,  96,  34],
['2017-10-27',   0,  99,  31],
['2017-10-28',   0,  99,  31],
['2017-10-29',   0,  99,  31],
['2017-10-30',   0,  57,  73],
['2017-10-31',   0,  49,  82],
['2017-11-01',   0,  43,  88],
['2017-11-02',   0,  37,  94],
['2017-11-03',   0,  32,  99],
['2017-11-04',   0,  30,  101],
['2017-11-05',   0,  30,  101],
['2017-11-06',   0,  29,  101],
['2017-11-07',   0,  28,  103],
['2017-11-08',   0,  26,  105],
['2017-11-09',   0,  25,  106],
['2017-11-10',   0,  23,  108],
['2017-11-11',   0,  23,  108],
['2017-11-12',   0,  20,  111],
['2017-11-13',   0,  19,  111],
['2017-11-14',   0,  19,  112],
['2017-11-15',   0,  19,  112]
        ]);
        var options = {
          title: 'VMAX FAST association report for pgaidb01_SG',
          chartArea:{left:50,top:50},vAxis:{title:'Gigabytes'},hAxis:{title:'DateTime'}
        };

        var chart = new google.visualization.LineChart(document.getElementById('chart_div'));
        chart.draw(data, options);
      }
    </script>
  </head>
  <body>
    <div id="chart_div" style="width: 1500px; height: 900px;"></div>
  </body>
</html>


^Date^EFD^FC^SATA^
|2017-11-15|0|19|112|
|2017-11-14|0|19|112|
|2017-11-13|0|19|111|
|2017-11-12|0|20|111|
|2017-11-11|0|23|108|
|2017-11-10|0|23|108|
|2017-11-09|0|25|106|
|2017-11-08|0|26|105|
|2017-11-07|0|28|103|
|2017-11-06|0|29|101|
|2017-11-05|0|30|101|
|2017-11-04|0|30|101|
|2017-11-03|0|32|99|
|2017-11-02|0|37|94|
|2017-11-01|0|43|88|
|2017-10-31|0|49|82|
|2017-10-30|0|57|73|
|2017-10-29|0|99|31|
|2017-10-28|0|99|31|
|2017-10-27|0|99|31|
|2017-10-26|1|96|34|
|2017-10-25|1|67|62|
|2017-10-24|1|43|86|
|2017-10-23|1|37|93|
|2017-10-22|1|37|93|
|2017-10-21|1|36|93|
|2017-10-20|1|36|93|
|2017-10-19|1|36|93|
|2017-10-18|1|37|93|
|2017-10-17|2|37|92|
|2017-10-16|2|37|92|
|2017-10-15|1|38|92|
|2017-10-14|1|38|92|
|2017-10-13|1|38|91|
|2017-10-12|2|38|91|
|2017-10-11|1|39|90|
|2017-10-10|1|42|86|
|2017-10-09|1|42|87|
|2017-10-08|1|42|87|
|2017-10-07|1|44|84|
|2017-10-06|1|36|93|
|2017-10-05|1|36|93|
|2017-10-04|1|36|93|
|2017-10-03|1|37|92|
|2017-10-02|1|37|92|
|2017-10-01|2|37|92|
|2017-09-30|2|37|92|
|2017-09-29|2|37|92|
|2017-09-28|2|37|91|
|2017-09-27|2|37|91|
|2017-09-26|2|38|90|
|2017-09-25|2|38|90|
|2017-09-24|1|39|90|
|2017-09-23|1|39|90|
|2017-09-22|1|47|82|
|2017-09-21|1|52|76|
|2017-09-20|1|55|73|
|2017-09-19|1|55|73|
|2017-09-18|1|59|69|
|2017-09-17|1|59|69|
|2017-09-16|1|58|70|
|2017-09-15|1|58|70|
|2017-09-14|1|48|80|
|2017-09-13|1|49|79|
|2017-09-12|1|49|79|
|2017-09-11|1|49|79|
|2017-09-10|1|63|65|
|2017-09-09|1|63|65|
|2017-09-08|1|63|64|
|2017-09-07|1|64|64|
|2017-09-06|1|83|45|
|2017-09-05|1|83|44|
|2017-09-04|1|84|44|
|2017-09-03|1|82|46|
|2017-09-02|1|60|68|
|2017-09-01|1|55|72|
|2017-08-31|1|52|75|
|2017-08-30|1|53|75|
|2017-08-29|1|56|72|
|2017-08-28|2|58|69|
|2017-08-27|1|58|70|
|2017-08-26|1|58|70|
|2017-08-25|1|57|70|
|2017-08-24|1|53|74|
|2017-08-23|1|52|75|
|2017-08-22|1|53|74|
|2017-08-21|1|57|70|
|2017-08-20|1|58|70|
|2017-08-19|1|58|70|
|2017-08-18|1|53|74|
|2017-08-17|1|48|79|
|2017-08-16|1|49|79|
|2017-08-15|1|46|81|
|2017-08-14|1|50|77|
|2017-08-13|1|60|67|
|2017-08-12|1|60|67|
|2017-08-11|1|62|65|
|2017-08-10|1|58|68|
|2017-08-09|1|79|48|
|2017-08-08|1|88|39|
|2017-08-07|1|86|41|
|2017-08-06|1|81|46|
|2017-08-05|1|61|66|
|2017-08-04|1|55|72|
|2017-08-03|1|51|76|
|2017-08-02|1|50|77|
|2017-08-01|1|52|75|
|2017-07-31|1|53|74|
|2017-07-30|1|58|68|
|2017-07-29|1|58|69|
|2017-07-28|1|58|69|
|2017-07-27|1|49|78|
|2017-07-26|2|46|78|
|2017-07-25|2|47|78|
|2017-07-24|1|50|75|
|2017-07-23|1|57|68|
|2017-07-22|1|57|67|
|2017-07-21|1|57|67|
|2017-07-20|1|55|69|
|2017-07-19|1|52|72|
|2017-07-18|2|55|69|
|2017-07-17|1|56|68|
|2017-07-16|1|56|68|
|2017-07-15|1|56|68|
|2017-07-14|2|53|71|
|2017-07-13|2|51|73|
|2017-07-12|2|54|70|
|2017-07-11|1|52|71|
|2017-07-10|1|55|69|
|2017-07-09|1|62|62|
|2017-07-08|1|62|62|
|2017-07-07|1|60|64|
|2017-07-06|1|58|66|
|2017-07-05|1|82|42|
|2017-07-04|1|82|42|
|2017-07-03|1|84|40|
|2017-07-02|1|81|43|
|2017-07-01|1|59|65|
|2017-06-30|1|54|69|
|2017-06-29|1|50|74|
|2017-06-28|2|52|72|
|2017-06-27|1|53|71|
|2017-06-26|1|54|69|
|2017-06-25|2|54|69|
|2017-06-24|2|51|72|
|2017-06-23|2|51|72|
|2017-06-22|2|47|76|
|2017-06-21|2|48|75|
|2017-06-20|2|48|75|
|2017-06-19|2|54|69|
|2017-06-18|2|54|69|
|2017-06-17|2|54|69|
|2017-06-16|2|50|73|
|2017-06-15|2|48|75|
|2017-06-14|2|49|74|
|2017-06-13|2|49|74|
|2017-06-12|2|48|75|
|2017-06-11|2|54|69|
|2017-06-10|2|46|76|
|2017-06-09|2|50|72|
|2017-06-08|2|61|61|
|2017-06-07|2|82|40|
|2017-06-06|2|86|36|
|2017-06-05|2|87|36|
|2017-06-04|2|82|40|
|2017-06-03|2|58|64|
|2017-06-02|2|50|72|
|2017-06-01|2|44|78|
|2017-05-31|2|44|78|
|2017-05-30|2|44|78|
|2017-05-29|2|43|79|
|2017-05-28|2|54|68|
|2017-05-27|2|54|68|
|2017-05-26|2|52|70|
|2017-05-25|2|44|78|
|2017-05-24|2|44|78|
|2017-05-23|2|44|78|
|2017-05-22|2|41|81|
|2017-05-21|2|53|69|
|2017-05-20|2|53|68|
|2017-05-19|2|52|69|
|2017-05-18|2|50|71|
|2017-05-17|2|51|71|
|2017-05-16|2|55|67|
|2017-05-15|2|58|64|
|2017-05-14|2|59|63|
|2017-05-13|2|57|65|
|2017-05-12|2|66|56|
|2017-05-11|2|61|61|
|2017-05-10|2|69|52|
|2017-05-09|2|78|44|
|2017-05-08|2|74|48|
|2017-05-07|2|70|52|
|2017-05-06|2|53|69|
|2017-05-05|2|49|72|
|2017-05-04|2|47|74|
|2017-05-03|2|47|74|
|2017-05-02|2|49|72|
|2017-05-01|2|51|71|
|2017-04-30|2|54|68|
|2017-04-29|2|52|69|
|2017-04-28|2|50|71|
|2017-04-27|2|50|72|
|2017-04-26|2|50|72|
|2017-04-25|2|50|71|
|2017-04-24|2|54|68|
|2017-04-23|2|54|67|
|2017-04-22|2|54|67|
|2017-04-21|2|52|70|
|2017-04-20|2|51|70|
|2017-04-19|2|49|72|
|2017-04-18|2|51|70|
|2017-04-17|2|51|70|
|2017-04-16|2|54|67|
|2017-04-15|2|55|67|
|2017-04-14|2|49|72|
|2017-04-13|2|50|72|
|2017-04-12|2|48|74|
|2017-04-11|2|48|73|
|2017-04-10|2|51|71|
|2017-04-09|2|61|60|
|2017-04-08|2|62|59|
|2017-04-07|2|59|62|
|2017-04-06|2|64|57|
|2017-04-05|2|73|48|
|2017-04-04|2|83|38|
|2017-04-03|2|82|39|
|2017-04-02|2|68|53|
|2017-04-01|2|55|66|
|2017-03-31|2|52|69|
|2017-03-30|2|49|72|
|2017-03-29|2|49|72|
|2017-03-28|2|51|70|
|2017-03-27|2|51|70|
|2017-03-26|2|53|68|
|2017-03-25|2|53|68|
|2017-03-24|2|51|70|
|2017-03-23|2|41|80|
|2017-03-22|2|41|80|
|2017-03-21|2|41|80|
|2017-03-20|2|41|80|
|2017-03-19|2|53|68|
|2017-03-18|1|54|68|
|2017-03-17|2|54|68|
|2017-03-16|2|51|71|
|2017-03-15|2|51|69|
|2017-03-14|2|53|68|
|2017-03-13|2|58|63|
|2017-03-12|2|59|62|
|2017-03-11|2|59|62|
|2017-03-10|2|59|62|
|2017-03-09|2|56|65|
|2017-03-08|1|65|56|
|2017-03-07|1|83|39|
|2017-03-06|1|80|41|
|2017-03-05|1|69|52|
|2017-03-04|2|59|62|
|2017-03-03|1|52|69|
|2017-03-02|1|46|75|
|2017-03-01|2|46|75|
|2017-02-28|2|46|75|
|2017-02-27|2|45|75|
|2017-02-26|2|53|68|
|2017-02-25|2|53|68|
|2017-02-24|1|50|71|
|2017-02-23|2|48|73|
|2017-02-22|2|48|73|
|2017-02-21|2|48|72|
|2017-02-20|2|53|67|
|2017-02-19|2|53|67|
|2017-02-18|1|54|67|
|2017-02-17|2|54|67|
|2017-02-16|2|49|72|
|2017-02-15|2|49|71|
|2017-02-14|2|55|65|
|2017-02-13|2|54|67|
|2017-02-12|2|60|60|
|2017-02-11|2|61|59|
|2017-02-10|2|64|57|
|2017-02-09|2|61|59|
|2017-02-08|1|79|42|
|2017-02-07|1|79|42|
|2017-02-06|1|78|43|
|2017-02-05|1|80|41|
|2017-02-04|2|58|63|
|2017-02-03|1|52|68|
|2017-02-02|1|49|71|
|2017-02-01|2|50|70|
|2017-01-31|2|50|70|
|2017-01-30|1|52|68|
|2017-01-29|1|52|68|
|2017-01-28|2|52|68|
|2017-01-27|2|52|68|
|2017-01-26|2|50|70|
|2017-01-25|2|48|72|
|2017-01-24|2|50|70|
|2017-01-23|2|49|71|
|2017-01-22|2|53|67|
|2017-01-21|2|53|67|
|2017-01-20|2|53|67|
|2017-01-19|2|49|71|
|2017-01-18|2|49|70|
|2017-01-17|2|50|69|
|2017-01-16|2|55|64|
|2017-01-15|2|58|61|
|2017-01-14|2|59|60|
|2017-01-13|2|61|58|
|2017-01-12|2|65|55|
|2017-01-11|2|82|38|
|2017-01-10|2|85|35|
|2017-01-09|2|85|35|
|2017-01-08|2|85|35|
|2017-01-07|2|56|63|
|2017-01-06|2|52|68|
|2017-01-05|2|49|71|
|2017-01-04|2|44|76|
|2017-01-03|2|48|71|
|2017-01-02|2|49|70|
|2017-01-01|2|50|69|
|2016-12-31|2|50|69|
|2016-12-30|2|50|69|
|2016-12-29|2|41|78|
|2016-12-28|2|42|78|
|2016-12-27|2|42|77|
|2016-12-26|2|40|79|
|2016-12-25|2|51|68|
|2016-12-24|2|52|68|
|2016-12-23|2|52|68|
|2016-12-22|2|49|70|
|2016-12-21|2|49|71|
|2016-12-20|2|49|70|
|2016-12-19|2|52|68|
|2016-12-18|2|51|68|
|2016-12-17|2|51|68|
|2016-12-16|2|52|68|
|2016-12-15|2|45|74|
|2016-12-14|2|45|74|
|2016-12-13|2|45|74|
|2016-12-12|2|49|70|
|2016-12-11|2|54|65|
|2016-12-10|2|57|62|
|2016-12-09|2|58|61|
|2016-12-08|2|71|48|
|2016-12-07|2|79|40|
|2016-12-06|2|81|38|
|2016-12-05|2|81|38|
|2016-12-04|2|83|36|
|2016-12-03|2|51|68|
|2016-12-02|2|51|68|
|2016-12-01|2|46|72|
|2016-11-30|2|45|73|
|2016-11-29|2|49|69|
|2016-11-28|2|51|68|
|2016-11-27|2|51|68|
|2016-11-26|2|51|68|
|2016-11-25|2|51|68|
|2016-11-24|2|41|77|
|2016-11-23|2|41|77|
|2016-11-22|2|41|77|
|2016-11-21|2|48|70|
|2016-11-20|2|51|68|
|2016-11-19|2|51|68|
|2016-11-18|2|51|68|
|2016-11-17|2|42|77|
|2016-11-16|2|43|76|
|2016-11-15|2|43|76|
|2016-11-14|2|44|75|
|2016-11-13|2|54|65|
|2016-11-12|2|53|66|
|2016-11-11|2|53|66|
|2016-11-10|2|52|67|
|2016-11-09|2|65|54|
|2016-11-08|2|82|36|
|2016-11-07|2|83|36|
|2016-11-06|2|80|38|
|2016-11-05|2|52|66|
|2016-11-04|2|47|72|
|2016-11-03|2|41|78|
|2016-11-02|2|40|78|
|2016-11-01|2|39|78|
|2016-10-31|2|45|72|
|2016-10-30|2|49|69|
|2016-10-29|2|50|68|
|2016-10-28|2|50|68|
|2016-10-27|2|35|83|
|2016-10-26|2|35|83|
|2016-10-25|2|34|83|
|2016-10-24|2|34|84|
|2016-10-23|2|35|82|
|2016-10-22|2|39|79|
|2016-10-21|2|42|76|
|2016-10-20|2|66|51|
|2016-10-19|2|73|45|
|2016-10-18|2|74|43|
|2016-10-17|2|73|45|
|2016-10-16|2|71|46|
|2016-10-15|2|63|52|
|2016-10-14|2|63|52|
|2016-10-13|2|57|59|
|2016-10-12|2|56|59|
|2016-10-11|2|41|60|
|2016-10-10|3|49|52|
|2016-10-09|2|53|48|
|2016-10-08|2|55|46|
|2016-10-07|2|54|48|
|2016-10-06|2|58|44|
|2016-10-05|2|63|38|
|2016-10-04|2|63|38|
|2016-10-03|2|63|38|
|2016-10-02|2|68|33|
|2016-10-01|2|56|45|
|2016-09-30|2|45|57|
|2016-09-29|2|42|59|
|2016-09-28|2|45|56|
|2016-09-27|2|54|47|
|2016-09-26|2|52|49|
|2016-09-25|2|55|46|
|2016-09-24|2|59|42|
|2016-09-23|2|68|34|
|2016-09-22|2|66|35|
|2016-09-21|2|66|35|
|2016-09-20|2|66|35|
|2016-09-19|2|66|35|
|2016-09-18|2|68|33|
|2016-09-17|2|61|40|
|2016-09-16|2|58|43|
|2016-09-15|2|59|42|
|2016-09-14|2|62|38|
|2016-09-13|2|62|38|
|2016-09-12|2|63|38|
|2016-09-11|2|63|38|
|2016-09-10|2|52|48|
|2016-09-09|2|56|45|
|2016-09-08|2|54|46|
|2016-09-07|2|63|38|
|2016-09-06|2|66|35|
|2016-09-05|2|66|35|
|2016-09-04|2|66|35|
|2016-09-03|2|52|48|
|2016-09-02|2|50|51|
|2016-09-01|2|48|53|
|2016-08-31|2|56|45|
|2016-08-30|2|68|33|
|2016-08-29|2|60|41|
|2016-08-28|2|58|42|
|2016-08-27|2|57|44|
|2016-08-26|2|53|47|
|2016-08-25|2|58|43|
|2016-08-24|2|62|39|
|2016-08-23|2|62|39|
|2016-08-22|2|58|42|
|2016-08-21|2|53|47|
|2016-08-20|2|49|51|
|2016-08-19|2|49|51|
|2016-08-18|2|60|41|
|2016-08-17|2|65|36|
|2016-08-16|2|62|38|
|2016-08-15|2|64|37|
|2016-08-14|2|59|41|
|2016-08-13|2|52|48|
|2016-08-12|2|43|57|
|2016-08-11|2|48|53|
|2016-08-10|2|52|49|
|2016-08-09|2|66|35|
|2016-08-08|2|64|36|
|2016-08-07|2|67|34|
|2016-08-06|2|55|45|
|2016-08-05|2|48|53|
|2016-08-04|2|51|50|
|2016-08-03|2|64|36|
|2016-08-02|2|63|37|
|2016-08-01|2|59|41|
|2016-07-31|2|62|38|
|2016-07-30|2|50|49|
|2016-07-29|2|56|43|
|2016-07-28|2|48|51|
|2016-07-27|2|51|49|
|2016-07-26|2|65|35|
|2016-07-25|2|65|34|
|2016-07-24|2|63|36|
|2016-07-23|2|53|46|
|2016-07-22|2|54|46|
|2016-07-21|2|46|54|
|2016-07-20|2|50|50|
|2016-07-19|2|64|35|
|2016-07-18|2|65|35|
|2016-07-17|2|65|34|
|2016-07-16|2|54|45|
|2016-07-15|2|54|46|
|2016-07-14|2|59|40|
|2016-07-13|2|63|36|
|2016-07-12|2|63|36|
|2016-07-11|2|60|40|
|2016-07-10|2|58|41|
|2016-07-09|2|53|46|
|2016-07-08|2|54|45|
|2016-07-07|2|50|49|
|2016-07-06|2|54|45|
|2016-07-05|2|65|35|
|2016-07-04|2|64|35|
|2016-07-03|2|61|38|
|2016-07-02|2|55|44|
|2016-07-01|2|56|43|
|2016-06-30|2|45|54|
|2016-06-29|2|46|53|
|2016-06-28|2|53|46|
|2016-06-27|2|54|45|
|2016-06-26|2|60|39|
|2016-06-25|2|60|39|
|2016-06-24|2|62|37|
|2016-06-23|2|63|36|
|2016-06-22|2|63|36|
|2016-06-21|2|63|36|
|2016-06-20|2|63|36|
|2016-06-19|2|63|36|
|2016-06-18|2|53|46|
|2016-06-17|2|56|43|
|2016-06-16|2|47|52|
|2016-06-15|2|53|46|
|2016-06-14|2|64|34|
|2016-06-13|2|64|34|
|2016-06-12|2|63|36|
|2016-06-11|2|57|42|
|2016-06-10|2|53|45|
|2016-06-09|2|49|50|
|2016-06-08|2|50|49|
|2016-06-07|2|58|41|
|2016-06-06|2|58|41|
|2016-06-05|2|55|44|
|2016-06-04|2|50|48|
|2016-06-03|2|51|48|
|2016-06-02|2|54|45|
|2016-06-01|3|62|36|
|2016-05-31|3|62|36|
|2016-05-30|3|62|37|
|2016-05-29|2|60|38|
|2016-05-28|2|54|45|
|2016-05-27|2|48|51|
|2016-05-26|2|50|48|
|2016-05-25|2|63|36|
|2016-05-24|2|64|35|
|2016-05-23|2|63|35|
|2016-05-22|2|56|43|
|2016-05-21|2|54|45|
|2016-05-20|2|48|50|
|2016-05-19|2|49|49|
|2016-05-18|2|52|47|
|2016-05-17|2|56|43|
|2016-05-16|2|54|45|
|2016-05-15|2|57|42|
|2016-05-14|2|55|44|
|2016-05-13|2|55|43|
|2016-05-12|2|52|47|
|2016-05-11|2|64|35|
|2016-05-10|2|64|35|
|2016-05-09|2|64|35|
|2016-05-08|2|64|34|
|2016-05-07|2|55|44|
|2016-05-06|2|55|44|
|2016-05-05|2|50|48|
|2016-05-04|2|54|44|
|2016-05-03|2|64|35|
|2016-05-02|2|64|34|
|2016-05-01|2|64|34|
|2016-04-30|2|54|45|
|2016-04-29|2|53|46|
|2016-04-28|2|44|55|
|2016-04-27|2|51|48|
|2016-04-26|2|64|35|
|2016-04-25|2|64|34|
|2016-04-24|2|64|34|
|2016-04-23|2|57|42|
|2016-04-22|2|57|41|
|2016-04-21|2|58|41|
|2016-04-20|2|64|35|
|2016-04-19|2|64|35|
|2016-04-18|2|64|35|
|2016-04-17|2|64|34|
|2016-04-16|2|59|40|
|2016-04-15|2|58|41|
|2016-04-14|2|51|47|
|2016-04-13|2|62|37|
|2016-04-12|2|64|35|
|2016-04-11|2|64|35|
|2016-04-10|2|61|38|
|2016-04-09|2|54|44|
|2016-04-08|2|54|45|
|2016-04-07|2|49|50|
|2016-04-06|2|60|39|
|2016-04-05|2|64|35|
|2016-04-04|2|64|35|
|2016-04-03|2|64|34|
|2016-04-02|2|57|42|
|2016-04-01|2|56|43|
|2016-03-31|2|51|48|
|2016-03-30|2|64|35|
|2016-03-29|2|64|35|
|2016-03-28|2|64|35|
|2016-03-27|2|64|35|
|2016-03-26|2|56|43|
|2016-03-25|2|56|43|
|2016-03-24|2|56|43|
|2016-03-23|2|60|38|
|2016-03-22|2|64|35|
|2016-03-21|2|64|35|
|2016-03-20|2|64|35|
|2016-03-19|2|56|43|
|2016-03-18|2|50|49|
|2016-03-17|2|49|50|
|2016-03-16|2|62|37|
|2016-03-15|2|64|34|
|2016-03-14|2|65|34|
|2016-03-13|2|63|36|
|2016-03-12|2|55|44|
|2016-03-11|2|56|43|
|2016-03-10|2|62|37|
|2016-03-09|2|66|33|
|2016-03-08|2|66|33|
|2016-03-07|2|66|33|
|2016-03-06|2|66|33|
|2016-03-05|2|69|30|
|2016-03-04|2|70|29|
|2016-03-03|2|70|30|
|2016-03-02|2|71|29|
|2016-03-01|2|71|28|
|2016-02-29|2|71|28|
|2016-02-28|2|71|28|
|2016-02-27|2|71|28|
|2016-02-26|2|71|28|
|2016-02-25|2|71|28|
|2016-02-24|2|72|27|
|2016-02-23|2|72|27|
|2016-02-22|2|71|28|
|2016-02-21|2|70|29|
|2016-02-20|2|62|37|
|2016-02-19|2|55|44|
|2016-02-18|2|62|37|
|2016-02-17|2|71|28|
|2016-02-16|2|71|27|
|2016-02-15|2|71|27|
|2016-02-14|2|71|28|
|2016-02-13|2|67|32|
|2016-02-12|2|60|39|
|2016-02-11|2|60|39|
|2016-02-10|2|67|32|
|2016-02-09|2|71|28|
|2016-02-08|2|71|28|
|2016-02-07|2|69|30|
|2016-02-06|2|61|38|
|2016-02-05|2|50|49|
|2016-02-04|2|55|44|
|2016-02-03|2|69|30|
|2016-02-02|2|70|29|
|2016-02-01|2|64|35|
|2016-01-31|2|60|39|
|2016-01-30|2|54|45|
|2016-01-29|2|54|44|
|2016-01-28|2|58|41|
|2016-01-27|2|63|36|
|2016-01-26|2|60|39|
|2016-01-25|2|57|41|
|2016-01-24|2|53|46|
|2016-01-23|2|52|47|
|2016-01-22|2|55|44|
|2016-01-21|2|55|43|
|2016-01-20|2|62|36|
|2016-01-19|2|67|32|
|2016-01-18|2|67|32|
|2016-01-17|2|65|33|
|2016-01-16|2|64|35|
|2016-01-15|2|64|35|
|2016-01-14|2|69|29|
|2016-01-13|2|70|29|
|2016-01-12|2|70|29|
|2016-01-11|2|64|34|
|2016-01-10|2|63|35|
|2016-01-09|2|63|36|
|2016-01-08|2|68|30|
|2016-01-07|3|69|29|
|2016-01-06|3|69|29|
|2016-01-05|2|69|29|
|2016-01-04|2|63|35|
|2016-01-03|2|62|36|
|2016-01-02|2|53|44|
|2016-01-01|2|54|44|
|2015-12-31|2|55|43|
|2015-12-30|2|62|36|
|2015-12-29|2|62|36|
|2015-12-28|2|61|37|
|2015-12-27|2|59|39|
|2015-12-26|2|58|40|
|2015-12-25|2|60|38|
|2015-12-24|2|54|44|
|2015-12-23|2|55|43|
|2015-12-22|2|54|44|
|2015-12-21|2|51|47|
|2015-12-20|2|51|47|
|2015-12-19|2|52|46|
|2015-12-18|2|58|40|
|2015-12-17|2|62|36|
|2015-12-16|2|63|35|
|2015-12-15|2|63|35|
|2015-12-14|2|57|41|
|2015-12-13|2|53|44|
|2015-12-12|2|56|41|
|2015-12-11|4|60|36|
|2015-12-10|4|60|36|
|2015-12-09|3|69|27|
|2015-12-08|4|72|24|
|2015-12-07|4|72|24|
|2015-12-06|4|71|24|
|2015-12-05|4|72|24|
|2015-12-04|4|68|27|
|2015-12-03|4|69|27|
|2015-12-02|5|67|26|
|2015-12-01|5|71|22|
|2015-11-30|5|71|22|
|2015-11-29|4|72|23|
|2015-11-28|4|72|23|
|2015-11-27|4|70|24|
|2015-11-26|4|70|25|
|2015-11-25|4|70|25|
|2015-11-24|4|70|25|
|2015-11-23|4|70|25|
|2015-11-22|4|71|24|
|2015-11-21|4|69|26|
|2015-11-20|4|69|26|
|2015-11-19|4|70|25|
|2015-11-18|4|69|22|
|2015-11-17|4|69|22|
|2015-11-16|4|70|21|
|2015-11-15|4|69|22|
|2015-11-14|4|69|21|
|2015-11-13|4|69|22|
|2015-11-09|4|72|19|
|2015-11-08|4|72|19|
|2015-11-07|4|71|19|
|2015-11-06|4|67|23|
|2015-11-05|4|67|24|
|2015-11-04|4|71|20|
|2015-11-03|4|71|19|
|2015-11-02|4|71|19|
|2015-11-01|4|71|19|
|2015-10-31|4|71|20|
|2015-10-30|4|71|20|
|2015-10-29|4|69|22|
|2015-10-28|4|70|21|
|2015-10-27|4|71|20|
|2015-10-26|4|73|18|
|2015-10-25|4|73|18|
|2015-10-24|4|73|18|
|2015-10-23|4|73|18|
|2015-10-22|4|72|19|
|2015-10-21|4|69|22|
|2015-10-20|4|69|22|
|2015-10-19|4|70|22|
|2015-10-18|4|74|18|
|2015-10-17|4|74|18|
|2015-10-16|4|73|18|
|2015-10-15|4|71|20|
|2015-10-14|4|71|20|
|2015-10-13|4|71|20|
|2015-10-12|4|73|18|
|2015-10-11|4|73|18|
|2015-10-10|4|73|18|
|2015-10-09|4|72|19|
|2015-10-08|4|71|20|
|2015-10-07|4|69|21|
|2015-10-06|5|68|21|
|2015-10-05|5|68|22|
|2015-10-04|4|71|19|
|2015-10-03|4|71|19|
|2015-10-02|4|70|20|
|2015-10-01|4|69|21|
|2015-09-30|4|68|21|
|2015-09-29|4|69|21|
|2015-09-28|5|69|20|
|2015-09-27|5|69|21|
|2015-09-26|5|69|20|
|2015-09-25|5|69|20|
|2015-09-24|5|69|20|
|2015-09-23|5|69|20|
|2015-09-22|5|67|22|
|2015-09-21|5|66|22|
|2015-09-20|5|67|22|
|2015-09-19|5|71|18|
|2015-09-18|5|71|18|
|2015-09-17|5|69|20|
|2015-09-16|5|69|20|
|2015-09-15|5|69|20|
|2015-09-14|5|68|20|
|2015-09-13|4|69|21|
|2015-09-12|4|70|19|
|2015-09-11|4|70|19|
|2015-09-10|5|70|19|
|2015-09-09|5|70|19|
|2015-09-08|5|69|20|
|2015-09-07|5|69|20|
|2015-09-06|5|68|21|
|2015-09-05|5|68|22|
|2015-09-04|5|69|20|
|2015-09-03|5|70|19|
|2015-09-02|5|69|20|
|2015-09-01|5|69|20|
|2015-08-17|4|67|18|
|2015-08-16|4|64|19|
|2015-08-15|4|64|19|
|2015-08-14|4|64|19|
|2015-08-13|5|63|19|
|2015-08-12|5|63|19|
|2015-08-11|4|61|18|
|2015-08-10|4|61|18|
|2015-08-09|4|61|18|
|2015-08-08|4|61|19|
|2015-08-07|4|61|19|
|2015-08-06|4|61|19|
|2015-08-05|5|61|18|
|2015-08-04|5|61|18|
|2015-08-03|5|61|18|
|2015-08-02|5|61|18|
|2015-08-01|5|59|20|
|2015-07-31|5|60|19|
|2015-07-30|5|60|19|
|2015-07-29|5|59|19|
|2015-07-28|5|60|18|
|2015-07-27|5|60|18|
|2015-07-26|5|60|18|
|2015-07-25|5|60|18|
|2015-07-24|4|60|19|
|2015-07-23|4|59|19|
|2015-07-22|4|60|19|
|2015-07-21|5|60|18|
|2015-07-20|5|60|18|
|2015-07-19|4|61|18|
|2015-07-18|4|60|19|
|2015-07-17|4|60|19|
|2015-07-16|5|60|18|
|2015-07-15|5|60|18|
|2015-07-14|5|60|18|
|2015-07-13|5|60|18|
|2015-07-12|4|60|19|
|2015-07-11|4|59|19|
|2015-07-10|4|59|19|
|2015-07-09|4|59|19|
|2015-07-08|4|60|18|
|2015-07-07|4|60|19|
|2015-07-06|4|60|19|
|2015-07-05|5|60|18|
|2015-07-04|5|59|19|
|2015-07-03|5|59|19|
|2015-07-02|5|59|19|
|2015-07-01|5|60|18|
|2015-06-30|4|60|18|
|2015-06-29|4|60|18|
|2015-06-28|4|60|18|
|2015-06-27|4|60|18|
|2015-06-26|4|60|18|
|2015-06-25|4|60|18|
|2015-06-24|4|60|19|
|2015-06-23|4|60|19|
|2015-06-22|4|60|19|
|2015-06-21|4|60|18|
|2015-06-20|4|59|20|
|2015-06-19|4|59|20|
|2015-06-18|4|59|20|
|2015-06-17|4|60|18|
|2015-06-16|4|60|18|
|2015-06-15|5|60|18|
|2015-06-14|4|60|19|
|2015-06-13|4|60|19|
|2015-06-12|4|60|19|
|2015-06-11|4|60|19|
|2015-06-10|4|60|18|
|2015-06-09|4|60|18|
|2015-06-08|4|60|18|
|2015-06-07|4|60|18|
|2015-06-06|4|60|18|
|2015-06-05|4|60|18|
|2015-06-04|4|59|20|
|2015-06-03|4|60|18|
|2015-06-02|4|60|18|
|2015-06-01|4|60|18|
|2015-05-31|4|60|18|
|2015-05-30|5|60|18|
|2015-05-29|5|60|18|
|2015-05-28|5|60|18|
|2015-05-27|5|60|18|
|2015-05-26|5|60|18|
|2015-05-25|4|60|18|
|2015-05-24|4|60|19|
|2015-05-23|4|60|19|
|2015-05-22|4|60|19|
|2015-05-21|4|59|19|
|2015-05-20|4|59|19|
|2015-05-19|4|59|19|
|2015-05-18|4|59|19|
|2015-05-17|4|60|19|
|2015-05-16|4|60|19|
|2015-05-15|4|60|19|
|2015-05-14|4|59|19|
|2015-05-13|4|60|19|
|2015-05-12|4|60|19|
|2015-05-11|4|60|19|
|2015-05-10|4|60|19|
|2015-05-09|4|60|19|
|2015-05-08|4|59|20|
|2015-05-07|4|59|20|
|2015-05-06|4|59|20|
|2015-05-05|4|60|19|
|2015-05-04|4|60|19|
|2015-05-03|4|60|19|
|2015-05-02|4|59|19|
|2015-05-01|4|60|19|
|2015-04-30|4|60|19|
|2015-04-29|4|60|19|
|2015-04-28|4|61|18|
|2015-04-27|4|61|18|
|2015-04-26|4|60|18|
|2015-04-25|4|60|18|
|2015-04-24|4|59|19|
|2015-04-23|4|59|19|
|2015-04-22|4|60|18|
|2015-04-21|4|60|18|
|2015-04-20|4|60|18|
|2015-04-19|4|61|18|
|2015-04-18|4|61|18|
|2015-04-17|4|61|18|
|2015-04-16|4|60|18|
|2015-04-15|4|60|18|
|2015-04-14|4|61|18|
|2015-04-13|4|60|18|
|2015-04-12|4|60|18|
|2015-04-11|4|60|18|
|2015-04-10|4|60|18|
|2015-04-09|4|60|19|
|2015-04-08|4|61|18|
|2015-04-07|4|61|18|
|2015-04-06|4|61|18|
|2015-04-05|4|61|18|
|2015-04-04|4|61|18|
|2015-04-03|4|60|18|
|2015-04-02|4|60|18|
|2015-04-01|4|60|18|
|2015-03-31|4|61|17|
|2015-03-30|4|61|17|
|2015-03-29|4|61|18|
|2015-03-28|4|60|18|
|2015-03-27|4|60|19|
|2015-03-26|4|60|19|
|2015-03-25|4|60|18|
|2015-03-24|4|60|18|
|2015-03-23|4|61|18|
|2015-03-22|4|60|19|
|2015-03-21|4|59|19|
|2015-03-20|4|59|19|
|2015-03-19|4|59|20|
|2015-03-18|4|61|18|
|2015-03-17|4|60|18|
|2015-03-16|4|61|18|
|2015-03-15|4|61|18|
|2015-03-14|4|61|18|
|2015-03-13|4|60|18|
|2015-03-12|4|60|18|
|2015-03-11|4|60|18|
|2015-03-10|4|60|18|
|2015-03-09|4|61|18|
|2015-03-08|4|61|18|
|2015-03-07|4|61|18|
|2015-03-06|4|61|18|
|2015-03-05|4|61|18|
|2015-03-04|4|61|18|
|2015-03-03|4|61|18|
|2015-03-02|4|61|18|
|2015-03-01|4|61|17|
|2015-02-28|4|61|17|
|2015-02-27|4|61|17|
|2015-02-26|4|60|18|
|2015-02-25|4|60|18|
|2015-02-24|4|60|19|
|2015-02-23|4|60|18|
|2015-02-22|4|61|18|
|2015-02-21|4|60|18|
|2015-02-20|4|60|19|
|2015-02-19|4|60|19|
|2015-02-18|4|60|18|
|2015-02-17|4|60|18|
|2015-02-16|4|61|18|
|2015-02-15|4|61|17|
|2015-02-14|3|62|17|
|2015-02-13|3|65|14|
|2015-02-12|3|64|15|
|2015-02-11|3|65|15|
|2015-02-10|3|65|14|
|2015-02-09|3|65|15|
|2015-02-08|3|65|15|
|2015-02-07|2|64|16|
|2015-02-06|2|62|19|
|2015-02-05|2|58|23|
|2015-02-04|2|57|24|
|2015-02-03|2|56|25|
|2015-02-02|2|57|24|
|2015-02-01|2|57|24|
|2015-01-31|2|53|28|
|2015-01-30|2|55|26|
|2015-01-29|2|58|23|
|2015-01-28|2|60|21|
|2015-01-27|2|59|22|
|2015-01-26|2|60|21|
|2015-01-25|2|59|21|
|2015-01-24|2|59|21|
|2015-01-23|2|58|23|
|2015-01-22|2|58|23|
|2015-01-21|2|57|24|
|2015-01-20|2|57|24|
|2015-01-19|2|59|21|
|2015-01-18|2|59|21|
|2015-01-17|2|54|27|
|2015-01-16|2|53|27|
|2015-01-15|2|55|25|
|2015-01-14|2|55|25|
|2015-01-13|2|59|21|
|2015-01-12|2|60|21|
|2015-01-11|2|59|21|
|2015-01-10|2|59|21|
|2015-01-09|2|59|21|
|2015-01-08|2|60|20|
|2015-01-07|2|59|21|
|2015-01-06|3|58|22|
|2015-01-05|3|57|23|
|2015-01-04|3|61|19|
|2015-01-03|3|58|22|
|2015-01-02|3|58|22|
|2015-01-01|3|55|25|
|2014-12-31|3|56|23|
|2014-12-30|3|58|21|
|2014-12-29|3|64|15|
|2014-12-28|3|67|13|
|2014-12-27|3|68|12|
|2014-12-26|3|67|13|
|2014-12-25|3|69|11|
|2014-12-24|2|69|11|
|2014-12-23|2|69|11|
|2014-12-22|2|67|13|
|2014-12-21|2|63|18|
|2014-12-20|2|60|21|
|2014-12-19|2|56|24|
|2014-12-18|2|56|25|
|2014-12-17|2|56|25|
|2014-12-16|2|56|25|
|2014-12-15|2|56|24|
|2014-12-14|2|56|24|
|2014-12-13|2|56|24|
|2014-12-12|2|57|23|
|2014-12-11|2|48|24|
|2014-12-10|2|47|24|
|2014-12-09|2|48|23|
|2014-12-08|2|48|23|
|2014-12-07|2|47|24|
|2014-12-06|2|47|24|
|2014-12-05|2|47|24|
|2014-12-04|2|48|24|
|2014-12-03|2|48|23|
|2014-12-02|2|48|23|
|2014-12-01|2|48|23|
|2014-11-30|2|47|24|
|2014-11-29|2|47|24|
|2014-11-28|2|47|25|
|2014-11-27|2|47|25|
|2014-11-26|2|47|25|
|2014-11-25|2|47|25|
|2014-11-24|2|46|25|
|2014-11-23|2|46|25|
|2014-11-22|2|45|26|
|2014-11-21|2|47|24|
|2014-11-20|2|48|24|
|2014-11-19|2|48|24|
|2014-11-18|2|48|24|
|2014-11-17|2|48|24|
|2014-11-16|2|47|24|
|2014-11-15|1|48|24|
|2014-11-14|1|47|25|
|2014-11-13|1|47|25|
|2014-11-12|1|48|24|
|2014-11-11|1|48|24|
|2014-11-10|1|47|25|
|2014-11-09|1|47|25|
|2014-11-08|1|47|26|
|2014-11-07|1|46|26|
|2014-11-06|1|49|23|
|2014-11-05|1|49|23|
|2014-11-04|1|50|22|
|2014-11-03|1|50|22|
|2014-11-02|1|53|19|
|2014-11-01|1|54|18|
|2014-10-31|1|54|18|
|2014-10-30|1|55|16|
|2014-10-29|1|57|14|
|2014-10-28|1|58|14|
|2014-10-27|1|57|14|
|2014-10-26|1|59|13|
|2014-10-25|1|60|12|
|2014-10-24|1|58|14|
|2014-10-23|1|58|14|
|2014-10-22|1|58|14|
|2014-10-21|1|56|16|
|2014-10-20|1|54|17|
|2014-10-19|1|54|17|
|2014-10-18|1|56|15|
|2014-10-17|1|58|13|
|2014-10-16|1|58|14|
|2014-10-15|1|60|12|
|2014-10-14|1|59|12|
|2014-10-13|1|60|12|
|2014-10-12|1|60|12|
|2014-10-11|1|62|10|
|2014-10-10|1|62|9|
|2014-10-09|1|62|9|
|2014-10-08|1|62|9|
|2014-10-07|1|62|9|
|2014-10-06|1|64|7|
|2014-10-05|1|63|8|
|2014-10-04|1|65|7|
|2014-10-03|1|60|12|
|2014-10-02|1|61|10|
|2014-10-01|1|61|10|
|2014-09-30|1|61|10|
|2014-09-29|1|61|10|
|2014-09-28|1|61|10|
