<html>
 <head>
   <script type="text/javascript" src="https://www.google.com/jsapi"></script>
   <script type="text/javascript">
     google.load("visualization", "1", {packages:["corechart"]});
     google.setOnLoadCallback(drawChart);
     function drawChart() {
       var data = google.visualization.arrayToDataTable([
['Date','EFD','FC','SATA'],
['2015-01-20',   0,  0,  0],
['2015-01-21',   0,  0,  0],
['2015-01-22',   0,  0,  0],
['2015-01-23',   0,  0,  0],
['2015-01-24',   0,  0,  0],
['2015-01-25',   0,  0,  0],
['2015-01-26',   0,  0,  0],
['2015-01-27',   0,  0,  0],
['2015-01-28',   0,  17,  0],
['2015-01-29',   0,  17,  0],
['2015-01-30',   0,  17,  1],
['2015-01-31',   0,  16,  1],
['2015-02-01',   0,  17,  1],
['2015-02-02',   0,  17,  1],
['2015-02-03',   0,  12,  6],
['2015-02-04',   1,  22,  5],
['2015-02-05',   1,  24,  6],
['2015-02-06',   1,  24,  6],
['2015-02-07',   1,  24,  6],
['2015-02-08',   0,  27,  2],
['2015-02-09',   0,  27,  2],
['2015-02-10',   0,  27,  3],
['2015-02-11',   0,  27,  3],
['2015-02-12',   0,  27,  3],
['2015-02-13',   0,  25,  5],
['2015-02-14',   0,  21,  9],
['2015-02-15',   0,  20,  9],
['2015-02-16',   0,  20,  9],
['2015-02-17',   0,  19,  11],
['2015-02-18',   0,  19,  11],
['2015-02-19',   0,  13,  16],
['2015-02-20',   0,  13,  17],
['2015-02-21',   0,  13,  17],
['2015-02-22',   0,  13,  17],
['2015-02-23',   0,  11,  19],
['2015-02-24',   0,  12,  18],
['2015-02-25',   0,  3,  0],
['2015-02-26',   0,  15,  18],
['2015-02-27',   0,  16,  17],
['2015-02-28',   0,  16,  17],
['2015-03-01',   0,  16,  17],
['2015-03-02',   0,  15,  19],
['2015-03-03',   0,  14,  19],
['2015-03-04',   0,  14,  19],
['2015-03-05',   0,  13,  20],
['2015-03-06',   0,  14,  22],
['2015-03-07',   0,  14,  22],
['2015-03-08',   0,  14,  22],
['2015-03-09',   0,  13,  23],
['2015-03-10',   0,  11,  25],
['2015-03-11',   0,  11,  25],
['2015-03-12',   0,  11,  25],
['2015-03-13',   0,  10,  26],
['2015-03-14',   0,  10,  26],
['2015-03-15',   0,  10,  26],
['2015-03-16',   0,  9,  27],
['2015-03-17',   0,  10,  26],
['2015-03-18',   0,  10,  26],
['2015-03-19',   0,  10,  26],
['2015-03-20',   0,  7,  29],
['2015-03-21',   0,  7,  29],
['2015-03-22',   0,  7,  29],
['2015-03-23',   0,  6,  30],
['2015-03-24',   0,  6,  30],
['2015-03-25',   0,  4,  32],
['2015-03-26',   0,  4,  32],
['2015-03-27',   0,  4,  32],
['2015-03-28',   0,  2,  34],
['2015-03-29',   0,  3,  33],
['2015-03-30',   0,  4,  32],
['2015-03-31',   0,  5,  31],
['2015-04-01',   0,  6,  31],
['2015-04-02',   0,  7,  31],
['2015-04-03',   0,  7,  31],
['2015-04-04',   0,  7,  31],
['2015-04-05',   0,  9,  30],
['2015-04-06',   0,  9,  30],
['2015-04-07',   0,  8,  30],
['2015-04-08',   0,  8,  30],
['2015-04-09',   0,  8,  30],
['2015-04-10',   0,  8,  30],
['2015-04-11',   0,  8,  30],
['2015-04-12',   0,  8,  31],
['2015-04-13',   0,  7,  32],
['2015-04-14',   0,  7,  32],
['2015-04-15',   0,  6,  32],
['2015-04-16',   0,  6,  32],
['2015-04-17',   0,  6,  33],
['2015-04-18',   0,  6,  33],
['2015-04-19',   0,  6,  33],
['2015-04-20',   0,  6,  32],
['2015-04-21',   0,  6,  33],
['2015-04-22',   0,  6,  33],
['2015-04-23',   0,  6,  33],
['2015-04-24',   0,  6,  33],
['2015-04-25',   0,  6,  32],
['2015-04-26',   0,  6,  32],
['2015-04-27',   0,  6,  32],
['2015-04-28',   0,  6,  32],
['2015-04-29',   0,  6,  32],
['2015-04-30',   0,  6,  32],
['2015-05-01',   0,  6,  32],
['2015-05-02',   0,  6,  33],
['2015-05-03',   0,  6,  33],
['2015-05-04',   0,  4,  34],
['2015-05-05',   0,  4,  35],
['2015-05-06',   0,  4,  35],
['2015-05-07',   0,  4,  34],
['2015-05-08',   0,  4,  35],
['2015-05-09',   0,  4,  34],
['2015-05-10',   0,  5,  34],
['2015-05-11',   0,  4,  35],
['2015-05-12',   0,  3,  35],
['2015-05-13',   0,  3,  36],
['2015-05-14',   0,  3,  36],
['2015-05-15',   0,  3,  36],
['2015-05-16',   0,  3,  36],
['2015-05-17',   0,  3,  36],
['2015-05-18',   0,  3,  36],
['2015-05-19',   0,  3,  36],
['2015-05-20',   0,  3,  36],
['2015-05-21',   0,  3,  36],
['2015-05-22',   0,  3,  36],
['2015-05-23',   0,  3,  36],
['2015-05-24',   0,  4,  35],
['2015-05-25',   0,  3,  36],
['2015-05-26',   0,  2,  37],
['2015-05-27',   0,  2,  37],
['2015-05-28',   0,  2,  37],
['2015-05-29',   0,  2,  37],
['2015-05-30',   0,  2,  37],
['2015-05-31',   0,  2,  37],
['2015-06-01',   0,  2,  37],
['2015-06-02',   0,  2,  37],
['2015-06-03',   0,  1,  37],
['2015-06-04',   0,  1,  38],
['2015-06-05',   0,  1,  37],
['2015-06-06',   0,  2,  37],
['2015-06-07',   0,  1,  37],
['2015-06-08',   0,  2,  37],
['2015-06-09',   0,  2,  37],
['2015-06-10',   0,  2,  37],
['2015-06-11',   0,  2,  37],
['2015-06-12',   0,  2,  37],
['2015-06-13',   0,  2,  37],
['2015-06-14',   0,  1,  38],
['2015-06-15',   0,  1,  38],
['2015-06-16',   0,  1,  38],
['2015-06-17',   0,  1,  38],
['2015-06-18',   0,  1,  38],
['2015-06-19',   0,  2,  37],
['2015-06-20',   0,  1,  38],
['2015-06-21',   0,  1,  38],
['2015-06-22',   0,  1,  38],
['2015-06-23',   0,  1,  38],
['2015-06-24',   0,  1,  38],
['2015-06-25',   0,  1,  38],
['2015-06-26',   0,  1,  38],
['2015-06-27',   0,  1,  38],
['2015-06-28',   0,  1,  38],
['2015-06-29',   0,  1,  38],
['2015-06-30',   0,  1,  38],
['2015-07-01',   0,  1,  38],
['2015-07-02',   0,  1,  38],
['2015-07-03',   0,  1,  38],
['2015-07-04',   0,  1,  38],
['2015-07-05',   0,  1,  38],
['2015-07-06',   0,  1,  38],
['2015-07-07',   0,  1,  38],
['2015-07-08',   0,  4,  35],
['2015-07-09',   0,  4,  34],
['2015-07-10',   0,  5,  34],
['2015-07-11',   0,  5,  34],
['2015-07-12',   0,  5,  34],
['2015-07-13',   0,  5,  34],
['2015-07-14',   0,  5,  34],
['2015-07-15',   0,  5,  34],
['2015-07-16',   0,  5,  34],
['2015-07-17',   0,  5,  34],
['2015-07-18',   0,  5,  34],
['2015-07-19',   0,  5,  34],
['2015-07-20',   0,  5,  34],
['2015-07-21',   0,  4,  34],
['2015-07-22',   0,  5,  34],
['2015-07-23',   0,  5,  34],
['2015-07-24',   0,  4,  34],
['2015-07-25',   0,  4,  34],
['2015-07-26',   0,  4,  34],
['2015-07-27',   0,  4,  34],
['2015-07-28',   0,  4,  35],
['2015-07-29',   0,  4,  35],
['2015-07-30',   0,  2,  36],
['2015-07-31',   0,  3,  36],
['2015-08-01',   0,  3,  36],
['2015-08-02',   0,  3,  36],
['2015-08-03',   0,  3,  36],
['2015-08-04',   0,  3,  36],
['2015-08-05',   0,  3,  36],
['2015-08-06',   0,  3,  36],
['2015-08-07',   0,  3,  36],
['2015-08-08',   0,  3,  36],
['2015-08-09',   0,  3,  36],
['2015-08-10',   0,  3,  36],
['2015-08-11',   0,  3,  36],
['2015-08-12',   0,  2,  36],
['2015-08-13',   0,  2,  36],
['2015-08-14',   0,  2,  36],
['2015-08-15',   0,  3,  36],
['2015-08-16',   0,  2,  36],
['2015-08-17',   0,  2,  36],
['2015-09-01',   0,  2,  36],
['2015-09-02',   0,  3,  36],
['2015-09-03',   0,  3,  36],
['2015-09-04',   0,  3,  36],
['2015-09-05',   0,  3,  36],
['2015-09-06',   0,  3,  36],
['2015-09-07',   0,  3,  36],
['2015-09-08',   0,  2,  36],
['2015-09-09',   0,  2,  36],
['2015-09-10',   0,  2,  36],
['2015-09-11',   0,  2,  36],
['2015-09-12',   0,  3,  36],
['2015-09-13',   0,  3,  36],
['2015-09-14',   0,  2,  36],
['2015-09-15',   0,  3,  36],
['2015-09-16',   0,  3,  36],
['2015-09-17',   0,  3,  36],
['2015-09-18',   0,  4,  36],
['2015-09-19',   0,  7,  34],
['2015-09-20',   0,  7,  34],
['2015-09-21',   0,  7,  34],
['2015-09-22',   0,  10,  33],
['2015-09-23',   0,  10,  34],
['2015-09-24',   0,  55,  35],
['2015-09-25',   0,  55,  35],
['2015-09-26',   0,  56,  34],
['2015-09-27',   0,  57,  34],
['2015-09-28',   0,  56,  34],
['2015-09-29',   0,  57,  34],
['2015-09-30',   0,  56,  34],
['2015-10-01',   0,  403,  37],
['2015-10-02',   1,  382,  59],
['2015-10-03',   1,  363,  78],
['2015-10-04',   1,  255,  186],
['2015-10-05',   1,  192,  248],
['2015-10-06',   1,  132,  308],
['2015-10-07',   1,  205,  236],
['2015-10-08',   1,  261,  179],
['2015-10-09',   1,  285,  155],
['2015-10-10',   1,  282,  158],
['2015-10-11',   1,  268,  172],
['2015-10-12',   1,  238,  203],
['2015-10-13',   1,  201,  239],
['2015-10-14',   1,  186,  267],
['2015-10-15',   1,  175,  279],
['2015-10-16',   1,  221,  233],
['2015-10-17',   0,  240,  215],
['2015-10-18',   0,  240,  215],
['2015-10-19',   0,  211,  244],
['2015-10-20',   0,  211,  243],
['2015-10-21',   0,  260,  195],
['2015-10-22',   0,  322,  144],
['2015-10-23',   0,  365,  102],
['2015-10-24',   0,  380,  86],
['2015-10-25',   0,  370,  97],
['2015-10-26',   0,  320,  147],
['2015-10-27',   0,  169,  298],
['2015-10-28',   0,  150,  316],
['2015-10-29',   0,  149,  318],
['2015-10-30',   0,  213,  253],
['2015-10-31',   0,  260,  206],
['2015-11-01',   0,  281,  186],
['2015-11-02',   0,  280,  187],
['2015-11-03',   0,  271,  196],
['2015-11-04',   0,  223,  244],
['2015-11-05',   0,  165,  302],
['2015-11-06',   0,  120,  347],
['2015-11-07',   0,  153,  314],
['2015-11-08',   0,  201,  266],
['2015-11-09',   0,  238,  229],
['2015-11-13',   0,  219,  247],
['2015-11-14',   0,  152,  315],
['2015-11-15',   0,  97,  271],
['2015-11-16',   0,  91,  278],
['2015-11-17',   0,  125,  243],
['2015-11-18',   0,  140,  228],
['2015-11-19',   0,  153,  216],
['2015-11-20',   0,  151,  217],
['2015-11-21',   0,  154,  214],
['2015-11-22',   0,  138,  230],
['2015-11-23',   0,  435,  972],
['2015-11-24',   0,  555,  875],
['2015-11-25',   0,  124,  255],
['2015-11-26',   0,  737,  694],
['2015-11-27',   0,  141,  238],
['2015-11-28',   0,  153,  226],
['2015-11-29',   0,  132,  247],
['2015-11-30',   0,  128,  251],
['2015-12-01',   0,  111,  267],
['2015-12-02',   0,  102,  276],
['2015-12-03',   0,  81,  297],
['2015-12-04',   0,  90,  289],
['2015-12-05',   1,  85,  294],
['2015-12-06',   1,  58,  321],
['2015-12-07',   1,  76,  302],
['2015-12-08',   1,  87,  291],
['2015-12-09',   1,  115,  264],
['2015-12-10',   1,  101,  277],
['2015-12-11',   0,  96,  283],
['2015-12-12',   0,  78,  300],
['2015-12-13',   0,  79,  300],
['2015-12-14',   0,  82,  297],
['2015-12-15',   0,  87,  292],
['2015-12-16',   0,  100,  279],
['2015-12-17',   0,  106,  273],
['2015-12-18',   0,  96,  282],
['2015-12-19',   0,  78,  301],
['2015-12-20',   0,  70,  308],
['2015-12-21',   0,  56,  322],
['2015-12-22',   0,  79,  300],
['2015-12-23',   0,  70,  308],
['2015-12-24',   0,  63,  316],
['2015-12-25',   0,  67,  312],
['2015-12-26',   0,  53,  326],
['2015-12-27',   0,  46,  333],
['2015-12-28',   0,  51,  328],
['2015-12-29',   0,  38,  341],
['2015-12-30',   1,  38,  341],
['2015-12-31',   1,  39,  340],
['2016-01-01',   1,  35,  344],
['2016-01-02',   1,  31,  348],
['2016-01-03',   1,  34,  345],
['2016-01-04',   1,  36,  343],
['2016-01-05',   1,  44,  334],
['2016-01-06',   1,  38,  340],
['2016-01-07',   1,  38,  340],
['2016-01-08',   1,  39,  340],
['2016-01-09',   1,  43,  335],
['2016-01-10',   1,  39,  340],
['2016-01-11',   1,  30,  349],
['2016-01-12',   1,  35,  344],
['2016-01-13',   1,  33,  346],
['2016-01-14',   1,  40,  339],
['2016-01-15',   1,  40,  339],
['2016-01-16',   1,  32,  347],
['2016-01-17',   1,  31,  348],
['2016-01-18',   0,  39,  339],
['2016-01-19',   0,  35,  343],
['2016-01-20',   0,  36,  343],
['2016-01-21',   0,  37,  342],
['2016-01-22',   0,  40,  339],
['2016-01-23',   0,  32,  347],
['2016-01-24',   0,  32,  347],
['2016-01-25',   0,  30,  349],
['2016-01-26',   0,  35,  344],
['2016-01-27',   0,  33,  346],
['2016-01-28',   0,  33,  346],
['2016-01-29',   0,  30,  348],
['2016-01-30',   0,  31,  348],
['2016-01-31',   0,  34,  345],
['2016-02-01',   0,  34,  345],
['2016-02-02',   0,  34,  345],
['2016-02-03',   0,  38,  341],
['2016-02-04',   0,  36,  343],
['2016-02-05',   0,  39,  340],
['2016-02-06',   0,  37,  342],
['2016-02-07',   0,  40,  339],
['2016-02-08',   1,  40,  338],
['2016-02-09',   1,  38,  341],
['2016-02-10',   1,  183,  1247],
['2016-02-11',   1,  193,  1237],
['2016-02-12',   1,  229,  1201],
['2016-02-13',   1,  238,  1192],
['2016-02-14',   1,  249,  1181],
['2016-02-15',   1,  232,  1198],
['2016-02-16',   1,  220,  1210],
['2016-02-17',   1,  206,  1224],
['2016-02-18',   1,  181,  1249],
['2016-02-19',   1,  169,  1261],
['2016-02-20',   1,  208,  1222],
['2016-02-21',   1,  229,  1201],
['2016-02-22',   1,  226,  1204],
['2016-02-23',   1,  241,  1190],
['2016-02-24',   1,  234,  1197],
['2016-02-25',   1,  228,  1202],
['2016-02-26',   1,  228,  1202],
['2016-02-27',   1,  228,  1202],
['2016-02-28',   1,  228,  1202],
['2016-02-29',   1,  211,  1219],
['2016-03-01',   1,  116,  1314],
['2016-03-02',   1,  111,  1319],
['2016-03-03',   1,  100,  1331],
['2016-03-04',   1,  97,  1333],
['2016-03-05',   1,  86,  1344],
['2016-03-06',   1,  61,  1369],
['2016-03-07',   1,  68,  1362],
['2016-03-08',   1,  68,  1362],
['2016-03-09',   1,  70,  1360],
['2016-03-10',   1,  67,  1363],
['2016-03-11',   1,  58,  1372],
['2016-03-12',   1,  53,  1377],
['2016-03-13',   1,  45,  1385],
['2016-03-14',   1,  37,  1393],
['2016-03-15',   1,  16,  1413],
['2016-03-16',   1,  15,  1415],
['2016-03-17',   1,  9,  1421],
['2016-03-18',   1,  9,  1421],
['2016-03-19',   1,  9,  1421],
['2016-03-20',   1,  9,  1421],
['2016-03-21',   1,  8,  1421],
['2016-03-22',   1,  9,  1421],
['2016-03-23',   1,  8,  1421],
['2016-03-24',   1,  8,  1421],
['2016-03-25',   1,  9,  1421],
['2016-03-26',   1,  9,  1421],
['2016-03-27',   1,  8,  1421],
['2016-03-28',   1,  9,  1421],
['2016-03-29',   1,  9,  1421],
['2016-03-30',   1,  9,  1421],
['2016-03-31',   1,  9,  1421],
['2016-04-01',   1,  8,  1422],
['2016-04-02',   1,  8,  1422],
['2016-04-03',   1,  7,  1423],
['2016-04-04',   1,  7,  1423],
['2016-04-05',   1,  7,  1423],
['2016-04-06',   1,  7,  1423],
['2016-04-07',   1,  7,  1423],
['2016-04-08',   1,  7,  1423],
['2016-04-09',   1,  7,  1423],
['2016-04-10',   1,  7,  1423],
['2016-04-11',   1,  6,  1424],
['2016-04-12',   1,  6,  1425],
['2016-04-13',   1,  6,  1425],
['2016-04-14',   1,  5,  1426],
['2016-04-15',   1,  5,  1426],
['2016-04-16',   1,  5,  1426],
['2016-04-17',   1,  5,  1426],
['2016-04-18',   1,  4,  1426],
['2016-04-19',   1,  4,  1426],
['2016-04-20',   1,  4,  1426],
['2016-04-21',   1,  4,  1427],
['2016-04-22',   1,  4,  1427],
['2016-04-23',   1,  4,  1427],
['2016-04-24',   1,  4,  1427],
['2016-04-25',   1,  4,  1427],
['2016-04-26',   1,  4,  1427],
['2016-04-27',   1,  4,  1427],
['2016-04-28',   1,  4,  1427],
['2016-04-29',   1,  4,  1427],
['2016-04-30',   1,  4,  1427],
['2016-05-01',   1,  4,  1427],
['2016-05-02',   1,  4,  1427],
['2016-05-03',   1,  4,  1427],
['2016-05-04',   1,  4,  1427],
['2016-05-05',   1,  4,  1427],
['2016-05-06',   1,  4,  1427],
['2016-05-07',   1,  4,  1427],
['2016-05-08',   1,  4,  1427],
['2016-05-09',   1,  4,  1427],
['2016-05-10',   1,  4,  1427],
['2016-05-11',   1,  4,  1427],
['2016-05-12',   1,  4,  1427],
['2016-05-13',   1,  4,  1427],
['2016-05-14',   1,  4,  1427],
['2016-05-15',   1,  4,  1427],
['2016-05-16',   1,  4,  1427],
['2016-05-17',   1,  4,  1427],
['2016-05-18',   1,  4,  1427],
['2016-05-19',   1,  4,  1427],
['2016-05-20',   1,  4,  1427],
['2016-05-21',   1,  4,  1427],
['2016-05-22',   1,  4,  1427],
['2016-05-23',   1,  4,  1427],
['2016-05-24',   1,  4,  1427],
['2016-05-25',   1,  4,  1427],
['2016-05-26',   1,  4,  1427],
['2016-05-27',   1,  4,  1427],
['2016-05-28',   1,  4,  1427],
['2016-05-29',   1,  4,  1427],
['2016-05-30',   1,  4,  1427],
['2016-05-31',   1,  4,  1427],
['2016-06-01',   1,  4,  1427],
['2016-06-02',   1,  4,  1427],
['2016-06-03',   1,  4,  1427],
['2016-06-04',   1,  4,  1427],
['2016-06-05',   1,  4,  1427],
['2016-06-06',   1,  4,  1427],
['2016-06-07',   1,  4,  1427],
['2016-06-08',   1,  4,  1427],
['2016-06-09',   1,  4,  1427],
['2016-06-10',   1,  4,  1427],
['2016-06-11',   1,  4,  1427],
['2016-06-12',   1,  4,  1427],
['2016-06-13',   1,  4,  1427],
['2016-06-14',   1,  4,  1427],
['2016-06-15',   1,  4,  1427],
['2016-06-16',   1,  4,  1427],
['2016-06-17',   1,  4,  1427],
['2016-06-18',   1,  4,  1427],
['2016-06-19',   1,  4,  1427],
['2016-06-20',   1,  4,  1427],
['2016-06-21',   1,  4,  1427],
['2016-06-22',   1,  4,  1427],
['2016-06-23',   1,  4,  1427],
['2016-06-24',   1,  4,  1427],
['2016-06-25',   1,  4,  1427],
['2016-06-26',   1,  4,  1427],
['2016-06-27',   1,  4,  1427],
['2016-06-28',   1,  4,  1427],
['2016-06-29',   1,  4,  1427],
['2016-06-30',   1,  4,  1427],
['2016-07-01',   1,  4,  1427],
['2016-07-02',   1,  4,  1427],
['2016-07-03',   1,  4,  1427],
['2016-07-04',   1,  4,  1427],
['2016-07-05',   1,  4,  1427],
['2016-07-06',   1,  4,  1427],
['2016-07-07',   1,  4,  1427],
['2016-07-08',   1,  4,  1427],
['2016-07-09',   1,  4,  1427],
['2016-07-10',   1,  4,  1427],
['2016-07-11',   1,  4,  1427],
['2016-07-12',   1,  4,  1427],
['2016-07-13',   1,  4,  1427],
['2016-07-14',   1,  4,  1427],
['2016-07-15',   1,  4,  1427],
['2016-07-16',   1,  4,  1427],
['2016-07-17',   1,  4,  1427],
['2016-07-18',   1,  4,  1427],
['2016-07-19',   1,  4,  1427],
['2016-07-20',   1,  4,  1427],
['2016-07-21',   1,  4,  1427],
['2016-07-22',   1,  4,  1427],
['2016-07-23',   1,  4,  1427],
['2016-07-24',   1,  4,  1427],
['2016-07-25',   1,  4,  1427],
['2016-07-26',   1,  4,  1427],
['2016-07-27',   1,  4,  1427],
['2016-07-28',   1,  4,  1427],
['2016-07-29',   1,  4,  1427],
['2016-07-30',   1,  4,  1427],
['2016-07-31',   1,  4,  1427],
['2016-08-01',   1,  4,  1427],
['2016-08-02',   1,  4,  1427],
['2016-08-03',   1,  4,  1427],
['2016-08-04',   1,  4,  1427],
['2016-08-05',   1,  4,  1427],
['2016-08-06',   1,  4,  1427],
['2016-08-07',   1,  4,  1427],
['2016-08-08',   1,  4,  1427],
['2016-08-09',   1,  4,  1427],
['2016-08-10',   1,  4,  1427],
['2016-08-11',   1,  4,  1427],
['2016-08-12',   1,  4,  1427],
['2016-08-13',   1,  4,  1427],
['2016-08-14',   1,  4,  1427],
['2016-08-15',   1,  4,  1427],
['2016-08-16',   1,  4,  1427],
['2016-08-17',   1,  4,  1427],
['2016-08-18',   1,  4,  1427],
['2016-08-19',   1,  4,  1427],
['2016-08-20',   1,  4,  1427],
['2016-08-21',   1,  4,  1427],
['2016-08-22',   1,  4,  1427],
['2016-08-23',   1,  4,  1427],
['2016-08-24',   1,  4,  1427],
['2016-08-25',   1,  4,  1427],
['2016-08-26',   1,  4,  1427],
['2016-08-27',   1,  4,  1427],
['2016-08-28',   1,  4,  1427],
['2016-08-29',   1,  4,  1427],
['2016-08-30',   1,  4,  1427],
['2016-08-31',   1,  4,  1427],
['2016-09-01',   1,  4,  1427],
['2016-09-02',   1,  4,  1427],
['2016-09-03',   1,  4,  1427],
['2016-09-04',   1,  4,  1427],
['2016-09-05',   1,  4,  1427],
['2016-09-06',   1,  4,  1427],
['2016-09-07',   1,  4,  1427],
['2016-09-08',   1,  4,  1427],
['2016-09-09',   1,  4,  1427],
['2016-09-10',   1,  4,  1427],
['2016-09-11',   1,  4,  1427],
['2016-09-12',   1,  4,  1427],
['2016-09-13',   1,  4,  1427],
['2016-09-14',   1,  4,  1427],
['2016-09-15',   1,  4,  1427],
['2016-09-16',   1,  4,  1427],
['2016-09-17',   1,  4,  1427],
['2016-09-18',   1,  4,  1427],
['2016-09-19',   1,  4,  1427],
['2016-09-20',   1,  4,  1427],
['2016-09-21',   1,  4,  1427],
['2016-09-22',   1,  4,  1427],
['2016-09-23',   1,  4,  1428],
['2016-09-24',   1,  4,  1428],
['2016-09-25',   1,  4,  1428],
['2016-09-26',   1,  4,  1428],
['2016-09-27',   1,  4,  1428],
['2016-09-28',   1,  4,  1428],
['2016-09-29',   1,  4,  1428],
['2016-09-30',   1,  4,  1428],
['2016-10-01',   1,  4,  1428],
['2016-10-02',   1,  7,  1427],
['2016-10-03',   0,  10,  1425],
['2016-10-04',   0,  10,  1425],
['2016-10-05',   0,  10,  1425],
['2016-10-06',   0,  10,  1425],
['2016-10-07',   0,  10,  1425],
['2016-10-08',   0,  10,  1425],
['2016-10-09',   1,  9,  1426],
['2016-10-10',   1,  9,  1426],
['2016-10-11',   1,  12,  1426],
['2016-10-12',   1,  12,  1426],
['2016-10-13',   0,  12,  1426],
['2016-10-14',   0,  12,  1426],
['2016-10-15',   0,  11,  1427],
['2016-10-16',   1,  11,  1427],
['2016-10-17',   1,  11,  1427],
['2016-10-18',   1,  10,  1428],
['2016-10-19',   1,  11,  1429],
['2016-10-20',   1,  12,  1428],
['2016-10-21',   1,  11,  1429],
['2016-10-22',   1,  11,  1429],
['2016-10-23',   1,  10,  1430],
['2016-10-24',   1,  10,  1430],
['2016-10-25',   1,  10,  1429],
['2016-10-26',   1,  10,  1430],
['2016-10-27',   1,  10,  1430],
['2016-10-28',   1,  10,  1430],
['2016-10-29',   1,  10,  1430],
['2016-10-30',   1,  9,  1431],
['2016-10-31',   1,  8,  1432],
['2016-11-01',   1,  7,  1433],
['2016-11-02',   1,  7,  1433],
['2016-11-03',   1,  7,  1433],
['2016-11-04',   1,  6,  1434],
['2016-11-05',   1,  6,  1434],
['2016-11-06',   1,  5,  1435],
['2016-11-07',   1,  5,  1435],
['2016-11-08',   1,  5,  1435],
['2016-11-09',   1,  5,  1435],
['2016-11-10',   0,  5,  1435],
['2016-11-11',   1,  5,  1435],
['2016-11-12',   1,  5,  1435],
['2016-11-13',   1,  5,  1435],
['2016-11-14',   1,  5,  1435],
['2016-11-15',   1,  5,  1435],
['2016-11-16',   1,  5,  1435],
['2016-11-17',   0,  5,  1435],
['2016-11-18',   0,  5,  1435],
['2016-11-19',   0,  5,  1435],
['2016-11-20',   0,  5,  1435],
['2016-11-21',   1,  5,  1435],
['2016-11-22',   1,  5,  1435],
['2016-11-23',   0,  5,  1435],
['2016-11-24',   0,  5,  1435],
['2016-11-25',   0,  5,  1435],
['2016-11-26',   1,  5,  1435],
['2016-11-27',   0,  5,  1435],
['2016-11-28',   1,  5,  1435],
['2016-11-29',   0,  5,  1435],
['2016-11-30',   0,  5,  1435],
['2016-12-01',   0,  5,  1435],
['2016-12-02',   0,  5,  1435],
['2016-12-03',   0,  5,  1435],
['2016-12-04',   1,  5,  1435],
['2016-12-05',   1,  5,  1435],
['2016-12-06',   1,  5,  1435],
['2016-12-07',   1,  5,  1435],
['2016-12-08',   1,  5,  1435],
['2016-12-09',   0,  5,  1435],
['2016-12-10',   0,  5,  1435],
['2016-12-11',   1,  5,  1435],
['2016-12-12',   1,  5,  1435],
['2016-12-13',   1,  5,  1435],
['2016-12-14',   0,  5,  1435],
['2016-12-15',   0,  5,  1435],
['2016-12-16',   1,  5,  1435],
['2016-12-17',   1,  5,  1435],
['2016-12-18',   1,  4,  1435],
['2016-12-19',   1,  4,  1435],
['2016-12-20',   1,  4,  1435],
['2016-12-21',   1,  4,  1435],
['2016-12-22',   1,  5,  1436],
['2016-12-23',   0,  7,  1434],
['2016-12-24',   0,  11,  1433],
['2016-12-25',   0,  12,  1432],
['2016-12-26',   0,  12,  1433],
['2016-12-27',   0,  12,  1433],
['2016-12-28',   0,  11,  1433],
['2016-12-29',   0,  10,  1434],
['2016-12-30',   0,  10,  1434],
['2016-12-31',   0,  10,  1435],
['2017-01-01',   0,  9,  1436],
['2017-01-02',   0,  8,  1436],
['2017-01-03',   0,  8,  1437],
['2017-01-04',   0,  7,  1437],
['2017-01-05',   0,  7,  1438],
['2017-01-06',   0,  7,  1438],
['2017-01-07',   0,  6,  1438],
['2017-01-08',   0,  6,  1438],
['2017-01-09',   0,  6,  1439],
['2017-01-10',   0,  6,  1439],
['2017-01-11',   1,  6,  1439],
['2017-01-12',   1,  6,  1439],
['2017-01-13',   1,  5,  1439],
['2017-01-14',   1,  5,  1439],
['2017-01-15',   1,  5,  1440],
['2017-01-16',   1,  4,  1440],
['2017-01-17',   1,  4,  1440],
['2017-01-18',   0,  3,  1441],
['2017-01-19',   0,  3,  1441],
['2017-01-20',   0,  3,  1441],
['2017-01-21',   1,  3,  1441],
['2017-01-22',   1,  3,  1441],
['2017-01-23',   1,  3,  1441],
['2017-01-24',   1,  3,  1441],
['2017-01-25',   1,  3,  1441],
['2017-01-26',   1,  3,  1441],
['2017-01-27',   1,  3,  1441],
['2017-01-28',   1,  3,  1441],
['2017-01-29',   1,  3,  1441],
['2017-01-30',   1,  3,  1441],
['2017-01-31',   1,  3,  1441],
['2017-02-01',   1,  3,  1441],
['2017-02-02',   1,  3,  1441],
['2017-02-03',   1,  3,  1441],
['2017-02-04',   1,  3,  1441],
['2017-02-05',   1,  3,  1441],
['2017-02-06',   1,  3,  1441],
['2017-02-07',   1,  3,  1441],
['2017-02-08',   1,  3,  1441],
['2017-02-09',   1,  3,  1441],
['2017-02-10',   1,  3,  1441],
['2017-02-11',   1,  3,  1441],
['2017-02-12',   1,  3,  1441],
['2017-02-13',   1,  3,  1441],
['2017-02-14',   1,  3,  1441],
['2017-02-15',   1,  3,  1441],
['2017-02-16',   1,  3,  1441],
['2017-02-17',   1,  3,  1441],
['2017-02-18',   1,  3,  1441],
['2017-02-19',   1,  3,  1441],
['2017-02-20',   1,  3,  1441],
['2017-02-21',   1,  3,  1441],
['2017-02-22',   1,  3,  1441],
['2017-02-23',   1,  3,  1441],
['2017-02-24',   1,  3,  1441],
['2017-02-25',   1,  3,  1441],
['2017-02-26',   1,  3,  1441],
['2017-02-27',   1,  3,  1441],
['2017-02-28',   1,  3,  1441],
['2017-03-01',   1,  3,  1441],
['2017-03-02',   1,  3,  1441],
['2017-03-03',   1,  3,  1441],
['2017-03-04',   1,  3,  1441],
['2017-03-05',   1,  3,  1441],
['2017-03-06',   1,  3,  1441],
['2017-03-07',   1,  3,  1441],
['2017-03-08',   1,  3,  1441],
['2017-03-09',   1,  3,  1441],
['2017-03-10',   1,  3,  1441],
['2017-03-11',   1,  3,  1441],
['2017-03-12',   1,  3,  1441],
['2017-03-13',   1,  3,  1441],
['2017-03-14',   1,  3,  1441],
['2017-03-15',   1,  3,  1441],
['2017-03-16',   1,  3,  1441],
['2017-03-17',   1,  3,  1441],
['2017-03-18',   1,  3,  1441],
['2017-03-19',   1,  3,  1441],
['2017-03-20',   1,  3,  1441],
['2017-03-21',   1,  3,  1441],
['2017-03-22',   1,  3,  1441],
['2017-03-23',   1,  3,  1441],
['2017-03-24',   1,  3,  1441],
['2017-03-25',   1,  3,  1441],
['2017-03-26',   1,  3,  1441],
['2017-03-27',   1,  3,  1441],
['2017-03-28',   1,  3,  1441],
['2017-03-29',   1,  3,  1441],
['2017-03-30',   1,  3,  1441],
['2017-03-31',   1,  3,  1441],
['2017-04-01',   1,  3,  1441],
['2017-04-02',   1,  3,  1441],
['2017-04-03',   1,  3,  1441],
['2017-04-04',   1,  3,  1441],
['2017-04-05',   1,  3,  1441],
['2017-04-06',   1,  3,  1441],
['2017-04-07',   1,  3,  1441],
['2017-04-08',   1,  3,  1441],
['2017-04-09',   1,  3,  1441],
['2017-04-10',   1,  3,  1441],
['2017-04-11',   1,  3,  1441],
['2017-04-12',   1,  3,  1441],
['2017-04-13',   1,  3,  1441],
['2017-04-14',   1,  3,  1441],
['2017-04-15',   1,  3,  1441],
['2017-04-16',   1,  3,  1441],
['2017-04-17',   1,  3,  1441],
['2017-04-18',   1,  3,  1441],
['2017-04-19',   1,  3,  1441],
['2017-04-20',   1,  3,  1441],
['2017-04-21',   1,  3,  1441],
['2017-04-22',   1,  3,  1441],
['2017-04-23',   1,  3,  1441],
['2017-04-24',   1,  3,  1441],
['2017-04-25',   1,  3,  1441],
['2017-04-26',   1,  3,  1441],
['2017-04-27',   1,  3,  1441],
['2017-04-28',   1,  3,  1441],
['2017-04-29',   1,  3,  1441],
['2017-04-30',   1,  3,  1441],
['2017-05-01',   1,  3,  1441],
['2017-05-02',   1,  3,  1441],
['2017-05-03',   1,  3,  1441],
['2017-05-04',   1,  3,  1441],
['2017-05-05',   1,  3,  1441],
['2017-05-06',   1,  3,  1441],
['2017-05-07',   1,  3,  1441],
['2017-05-08',   1,  3,  1441],
['2017-05-09',   1,  3,  1441],
['2017-05-10',   1,  3,  1441],
['2017-05-11',   1,  3,  1441],
['2017-05-12',   1,  3,  1441],
['2017-05-13',   1,  3,  1441],
['2017-05-14',   1,  3,  1441],
['2017-05-15',   1,  3,  1441],
['2017-05-16',   1,  3,  1441],
['2017-05-17',   1,  3,  1441],
['2017-05-18',   1,  3,  1441],
['2017-05-19',   1,  3,  1441],
['2017-05-20',   1,  3,  1441],
['2017-05-21',   1,  3,  1441],
['2017-05-22',   1,  3,  1441],
['2017-05-23',   1,  3,  1441],
['2017-05-24',   1,  3,  1441],
['2017-05-25',   1,  3,  1441],
['2017-05-26',   1,  3,  1441],
['2017-05-27',   1,  3,  1441],
['2017-05-28',   1,  3,  1441],
['2017-05-29',   1,  3,  1441],
['2017-05-30',   1,  3,  1441],
['2017-05-31',   1,  3,  1441],
['2017-06-01',   1,  3,  1441],
['2017-06-02',   0,  3,  1441],
['2017-06-03',   1,  3,  1441],
['2017-06-04',   1,  3,  1441],
['2017-06-05',   1,  3,  1441],
['2017-06-06',   1,  3,  1441],
['2017-06-07',   1,  3,  1441],
['2017-06-08',   1,  3,  1441],
['2017-06-09',   1,  3,  1441],
['2017-06-10',   1,  3,  1441],
['2017-06-11',   1,  3,  1441],
['2017-06-12',   1,  3,  1441],
['2017-06-13',   1,  3,  1441],
['2017-06-14',   1,  3,  1441],
['2017-06-15',   1,  3,  1441],
['2017-06-16',   1,  3,  1441],
['2017-06-17',   1,  3,  1441],
['2017-06-18',   1,  3,  1441],
['2017-06-19',   1,  3,  1441],
['2017-06-20',   1,  3,  1441],
['2017-06-21',   1,  3,  1441],
['2017-06-22',   1,  3,  1441],
['2017-06-23',   1,  3,  1441],
['2017-06-24',   1,  3,  1441],
['2017-06-25',   1,  3,  1441],
['2017-06-26',   1,  3,  1441],
['2017-06-27',   1,  3,  1441],
['2017-06-28',   1,  3,  1441],
['2017-06-29',   1,  3,  1441],
['2017-06-30',   1,  3,  1441],
['2017-07-01',   1,  3,  1441],
['2017-07-02',   1,  3,  1441],
['2017-07-03',   1,  3,  1441],
['2017-07-04',   1,  3,  1441],
['2017-07-05',   1,  3,  1441],
['2017-07-06',   1,  3,  1441],
['2017-07-07',   1,  3,  1441],
['2017-07-08',   1,  3,  1441],
['2017-07-09',   1,  3,  1441],
['2017-07-10',   1,  3,  1441],
['2017-07-11',   1,  3,  1441],
['2017-07-12',   1,  3,  1441],
['2017-07-13',   1,  3,  1441],
['2017-07-14',   1,  3,  1441],
['2017-07-15',   1,  3,  1441],
['2017-07-16',   0,  4,  1441],
['2017-07-17',   0,  3,  1441],
['2017-07-18',   0,  3,  1441],
['2017-07-19',   0,  3,  1441],
['2017-07-20',   0,  3,  1441],
['2017-07-21',   0,  3,  1441],
['2017-07-22',   0,  3,  1441],
['2017-07-23',   0,  3,  1441],
['2017-07-24',   0,  3,  1441],
['2017-07-25',   0,  3,  1441],
['2017-07-26',   0,  3,  1441],
['2017-07-27',   0,  3,  1441],
['2017-07-28',   0,  3,  1441],
['2017-07-29',   0,  3,  1441],
['2017-07-30',   0,  3,  1441],
['2017-07-31',   0,  3,  1441],
['2017-08-01',   0,  3,  1441],
['2017-08-02',   0,  3,  1441],
['2017-08-03',   0,  3,  1441],
['2017-08-04',   0,  3,  1441],
['2017-08-05',   0,  3,  1441],
['2017-08-06',   0,  3,  1441],
['2017-08-07',   0,  3,  1441],
['2017-08-08',   0,  3,  1441],
['2017-08-09',   0,  3,  1441],
['2017-08-10',   0,  3,  1441],
['2017-08-11',   0,  3,  1441],
['2017-08-12',   0,  3,  1441],
['2017-08-13',   0,  3,  1441],
['2017-08-14',   0,  3,  1441],
['2017-08-15',   0,  3,  1441],
['2017-08-16',   0,  3,  1441],
['2017-08-17',   0,  3,  1441],
['2017-08-18',   0,  3,  1441],
['2017-08-19',   0,  3,  1441],
['2017-08-20',   0,  3,  1441],
['2017-08-21',   0,  3,  1441],
['2017-08-22',   0,  3,  1441],
['2017-08-23',   0,  3,  1441],
['2017-08-24',   0,  3,  1441],
['2017-08-25',   0,  3,  1441],
['2017-08-26',   0,  3,  1441],
['2017-08-27',   0,  3,  1441],
['2017-08-28',   0,  3,  1441],
['2017-08-29',   0,  3,  1441],
['2017-08-30',   0,  3,  1441],
['2017-08-31',   0,  3,  1441],
['2017-09-01',   0,  3,  1441],
['2017-09-02',   0,  3,  1441],
['2017-09-03',   0,  3,  1441],
['2017-09-04',   0,  3,  1441],
['2017-09-05',   0,  3,  1441],
['2017-09-06',   0,  3,  1441],
['2017-09-07',   0,  3,  1441],
['2017-09-08',   0,  3,  1441],
['2017-09-09',   0,  3,  1441],
['2017-09-10',   0,  3,  1441],
['2017-09-11',   0,  3,  1441],
['2017-09-12',   0,  3,  1441],
['2017-09-13',   0,  3,  1441],
['2017-09-14',   0,  3,  1441],
['2017-09-15',   0,  3,  1441],
['2017-09-16',   0,  3,  1441],
['2017-09-17',   0,  3,  1441],
['2017-09-18',   0,  3,  1441],
['2017-09-19',   0,  3,  1441],
['2017-09-20',   0,  3,  1441],
['2017-09-21',   0,  3,  1441],
['2017-09-22',   0,  3,  1441],
['2017-09-23',   0,  3,  1441],
['2017-09-24',   0,  3,  1441],
['2017-09-25',   0,  3,  1441],
['2017-09-26',   0,  3,  1441],
['2017-09-27',   0,  3,  1441],
['2017-09-28',   0,  3,  1441],
['2017-09-29',   0,  3,  1441],
['2017-09-30',   0,  3,  1441],
['2017-10-01',   0,  3,  1441],
['2017-10-02',   0,  3,  70],
['2017-10-03',   0,  3,  71],
['2017-10-04',   0,  3,  71],
['2017-10-05',   0,  4,  70],
['2017-10-06',   0,  4,  70],
['2017-10-07',   0,  4,  70],
['2017-10-08',   0,  4,  70],
['2017-10-09',   0,  4,  70],
['2017-10-10',   0,  4,  70],
['2017-10-11',   0,  4,  70],
['2017-10-12',   0,  4,  70],
['2017-10-13',   0,  3,  71],
['2017-10-14',   0,  3,  71],
['2017-10-15',   0,  3,  72],
['2017-10-16',   0,  3,  72],
['2017-10-17',   0,  2,  72],
['2017-10-18',   0,  2,  72],
['2017-10-19',   0,  4,  73],
['2017-10-20',   0,  10,  74],
['2017-10-21',   0,  14,  70],
['2017-10-22',   0,  15,  69],
['2017-10-23',   0,  17,  70],
['2017-10-24',   0,  27,  62],
['2017-10-25',   0,  28,  61],
['2017-10-26',   0,  28,  61],
['2017-10-27',   0,  34,  60],
['2017-10-28',   0,  33,  61],
['2017-10-29',   0,  33,  61],
['2017-10-30',   0,  32,  62],
['2017-10-31',   0,  31,  63],
['2017-11-01',   0,  26,  68],
['2017-11-02',   0,  24,  70],
['2017-11-03',   0,  28,  66],
['2017-11-04',   0,  31,  63],
['2017-11-05',   0,  31,  63],
['2017-11-06',   0,  25,  70],
['2017-11-07',   0,  19,  75],
['2017-11-08',   0,  19,  75],
['2017-11-09',   0,  20,  74],
['2017-11-10',   0,  0,  0],
['2017-11-11',   0,  0,  0],
['2017-11-12',   0,  0,  0],
['2017-11-13',   0,  0,  0],
['2017-11-14',   0,  0,  0],
['2017-11-15',   0,  0,  0],
['2017-11-16',   0,  0,  0],
['2017-11-17',   0,  0,  0],
['2017-11-18',   0,  0,  0],
['2017-11-19',   0,  0,  0],
['2017-11-20',   0,  0,  0],
['2017-11-21',   0,  0,  0],
['2017-11-22',   0,  0,  0],
['2017-11-23',   0,  0,  0],
['2017-11-24',   0,  0,  0],
['2017-11-25',   0,  0,  0],
['2017-11-26',   0,  0,  0],
['2017-11-27',   0,  0,  0],
['2017-11-28',   0,  0,  0],
['2017-11-29',   0,  0,  0],
['2017-11-30',   0,  0,  0],
['2017-12-01',   0,  0,  0],
['2017-12-02',   0,  0,  0],
['2017-12-03',   0,  0,  0],
['2017-12-04',   0,  0,  0],
['2017-12-05',   0,  0,  0],
['2017-12-06',   0,  0,  0],
['2017-12-07',   0,  0,  0],
['2017-12-08',   0,  0,  0],
['2017-12-09',   0,  0,  0],
['2017-12-10',   0,  0,  0],
['2017-12-11',   0,  0,  0],
['2017-12-12',   0,  0,  0],
['2017-12-13',   0,  0,  0],
['2017-12-14',   0,  0,  0],
['2017-12-15',   0,  0,  0],
['2017-12-16',   0,  0,  0],
['2017-12-17',   0,  0,  0],
['2017-12-18',   0,  0,  0],
['2017-12-19',   0,  0,  0],
['2017-12-20',   0,  0,  0],
['2017-12-21',   0,  0,  0],
['2017-12-22',   0,  0,  0],
['2017-12-23',   0,  0,  0],
['2017-12-24',   0,  0,  0],
['2017-12-25',   0,  0,  0],
['2017-12-26',   0,  0,  0],
['2017-12-27',   0,  0,  0],
['2017-12-28',   0,  0,  0],
['2017-12-29',   0,  0,  0],
['2017-12-30',   0,  0,  0],
['2017-12-31',   0,  0,  0],
['2018-01-01',   0,  0,  0],
['2018-01-02',   0,  0,  0],
['2018-01-03',   0,  0,  0],
['2018-01-04',   0,  0,  0],
['2018-01-05',   0,  0,  0],
['2018-01-06',   0,  0,  0],
['2018-01-07',   0,  0,  0],
['2018-01-08',   0,  0,  0],
['2018-01-09',   0,  0,  0],
['2018-01-10',   0,  0,  0],
['2018-01-11',   0,  0,  0],
['2018-01-12',   0,  0,  0],
['2018-01-13',   0,  0,  0],
['2018-01-14',   0,  0,  0],
['2018-01-15',   0,  0,  0],
['2018-01-16',   0,  0,  0],
['2018-01-17',   0,  0,  0],
['2018-01-18',   0,  0,  0],
['2018-01-19',   0,  0,  0],
['2018-01-20',   0,  0,  0],
['2018-01-21',   0,  0,  0],
['2018-01-22',   0,  0,  0],
['2018-01-23',   0,  0,  0],
['2018-01-24',   0,  0,  0],
['2018-01-25',   0,  0,  0],
['2018-01-26',   0,  0,  0],
['2018-01-27',   0,  0,  0],
['2018-01-28',   0,  0,  0],
['2018-01-29',   0,  0,  0],
['2018-01-30',   0,  0,  0],
['2018-01-31',   0,  0,  0],
['2018-02-01',   0,  0,  0],
['2018-02-02',   0,  0,  0],
['2018-02-03',   0,  0,  0],
['2018-02-04',   0,  0,  0],
['2018-02-05',   0,  0,  0],
['2018-02-06',   0,  0,  0],
['2018-02-07',   0,  0,  0],
['2018-02-08',   0,  0,  0],
['2018-02-09',   0,  0,  0],
['2018-02-10',   0,  0,  0],
['2018-02-11',   0,  0,  0],
['2018-02-12',   0,  0,  0],
['2018-02-13',   0,  0,  0],
['2018-02-14',   0,  0,  0],
['2018-02-15',   0,  0,  0],
['2018-02-16',   0,  0,  0],
['2018-02-17',   0,  0,  0],
['2018-02-18',   0,  0,  0],
['2018-02-19',   0,  0,  0],
['2018-02-20',   0,  0,  0],
['2018-02-21',   0,  0,  0],
['2018-02-22',   0,  0,  0],
['2018-02-23',   0,  0,  0],
['2018-02-24',   0,  0,  0],
['2018-02-25',   0,  0,  0],
['2018-02-26',   0,  0,  0],
['2018-02-27',   0,  0,  0],
['2018-02-28',   0,  0,  0],
['2018-03-01',   0,  0,  0],
['2018-03-02',   0,  0,  0],
['2018-03-03',   0,  0,  0],
['2018-03-04',   0,  0,  0],
['2018-03-05',   0,  0,  0],
['2018-03-06',   0,  0,  0],
['2018-03-07',   0,  0,  0],
['2018-03-08',   0,  0,  0],
['2018-03-09',   0,  0,  0],
['2018-03-10',   0,  0,  0],
['2018-03-11',   0,  0,  0],
['2018-03-12',   0,  0,  0],
['2018-03-13',   0,  0,  0],
['2018-03-14',   0,  0,  0],
['2018-03-15',   0,  0,  0],
['2018-03-16',   0,  0,  0],
['2018-03-17',   0,  0,  0],
['2018-03-18',   0,  0,  0],
['2018-03-19',   0,  0,  0],
['2018-03-20',   0,  0,  0],
['2018-03-21',   0,  0,  0],
['2018-03-22',   0,  0,  0],
['2018-03-23',   0,  0,  0],
['2018-03-24',   0,  0,  0],
['2018-03-25',   0,  0,  0],
['2018-03-26',   0,  0,  0],
['2018-03-27',   0,  0,  0],
['2018-03-28',   0,  0,  0],
['2018-03-29',   0,  0,  0],
['2018-03-30',   0,  0,  0],
['2018-03-31',   0,  0,  0],
['2018-04-01',   0,  0,  0],
['2018-04-02',   0,  0,  0],
['2018-04-03',   0,  0,  0],
['2018-04-04',   0,  0,  0],
['2018-04-05',   0,  0,  0],
['2018-04-06',   0,  0,  0],
['2018-04-07',   0,  0,  0],
['2018-04-08',   0,  0,  0],
['2018-04-09',   0,  0,  0],
['2018-04-10',   0,  0,  0],
['2018-04-11',   0,  0,  0],
['2018-04-12',   0,  0,  0],
['2018-04-13',   0,  0,  0],
['2018-04-14',   0,  0,  0],
['2018-04-15',   0,  0,  0],
['2018-04-16',   0,  0,  0],
['2018-04-17',   0,  0,  0],
['2018-04-18',   0,  0,  0],
['2018-04-19',   0,  0,  0],
['2018-04-20',   0,  0,  0],
['2018-04-21',   0,  0,  0],
['2018-04-22',   0,  0,  0],
['2018-04-23',   0,  0,  0],
['2018-04-24',   0,  0,  0],
['2018-04-25',   0,  0,  0],
['2018-04-26',   0,  0,  0],
['2018-04-27',   0,  0,  0],
['2018-04-28',   0,  0,  0],
['2018-04-29',   0,  0,  0],
['2018-04-30',   0,  0,  0],
['2018-05-01',   0,  0,  0],
['2018-05-02',   0,  0,  0],
['2018-05-03',   0,  0,  0],
['2018-05-04',   0,  0,  0],
['2018-05-05',   0,  0,  0],
['2018-05-06',   0,  0,  0],
['2018-05-07',   0,  0,  0],
['2018-05-08',   0,  0,  0],
['2018-05-09',   0,  0,  0],
['2018-05-10',   0,  0,  0],
['2018-05-11',   0,  0,  0],
['2018-05-12',   0,  0,  0],
['2018-05-13',   0,  0,  0],
['2018-05-14',   0,  0,  0],
['2018-05-15',   0,  0,  0],
['2018-05-16',   0,  0,  0],
['2018-05-17',   0,  0,  0],
['2018-05-18',   0,  0,  0],
['2018-05-19',   0,  0,  0],
['2018-05-20',   0,  0,  0],
['2018-05-21',   0,  0,  0],
['2018-05-22',   0,  0,  0],
['2018-05-23',   0,  0,  0],
['2018-05-24',   0,  0,  0],
['2018-05-25',   0,  0,  0],
['2018-05-26',   0,  0,  0],
['2018-05-27',   0,  0,  0],
['2018-05-28',   0,  0,  0],
['2018-05-29',   0,  0,  0],
['2018-05-30',   0,  0,  0],
['2018-05-31',   0,  0,  0],
['2018-06-01',   0,  0,  0],
['2018-06-02',   0,  0,  0],
['2018-06-03',   0,  0,  0],
['2018-06-04',   0,  0,  0],
['2018-06-05',   0,  0,  0],
['2018-06-06',   0,  0,  0],
['2018-06-07',   0,  0,  0],
['2018-06-08',   0,  0,  0],
['2018-06-09',   0,  0,  0],
['2018-06-10',   0,  0,  0],
['2018-06-11',   0,  0,  0],
['2018-06-12',   0,  0,  0],
['2018-06-13',   0,  0,  0],
['2018-06-14',   0,  0,  0],
['2018-06-15',   0,  0,  0],
['2018-06-16',   0,  0,  0],
['2018-06-17',   0,  0,  0],
['2018-06-18',   0,  0,  0],
['2018-06-19',   0,  0,  0],
['2018-06-20',   0,  0,  0],
['2018-06-21',   0,  0,  0],
['2018-06-22',   0,  0,  0],
['2018-06-23',   0,  0,  0],
['2018-06-24',   0,  0,  0],
['2018-06-25',   0,  0,  0],
['2018-06-26',   0,  0,  0],
['2018-06-27',   0,  0,  0],
['2018-06-28',   0,  0,  0],
['2018-06-29',   0,  0,  0],
['2018-06-30',   0,  0,  0],
['2018-07-01',   0,  0,  0],
['2018-07-02',   0,  0,  0],
['2018-07-03',   0,  0,  0],
['2018-07-04',   0,  0,  0],
['2018-07-05',   0,  0,  0],
['2018-07-06',   0,  0,  0],
['2018-07-07',   0,  0,  0],
['2018-07-08',   0,  0,  0],
['2018-07-09',   0,  0,  0],
['2018-07-10',   0,  0,  0],
['2018-07-11',   0,  0,  0],
['2018-07-12',   0,  0,  0],
['2018-07-13',   0,  0,  0],
['2018-07-14',   0,  0,  0],
['2018-07-15',   0,  0,  0],
['2018-07-16',   0,  0,  0],
['2018-07-17',   0,  0,  0],
['2018-07-18',   0,  0,  0],
['2018-07-19',   0,  0,  0],
['2018-07-20',   0,  0,  0],
['2018-07-21',   0,  0,  0],
['2018-07-22',   0,  0,  0],
['2018-07-23',   0,  0,  0],
['2018-07-24',   0,  0,  0],
['2018-07-25',   0,  0,  0],
['2018-07-26',   0,  0,  0],
['2018-07-27',   0,  0,  0],
['2018-07-28',   0,  0,  0],
['2018-07-29',   0,  0,  0],
['2018-07-30',   0,  0,  0],
['2018-07-31',   0,  0,  0],
['2018-08-01',   0,  0,  0],
['2018-08-02',   0,  0,  0],
['2018-08-03',   0,  0,  0],
['2018-08-04',   0,  0,  0],
['2018-08-05',   0,  0,  0],
['2018-08-06',   0,  0,  0],
['2018-08-07',   0,  0,  0],
['2018-08-08',   0,  0,  0],
['2018-08-09',   0,  0,  0],
['2018-08-10',   0,  0,  0],
['2018-08-11',   0,  0,  0],
['2018-08-12',   0,  0,  0],
['2018-08-13',   0,  0,  0],
['2018-08-14',   0,  0,  0],
['2018-08-15',   0,  0,  0],
['2018-08-16',   0,  0,  0],
['2018-08-17',   0,  0,  0],
['2018-08-18',   0,  0,  0],
['2018-08-19',   0,  0,  0],
['2018-08-20',   0,  0,  0],
['2018-08-21',   0,  0,  0],
['2018-08-22',   0,  0,  0],
['2018-08-23',   0,  0,  0],
['2018-08-24',   0,  0,  0],
['2018-08-25',   0,  0,  0],
['2018-08-26',   0,  0,  0],
['2018-08-27',   0,  0,  0],
['2018-08-28',   0,  0,  0],
['2018-08-29',   0,  0,  0],
['2018-08-30',   0,  0,  0],
['2018-08-31',   0,  0,  0],
['2018-09-01',   0,  0,  0],
['2018-09-02',   0,  0,  0],
['2018-09-03',   0,  0,  0],
['2018-09-04',   0,  0,  0],
['2018-09-05',   0,  0,  0],
['2018-09-06',   0,  0,  0],
['2018-09-07',   0,  0,  0],
['2018-09-08',   0,  0,  0],
['2018-09-09',   0,  0,  0],
['2018-09-10',   0,  0,  0],
['2018-09-11',   0,  0,  0],
['2018-09-12',   0,  0,  0],
['2018-09-13',   0,  0,  0],
['2018-09-14',   0,  0,  0],
['2018-09-15',   0,  0,  0],
['2018-09-16',   0,  0,  0],
['2018-09-17',   0,  0,  0],
['2018-09-18',   0,  0,  0],
['2018-09-19',   0,  0,  0],
['2018-09-20',   0,  0,  0],
['2018-09-21',   0,  0,  0],
['2018-09-22',   0,  0,  0],
['2018-09-23',   0,  0,  0],
['2018-09-24',   0,  0,  0],
['2018-09-25',   0,  0,  0],
['2018-09-26',   0,  0,  0],
['2018-09-27',   0,  0,  0],
['2018-09-28',   0,  0,  0],
['2018-09-29',   0,  0,  0],
['2018-09-30',   0,  0,  0],
['2018-10-01',   0,  0,  0],
['2018-10-02',   0,  0,  0],
['2018-10-03',   0,  0,  0],
['2018-10-04',   0,  0,  0],
['2018-10-05',   0,  0,  0],
['2018-10-06',   0,  0,  0],
['2018-10-07',   0,  0,  0],
['2018-10-08',   0,  0,  0],
['2018-10-09',   0,  0,  0],
['2018-10-10',   0,  0,  0],
['2018-10-11',   0,  0,  0],
['2018-10-12',   0,  0,  0],
['2018-10-13',   0,  0,  0],
['2018-10-14',   0,  0,  0],
['2018-10-15',   0,  0,  0],
['2018-10-16',   0,  0,  0],
['2018-10-17',   0,  0,  0],
['2018-10-18',   0,  0,  0],
['2018-10-19',   0,  0,  0],
['2018-10-20',   0,  0,  0],
['2018-10-21',   0,  0,  0],
['2018-10-22',   0,  0,  0],
['2018-10-23',   0,  0,  0],
['2018-10-24',   0,  0,  0],
['2018-10-25',   0,  0,  0],
['2018-10-26',   0,  0,  0],
['2018-10-27',   0,  0,  0],
['2018-10-28',   0,  0,  0],
['2018-10-29',   0,  0,  0],
['2018-10-30',   0,  0,  0],
['2018-10-31',   0,  0,  0],
['2018-11-01',   0,  0,  0],
['2018-11-02',   0,  0,  0],
['2018-11-03',   0,  0,  0],
['2018-11-04',   0,  0,  0],
['2018-11-05',   0,  0,  0]
        ]);
        var options = {
          title: 'VMAX FAST association report for pocafasv04_SG',
          chartArea:{left:50,top:50},vAxis:{title:'Gigabytes'},hAxis:{title:'DateTime'}
        };

        var chart = new google.visualization.LineChart(document.getElementById('chart_div'));
        chart.draw(data, options);
      }
    </script>
  </head>
  <body>
    <div id="chart_div" style="width: 1500px; height: 900px;"></div>
  </body>
</html>


^Date^EFD^FC^SATA^
|2018-11-05|0|0|0|
|2018-11-04|0|0|0|
|2018-11-03|0|0|0|
|2018-11-02|0|0|0|
|2018-11-01|0|0|0|
|2018-10-31|0|0|0|
|2018-10-30|0|0|0|
|2018-10-29|0|0|0|
|2018-10-28|0|0|0|
|2018-10-27|0|0|0|
|2018-10-26|0|0|0|
|2018-10-25|0|0|0|
|2018-10-24|0|0|0|
|2018-10-23|0|0|0|
|2018-10-22|0|0|0|
|2018-10-21|0|0|0|
|2018-10-20|0|0|0|
|2018-10-19|0|0|0|
|2018-10-18|0|0|0|
|2018-10-17|0|0|0|
|2018-10-16|0|0|0|
|2018-10-15|0|0|0|
|2018-10-14|0|0|0|
|2018-10-13|0|0|0|
|2018-10-12|0|0|0|
|2018-10-11|0|0|0|
|2018-10-10|0|0|0|
|2018-10-09|0|0|0|
|2018-10-08|0|0|0|
|2018-10-07|0|0|0|
|2018-10-06|0|0|0|
|2018-10-05|0|0|0|
|2018-10-04|0|0|0|
|2018-10-03|0|0|0|
|2018-10-02|0|0|0|
|2018-10-01|0|0|0|
|2018-09-30|0|0|0|
|2018-09-29|0|0|0|
|2018-09-28|0|0|0|
|2018-09-27|0|0|0|
|2018-09-26|0|0|0|
|2018-09-25|0|0|0|
|2018-09-24|0|0|0|
|2018-09-23|0|0|0|
|2018-09-22|0|0|0|
|2018-09-21|0|0|0|
|2018-09-20|0|0|0|
|2018-09-19|0|0|0|
|2018-09-18|0|0|0|
|2018-09-17|0|0|0|
|2018-09-16|0|0|0|
|2018-09-15|0|0|0|
|2018-09-14|0|0|0|
|2018-09-13|0|0|0|
|2018-09-12|0|0|0|
|2018-09-11|0|0|0|
|2018-09-10|0|0|0|
|2018-09-09|0|0|0|
|2018-09-08|0|0|0|
|2018-09-07|0|0|0|
|2018-09-06|0|0|0|
|2018-09-05|0|0|0|
|2018-09-04|0|0|0|
|2018-09-03|0|0|0|
|2018-09-02|0|0|0|
|2018-09-01|0|0|0|
|2018-08-31|0|0|0|
|2018-08-30|0|0|0|
|2018-08-29|0|0|0|
|2018-08-28|0|0|0|
|2018-08-27|0|0|0|
|2018-08-26|0|0|0|
|2018-08-25|0|0|0|
|2018-08-24|0|0|0|
|2018-08-23|0|0|0|
|2018-08-22|0|0|0|
|2018-08-21|0|0|0|
|2018-08-20|0|0|0|
|2018-08-19|0|0|0|
|2018-08-18|0|0|0|
|2018-08-17|0|0|0|
|2018-08-16|0|0|0|
|2018-08-15|0|0|0|
|2018-08-14|0|0|0|
|2018-08-13|0|0|0|
|2018-08-12|0|0|0|
|2018-08-11|0|0|0|
|2018-08-10|0|0|0|
|2018-08-09|0|0|0|
|2018-08-08|0|0|0|
|2018-08-07|0|0|0|
|2018-08-06|0|0|0|
|2018-08-05|0|0|0|
|2018-08-04|0|0|0|
|2018-08-03|0|0|0|
|2018-08-02|0|0|0|
|2018-08-01|0|0|0|
|2018-07-31|0|0|0|
|2018-07-30|0|0|0|
|2018-07-29|0|0|0|
|2018-07-28|0|0|0|
|2018-07-27|0|0|0|
|2018-07-26|0|0|0|
|2018-07-25|0|0|0|
|2018-07-24|0|0|0|
|2018-07-23|0|0|0|
|2018-07-22|0|0|0|
|2018-07-21|0|0|0|
|2018-07-20|0|0|0|
|2018-07-19|0|0|0|
|2018-07-18|0|0|0|
|2018-07-17|0|0|0|
|2018-07-16|0|0|0|
|2018-07-15|0|0|0|
|2018-07-14|0|0|0|
|2018-07-13|0|0|0|
|2018-07-12|0|0|0|
|2018-07-11|0|0|0|
|2018-07-10|0|0|0|
|2018-07-09|0|0|0|
|2018-07-08|0|0|0|
|2018-07-07|0|0|0|
|2018-07-06|0|0|0|
|2018-07-05|0|0|0|
|2018-07-04|0|0|0|
|2018-07-03|0|0|0|
|2018-07-02|0|0|0|
|2018-07-01|0|0|0|
|2018-06-30|0|0|0|
|2018-06-29|0|0|0|
|2018-06-28|0|0|0|
|2018-06-27|0|0|0|
|2018-06-26|0|0|0|
|2018-06-25|0|0|0|
|2018-06-24|0|0|0|
|2018-06-23|0|0|0|
|2018-06-22|0|0|0|
|2018-06-21|0|0|0|
|2018-06-20|0|0|0|
|2018-06-19|0|0|0|
|2018-06-18|0|0|0|
|2018-06-17|0|0|0|
|2018-06-16|0|0|0|
|2018-06-15|0|0|0|
|2018-06-14|0|0|0|
|2018-06-13|0|0|0|
|2018-06-12|0|0|0|
|2018-06-11|0|0|0|
|2018-06-10|0|0|0|
|2018-06-09|0|0|0|
|2018-06-08|0|0|0|
|2018-06-07|0|0|0|
|2018-06-06|0|0|0|
|2018-06-05|0|0|0|
|2018-06-04|0|0|0|
|2018-06-03|0|0|0|
|2018-06-02|0|0|0|
|2018-06-01|0|0|0|
|2018-05-31|0|0|0|
|2018-05-30|0|0|0|
|2018-05-29|0|0|0|
|2018-05-28|0|0|0|
|2018-05-27|0|0|0|
|2018-05-26|0|0|0|
|2018-05-25|0|0|0|
|2018-05-24|0|0|0|
|2018-05-23|0|0|0|
|2018-05-22|0|0|0|
|2018-05-21|0|0|0|
|2018-05-20|0|0|0|
|2018-05-19|0|0|0|
|2018-05-18|0|0|0|
|2018-05-17|0|0|0|
|2018-05-16|0|0|0|
|2018-05-15|0|0|0|
|2018-05-14|0|0|0|
|2018-05-13|0|0|0|
|2018-05-12|0|0|0|
|2018-05-11|0|0|0|
|2018-05-10|0|0|0|
|2018-05-09|0|0|0|
|2018-05-08|0|0|0|
|2018-05-07|0|0|0|
|2018-05-06|0|0|0|
|2018-05-05|0|0|0|
|2018-05-04|0|0|0|
|2018-05-03|0|0|0|
|2018-05-02|0|0|0|
|2018-05-01|0|0|0|
|2018-04-30|0|0|0|
|2018-04-29|0|0|0|
|2018-04-28|0|0|0|
|2018-04-27|0|0|0|
|2018-04-26|0|0|0|
|2018-04-25|0|0|0|
|2018-04-24|0|0|0|
|2018-04-23|0|0|0|
|2018-04-22|0|0|0|
|2018-04-21|0|0|0|
|2018-04-20|0|0|0|
|2018-04-19|0|0|0|
|2018-04-18|0|0|0|
|2018-04-17|0|0|0|
|2018-04-16|0|0|0|
|2018-04-15|0|0|0|
|2018-04-14|0|0|0|
|2018-04-13|0|0|0|
|2018-04-12|0|0|0|
|2018-04-11|0|0|0|
|2018-04-10|0|0|0|
|2018-04-09|0|0|0|
|2018-04-08|0|0|0|
|2018-04-07|0|0|0|
|2018-04-06|0|0|0|
|2018-04-05|0|0|0|
|2018-04-04|0|0|0|
|2018-04-03|0|0|0|
|2018-04-02|0|0|0|
|2018-04-01|0|0|0|
|2018-03-31|0|0|0|
|2018-03-30|0|0|0|
|2018-03-29|0|0|0|
|2018-03-28|0|0|0|
|2018-03-27|0|0|0|
|2018-03-26|0|0|0|
|2018-03-25|0|0|0|
|2018-03-24|0|0|0|
|2018-03-23|0|0|0|
|2018-03-22|0|0|0|
|2018-03-21|0|0|0|
|2018-03-20|0|0|0|
|2018-03-19|0|0|0|
|2018-03-18|0|0|0|
|2018-03-17|0|0|0|
|2018-03-16|0|0|0|
|2018-03-15|0|0|0|
|2018-03-14|0|0|0|
|2018-03-13|0|0|0|
|2018-03-12|0|0|0|
|2018-03-11|0|0|0|
|2018-03-10|0|0|0|
|2018-03-09|0|0|0|
|2018-03-08|0|0|0|
|2018-03-07|0|0|0|
|2018-03-06|0|0|0|
|2018-03-05|0|0|0|
|2018-03-04|0|0|0|
|2018-03-03|0|0|0|
|2018-03-02|0|0|0|
|2018-03-01|0|0|0|
|2018-02-28|0|0|0|
|2018-02-27|0|0|0|
|2018-02-26|0|0|0|
|2018-02-25|0|0|0|
|2018-02-24|0|0|0|
|2018-02-23|0|0|0|
|2018-02-22|0|0|0|
|2018-02-21|0|0|0|
|2018-02-20|0|0|0|
|2018-02-19|0|0|0|
|2018-02-18|0|0|0|
|2018-02-17|0|0|0|
|2018-02-16|0|0|0|
|2018-02-15|0|0|0|
|2018-02-14|0|0|0|
|2018-02-13|0|0|0|
|2018-02-12|0|0|0|
|2018-02-11|0|0|0|
|2018-02-10|0|0|0|
|2018-02-09|0|0|0|
|2018-02-08|0|0|0|
|2018-02-07|0|0|0|
|2018-02-06|0|0|0|
|2018-02-05|0|0|0|
|2018-02-04|0|0|0|
|2018-02-03|0|0|0|
|2018-02-02|0|0|0|
|2018-02-01|0|0|0|
|2018-01-31|0|0|0|
|2018-01-30|0|0|0|
|2018-01-29|0|0|0|
|2018-01-28|0|0|0|
|2018-01-27|0|0|0|
|2018-01-26|0|0|0|
|2018-01-25|0|0|0|
|2018-01-24|0|0|0|
|2018-01-23|0|0|0|
|2018-01-22|0|0|0|
|2018-01-21|0|0|0|
|2018-01-20|0|0|0|
|2018-01-19|0|0|0|
|2018-01-18|0|0|0|
|2018-01-17|0|0|0|
|2018-01-16|0|0|0|
|2018-01-15|0|0|0|
|2018-01-14|0|0|0|
|2018-01-13|0|0|0|
|2018-01-12|0|0|0|
|2018-01-11|0|0|0|
|2018-01-10|0|0|0|
|2018-01-09|0|0|0|
|2018-01-08|0|0|0|
|2018-01-07|0|0|0|
|2018-01-06|0|0|0|
|2018-01-05|0|0|0|
|2018-01-04|0|0|0|
|2018-01-03|0|0|0|
|2018-01-02|0|0|0|
|2018-01-01|0|0|0|
|2017-12-31|0|0|0|
|2017-12-30|0|0|0|
|2017-12-29|0|0|0|
|2017-12-28|0|0|0|
|2017-12-27|0|0|0|
|2017-12-26|0|0|0|
|2017-12-25|0|0|0|
|2017-12-24|0|0|0|
|2017-12-23|0|0|0|
|2017-12-22|0|0|0|
|2017-12-21|0|0|0|
|2017-12-20|0|0|0|
|2017-12-19|0|0|0|
|2017-12-18|0|0|0|
|2017-12-17|0|0|0|
|2017-12-16|0|0|0|
|2017-12-15|0|0|0|
|2017-12-14|0|0|0|
|2017-12-13|0|0|0|
|2017-12-12|0|0|0|
|2017-12-11|0|0|0|
|2017-12-10|0|0|0|
|2017-12-09|0|0|0|
|2017-12-08|0|0|0|
|2017-12-07|0|0|0|
|2017-12-06|0|0|0|
|2017-12-05|0|0|0|
|2017-12-04|0|0|0|
|2017-12-03|0|0|0|
|2017-12-02|0|0|0|
|2017-12-01|0|0|0|
|2017-11-30|0|0|0|
|2017-11-29|0|0|0|
|2017-11-28|0|0|0|
|2017-11-27|0|0|0|
|2017-11-26|0|0|0|
|2017-11-25|0|0|0|
|2017-11-24|0|0|0|
|2017-11-23|0|0|0|
|2017-11-22|0|0|0|
|2017-11-21|0|0|0|
|2017-11-20|0|0|0|
|2017-11-19|0|0|0|
|2017-11-18|0|0|0|
|2017-11-17|0|0|0|
|2017-11-16|0|0|0|
|2017-11-15|0|0|0|
|2017-11-14|0|0|0|
|2017-11-13|0|0|0|
|2017-11-12|0|0|0|
|2017-11-11|0|0|0|
|2017-11-10|0|0|0|
|2017-11-09|0|20|74|
|2017-11-08|0|19|75|
|2017-11-07|0|19|75|
|2017-11-06|0|25|70|
|2017-11-05|0|31|63|
|2017-11-04|0|31|63|
|2017-11-03|0|28|66|
|2017-11-02|0|24|70|
|2017-11-01|0|26|68|
|2017-10-31|0|31|63|
|2017-10-30|0|32|62|
|2017-10-29|0|33|61|
|2017-10-28|0|33|61|
|2017-10-27|0|34|60|
|2017-10-26|0|28|61|
|2017-10-25|0|28|61|
|2017-10-24|0|27|62|
|2017-10-23|0|17|70|
|2017-10-22|0|15|69|
|2017-10-21|0|14|70|
|2017-10-20|0|10|74|
|2017-10-19|0|4|73|
|2017-10-18|0|2|72|
|2017-10-17|0|2|72|
|2017-10-16|0|3|72|
|2017-10-15|0|3|72|
|2017-10-14|0|3|71|
|2017-10-13|0|3|71|
|2017-10-12|0|4|70|
|2017-10-11|0|4|70|
|2017-10-10|0|4|70|
|2017-10-09|0|4|70|
|2017-10-08|0|4|70|
|2017-10-07|0|4|70|
|2017-10-06|0|4|70|
|2017-10-05|0|4|70|
|2017-10-04|0|3|71|
|2017-10-03|0|3|71|
|2017-10-02|0|3|70|
|2017-10-01|0|3|1441|
|2017-09-30|0|3|1441|
|2017-09-29|0|3|1441|
|2017-09-28|0|3|1441|
|2017-09-27|0|3|1441|
|2017-09-26|0|3|1441|
|2017-09-25|0|3|1441|
|2017-09-24|0|3|1441|
|2017-09-23|0|3|1441|
|2017-09-22|0|3|1441|
|2017-09-21|0|3|1441|
|2017-09-20|0|3|1441|
|2017-09-19|0|3|1441|
|2017-09-18|0|3|1441|
|2017-09-17|0|3|1441|
|2017-09-16|0|3|1441|
|2017-09-15|0|3|1441|
|2017-09-14|0|3|1441|
|2017-09-13|0|3|1441|
|2017-09-12|0|3|1441|
|2017-09-11|0|3|1441|
|2017-09-10|0|3|1441|
|2017-09-09|0|3|1441|
|2017-09-08|0|3|1441|
|2017-09-07|0|3|1441|
|2017-09-06|0|3|1441|
|2017-09-05|0|3|1441|
|2017-09-04|0|3|1441|
|2017-09-03|0|3|1441|
|2017-09-02|0|3|1441|
|2017-09-01|0|3|1441|
|2017-08-31|0|3|1441|
|2017-08-30|0|3|1441|
|2017-08-29|0|3|1441|
|2017-08-28|0|3|1441|
|2017-08-27|0|3|1441|
|2017-08-26|0|3|1441|
|2017-08-25|0|3|1441|
|2017-08-24|0|3|1441|
|2017-08-23|0|3|1441|
|2017-08-22|0|3|1441|
|2017-08-21|0|3|1441|
|2017-08-20|0|3|1441|
|2017-08-19|0|3|1441|
|2017-08-18|0|3|1441|
|2017-08-17|0|3|1441|
|2017-08-16|0|3|1441|
|2017-08-15|0|3|1441|
|2017-08-14|0|3|1441|
|2017-08-13|0|3|1441|
|2017-08-12|0|3|1441|
|2017-08-11|0|3|1441|
|2017-08-10|0|3|1441|
|2017-08-09|0|3|1441|
|2017-08-08|0|3|1441|
|2017-08-07|0|3|1441|
|2017-08-06|0|3|1441|
|2017-08-05|0|3|1441|
|2017-08-04|0|3|1441|
|2017-08-03|0|3|1441|
|2017-08-02|0|3|1441|
|2017-08-01|0|3|1441|
|2017-07-31|0|3|1441|
|2017-07-30|0|3|1441|
|2017-07-29|0|3|1441|
|2017-07-28|0|3|1441|
|2017-07-27|0|3|1441|
|2017-07-26|0|3|1441|
|2017-07-25|0|3|1441|
|2017-07-24|0|3|1441|
|2017-07-23|0|3|1441|
|2017-07-22|0|3|1441|
|2017-07-21|0|3|1441|
|2017-07-20|0|3|1441|
|2017-07-19|0|3|1441|
|2017-07-18|0|3|1441|
|2017-07-17|0|3|1441|
|2017-07-16|0|4|1441|
|2017-07-15|1|3|1441|
|2017-07-14|1|3|1441|
|2017-07-13|1|3|1441|
|2017-07-12|1|3|1441|
|2017-07-11|1|3|1441|
|2017-07-10|1|3|1441|
|2017-07-09|1|3|1441|
|2017-07-08|1|3|1441|
|2017-07-07|1|3|1441|
|2017-07-06|1|3|1441|
|2017-07-05|1|3|1441|
|2017-07-04|1|3|1441|
|2017-07-03|1|3|1441|
|2017-07-02|1|3|1441|
|2017-07-01|1|3|1441|
|2017-06-30|1|3|1441|
|2017-06-29|1|3|1441|
|2017-06-28|1|3|1441|
|2017-06-27|1|3|1441|
|2017-06-26|1|3|1441|
|2017-06-25|1|3|1441|
|2017-06-24|1|3|1441|
|2017-06-23|1|3|1441|
|2017-06-22|1|3|1441|
|2017-06-21|1|3|1441|
|2017-06-20|1|3|1441|
|2017-06-19|1|3|1441|
|2017-06-18|1|3|1441|
|2017-06-17|1|3|1441|
|2017-06-16|1|3|1441|
|2017-06-15|1|3|1441|
|2017-06-14|1|3|1441|
|2017-06-13|1|3|1441|
|2017-06-12|1|3|1441|
|2017-06-11|1|3|1441|
|2017-06-10|1|3|1441|
|2017-06-09|1|3|1441|
|2017-06-08|1|3|1441|
|2017-06-07|1|3|1441|
|2017-06-06|1|3|1441|
|2017-06-05|1|3|1441|
|2017-06-04|1|3|1441|
|2017-06-03|1|3|1441|
|2017-06-02|0|3|1441|
|2017-06-01|1|3|1441|
|2017-05-31|1|3|1441|
|2017-05-30|1|3|1441|
|2017-05-29|1|3|1441|
|2017-05-28|1|3|1441|
|2017-05-27|1|3|1441|
|2017-05-26|1|3|1441|
|2017-05-25|1|3|1441|
|2017-05-24|1|3|1441|
|2017-05-23|1|3|1441|
|2017-05-22|1|3|1441|
|2017-05-21|1|3|1441|
|2017-05-20|1|3|1441|
|2017-05-19|1|3|1441|
|2017-05-18|1|3|1441|
|2017-05-17|1|3|1441|
|2017-05-16|1|3|1441|
|2017-05-15|1|3|1441|
|2017-05-14|1|3|1441|
|2017-05-13|1|3|1441|
|2017-05-12|1|3|1441|
|2017-05-11|1|3|1441|
|2017-05-10|1|3|1441|
|2017-05-09|1|3|1441|
|2017-05-08|1|3|1441|
|2017-05-07|1|3|1441|
|2017-05-06|1|3|1441|
|2017-05-05|1|3|1441|
|2017-05-04|1|3|1441|
|2017-05-03|1|3|1441|
|2017-05-02|1|3|1441|
|2017-05-01|1|3|1441|
|2017-04-30|1|3|1441|
|2017-04-29|1|3|1441|
|2017-04-28|1|3|1441|
|2017-04-27|1|3|1441|
|2017-04-26|1|3|1441|
|2017-04-25|1|3|1441|
|2017-04-24|1|3|1441|
|2017-04-23|1|3|1441|
|2017-04-22|1|3|1441|
|2017-04-21|1|3|1441|
|2017-04-20|1|3|1441|
|2017-04-19|1|3|1441|
|2017-04-18|1|3|1441|
|2017-04-17|1|3|1441|
|2017-04-16|1|3|1441|
|2017-04-15|1|3|1441|
|2017-04-14|1|3|1441|
|2017-04-13|1|3|1441|
|2017-04-12|1|3|1441|
|2017-04-11|1|3|1441|
|2017-04-10|1|3|1441|
|2017-04-09|1|3|1441|
|2017-04-08|1|3|1441|
|2017-04-07|1|3|1441|
|2017-04-06|1|3|1441|
|2017-04-05|1|3|1441|
|2017-04-04|1|3|1441|
|2017-04-03|1|3|1441|
|2017-04-02|1|3|1441|
|2017-04-01|1|3|1441|
|2017-03-31|1|3|1441|
|2017-03-30|1|3|1441|
|2017-03-29|1|3|1441|
|2017-03-28|1|3|1441|
|2017-03-27|1|3|1441|
|2017-03-26|1|3|1441|
|2017-03-25|1|3|1441|
|2017-03-24|1|3|1441|
|2017-03-23|1|3|1441|
|2017-03-22|1|3|1441|
|2017-03-21|1|3|1441|
|2017-03-20|1|3|1441|
|2017-03-19|1|3|1441|
|2017-03-18|1|3|1441|
|2017-03-17|1|3|1441|
|2017-03-16|1|3|1441|
|2017-03-15|1|3|1441|
|2017-03-14|1|3|1441|
|2017-03-13|1|3|1441|
|2017-03-12|1|3|1441|
|2017-03-11|1|3|1441|
|2017-03-10|1|3|1441|
|2017-03-09|1|3|1441|
|2017-03-08|1|3|1441|
|2017-03-07|1|3|1441|
|2017-03-06|1|3|1441|
|2017-03-05|1|3|1441|
|2017-03-04|1|3|1441|
|2017-03-03|1|3|1441|
|2017-03-02|1|3|1441|
|2017-03-01|1|3|1441|
|2017-02-28|1|3|1441|
|2017-02-27|1|3|1441|
|2017-02-26|1|3|1441|
|2017-02-25|1|3|1441|
|2017-02-24|1|3|1441|
|2017-02-23|1|3|1441|
|2017-02-22|1|3|1441|
|2017-02-21|1|3|1441|
|2017-02-20|1|3|1441|
|2017-02-19|1|3|1441|
|2017-02-18|1|3|1441|
|2017-02-17|1|3|1441|
|2017-02-16|1|3|1441|
|2017-02-15|1|3|1441|
|2017-02-14|1|3|1441|
|2017-02-13|1|3|1441|
|2017-02-12|1|3|1441|
|2017-02-11|1|3|1441|
|2017-02-10|1|3|1441|
|2017-02-09|1|3|1441|
|2017-02-08|1|3|1441|
|2017-02-07|1|3|1441|
|2017-02-06|1|3|1441|
|2017-02-05|1|3|1441|
|2017-02-04|1|3|1441|
|2017-02-03|1|3|1441|
|2017-02-02|1|3|1441|
|2017-02-01|1|3|1441|
|2017-01-31|1|3|1441|
|2017-01-30|1|3|1441|
|2017-01-29|1|3|1441|
|2017-01-28|1|3|1441|
|2017-01-27|1|3|1441|
|2017-01-26|1|3|1441|
|2017-01-25|1|3|1441|
|2017-01-24|1|3|1441|
|2017-01-23|1|3|1441|
|2017-01-22|1|3|1441|
|2017-01-21|1|3|1441|
|2017-01-20|0|3|1441|
|2017-01-19|0|3|1441|
|2017-01-18|0|3|1441|
|2017-01-17|1|4|1440|
|2017-01-16|1|4|1440|
|2017-01-15|1|5|1440|
|2017-01-14|1|5|1439|
|2017-01-13|1|5|1439|
|2017-01-12|1|6|1439|
|2017-01-11|1|6|1439|
|2017-01-10|0|6|1439|
|2017-01-09|0|6|1439|
|2017-01-08|0|6|1438|
|2017-01-07|0|6|1438|
|2017-01-06|0|7|1438|
|2017-01-05|0|7|1438|
|2017-01-04|0|7|1437|
|2017-01-03|0|8|1437|
|2017-01-02|0|8|1436|
|2017-01-01|0|9|1436|
|2016-12-31|0|10|1435|
|2016-12-30|0|10|1434|
|2016-12-29|0|10|1434|
|2016-12-28|0|11|1433|
|2016-12-27|0|12|1433|
|2016-12-26|0|12|1433|
|2016-12-25|0|12|1432|
|2016-12-24|0|11|1433|
|2016-12-23|0|7|1434|
|2016-12-22|1|5|1436|
|2016-12-21|1|4|1435|
|2016-12-20|1|4|1435|
|2016-12-19|1|4|1435|
|2016-12-18|1|4|1435|
|2016-12-17|1|5|1435|
|2016-12-16|1|5|1435|
|2016-12-15|0|5|1435|
|2016-12-14|0|5|1435|
|2016-12-13|1|5|1435|
|2016-12-12|1|5|1435|
|2016-12-11|1|5|1435|
|2016-12-10|0|5|1435|
|2016-12-09|0|5|1435|
|2016-12-08|1|5|1435|
|2016-12-07|1|5|1435|
|2016-12-06|1|5|1435|
|2016-12-05|1|5|1435|
|2016-12-04|1|5|1435|
|2016-12-03|0|5|1435|
|2016-12-02|0|5|1435|
|2016-12-01|0|5|1435|
|2016-11-30|0|5|1435|
|2016-11-29|0|5|1435|
|2016-11-28|1|5|1435|
|2016-11-27|0|5|1435|
|2016-11-26|1|5|1435|
|2016-11-25|0|5|1435|
|2016-11-24|0|5|1435|
|2016-11-23|0|5|1435|
|2016-11-22|1|5|1435|
|2016-11-21|1|5|1435|
|2016-11-20|0|5|1435|
|2016-11-19|0|5|1435|
|2016-11-18|0|5|1435|
|2016-11-17|0|5|1435|
|2016-11-16|1|5|1435|
|2016-11-15|1|5|1435|
|2016-11-14|1|5|1435|
|2016-11-13|1|5|1435|
|2016-11-12|1|5|1435|
|2016-11-11|1|5|1435|
|2016-11-10|0|5|1435|
|2016-11-09|1|5|1435|
|2016-11-08|1|5|1435|
|2016-11-07|1|5|1435|
|2016-11-06|1|5|1435|
|2016-11-05|1|6|1434|
|2016-11-04|1|6|1434|
|2016-11-03|1|7|1433|
|2016-11-02|1|7|1433|
|2016-11-01|1|7|1433|
|2016-10-31|1|8|1432|
|2016-10-30|1|9|1431|
|2016-10-29|1|10|1430|
|2016-10-28|1|10|1430|
|2016-10-27|1|10|1430|
|2016-10-26|1|10|1430|
|2016-10-25|1|10|1429|
|2016-10-24|1|10|1430|
|2016-10-23|1|10|1430|
|2016-10-22|1|11|1429|
|2016-10-21|1|11|1429|
|2016-10-20|1|12|1428|
|2016-10-19|1|11|1429|
|2016-10-18|1|10|1428|
|2016-10-17|1|11|1427|
|2016-10-16|1|11|1427|
|2016-10-15|0|11|1427|
|2016-10-14|0|12|1426|
|2016-10-13|0|12|1426|
|2016-10-12|1|12|1426|
|2016-10-11|1|12|1426|
|2016-10-10|1|9|1426|
|2016-10-09|1|9|1426|
|2016-10-08|0|10|1425|
|2016-10-07|0|10|1425|
|2016-10-06|0|10|1425|
|2016-10-05|0|10|1425|
|2016-10-04|0|10|1425|
|2016-10-03|0|10|1425|
|2016-10-02|1|7|1427|
|2016-10-01|1|4|1428|
|2016-09-30|1|4|1428|
|2016-09-29|1|4|1428|
|2016-09-28|1|4|1428|
|2016-09-27|1|4|1428|
|2016-09-26|1|4|1428|
|2016-09-25|1|4|1428|
|2016-09-24|1|4|1428|
|2016-09-23|1|4|1428|
|2016-09-22|1|4|1427|
|2016-09-21|1|4|1427|
|2016-09-20|1|4|1427|
|2016-09-19|1|4|1427|
|2016-09-18|1|4|1427|
|2016-09-17|1|4|1427|
|2016-09-16|1|4|1427|
|2016-09-15|1|4|1427|
|2016-09-14|1|4|1427|
|2016-09-13|1|4|1427|
|2016-09-12|1|4|1427|
|2016-09-11|1|4|1427|
|2016-09-10|1|4|1427|
|2016-09-09|1|4|1427|
|2016-09-08|1|4|1427|
|2016-09-07|1|4|1427|
|2016-09-06|1|4|1427|
|2016-09-05|1|4|1427|
|2016-09-04|1|4|1427|
|2016-09-03|1|4|1427|
|2016-09-02|1|4|1427|
|2016-09-01|1|4|1427|
|2016-08-31|1|4|1427|
|2016-08-30|1|4|1427|
|2016-08-29|1|4|1427|
|2016-08-28|1|4|1427|
|2016-08-27|1|4|1427|
|2016-08-26|1|4|1427|
|2016-08-25|1|4|1427|
|2016-08-24|1|4|1427|
|2016-08-23|1|4|1427|
|2016-08-22|1|4|1427|
|2016-08-21|1|4|1427|
|2016-08-20|1|4|1427|
|2016-08-19|1|4|1427|
|2016-08-18|1|4|1427|
|2016-08-17|1|4|1427|
|2016-08-16|1|4|1427|
|2016-08-15|1|4|1427|
|2016-08-14|1|4|1427|
|2016-08-13|1|4|1427|
|2016-08-12|1|4|1427|
|2016-08-11|1|4|1427|
|2016-08-10|1|4|1427|
|2016-08-09|1|4|1427|
|2016-08-08|1|4|1427|
|2016-08-07|1|4|1427|
|2016-08-06|1|4|1427|
|2016-08-05|1|4|1427|
|2016-08-04|1|4|1427|
|2016-08-03|1|4|1427|
|2016-08-02|1|4|1427|
|2016-08-01|1|4|1427|
|2016-07-31|1|4|1427|
|2016-07-30|1|4|1427|
|2016-07-29|1|4|1427|
|2016-07-28|1|4|1427|
|2016-07-27|1|4|1427|
|2016-07-26|1|4|1427|
|2016-07-25|1|4|1427|
|2016-07-24|1|4|1427|
|2016-07-23|1|4|1427|
|2016-07-22|1|4|1427|
|2016-07-21|1|4|1427|
|2016-07-20|1|4|1427|
|2016-07-19|1|4|1427|
|2016-07-18|1|4|1427|
|2016-07-17|1|4|1427|
|2016-07-16|1|4|1427|
|2016-07-15|1|4|1427|
|2016-07-14|1|4|1427|
|2016-07-13|1|4|1427|
|2016-07-12|1|4|1427|
|2016-07-11|1|4|1427|
|2016-07-10|1|4|1427|
|2016-07-09|1|4|1427|
|2016-07-08|1|4|1427|
|2016-07-07|1|4|1427|
|2016-07-06|1|4|1427|
|2016-07-05|1|4|1427|
|2016-07-04|1|4|1427|
|2016-07-03|1|4|1427|
|2016-07-02|1|4|1427|
|2016-07-01|1|4|1427|
|2016-06-30|1|4|1427|
|2016-06-29|1|4|1427|
|2016-06-28|1|4|1427|
|2016-06-27|1|4|1427|
|2016-06-26|1|4|1427|
|2016-06-25|1|4|1427|
|2016-06-24|1|4|1427|
|2016-06-23|1|4|1427|
|2016-06-22|1|4|1427|
|2016-06-21|1|4|1427|
|2016-06-20|1|4|1427|
|2016-06-19|1|4|1427|
|2016-06-18|1|4|1427|
|2016-06-17|1|4|1427|
|2016-06-16|1|4|1427|
|2016-06-15|1|4|1427|
|2016-06-14|1|4|1427|
|2016-06-13|1|4|1427|
|2016-06-12|1|4|1427|
|2016-06-11|1|4|1427|
|2016-06-10|1|4|1427|
|2016-06-09|1|4|1427|
|2016-06-08|1|4|1427|
|2016-06-07|1|4|1427|
|2016-06-06|1|4|1427|
|2016-06-05|1|4|1427|
|2016-06-04|1|4|1427|
|2016-06-03|1|4|1427|
|2016-06-02|1|4|1427|
|2016-06-01|1|4|1427|
|2016-05-31|1|4|1427|
|2016-05-30|1|4|1427|
|2016-05-29|1|4|1427|
|2016-05-28|1|4|1427|
|2016-05-27|1|4|1427|
|2016-05-26|1|4|1427|
|2016-05-25|1|4|1427|
|2016-05-24|1|4|1427|
|2016-05-23|1|4|1427|
|2016-05-22|1|4|1427|
|2016-05-21|1|4|1427|
|2016-05-20|1|4|1427|
|2016-05-19|1|4|1427|
|2016-05-18|1|4|1427|
|2016-05-17|1|4|1427|
|2016-05-16|1|4|1427|
|2016-05-15|1|4|1427|
|2016-05-14|1|4|1427|
|2016-05-13|1|4|1427|
|2016-05-12|1|4|1427|
|2016-05-11|1|4|1427|
|2016-05-10|1|4|1427|
|2016-05-09|1|4|1427|
|2016-05-08|1|4|1427|
|2016-05-07|1|4|1427|
|2016-05-06|1|4|1427|
|2016-05-05|1|4|1427|
|2016-05-04|1|4|1427|
|2016-05-03|1|4|1427|
|2016-05-02|1|4|1427|
|2016-05-01|1|4|1427|
|2016-04-30|1|4|1427|
|2016-04-29|1|4|1427|
|2016-04-28|1|4|1427|
|2016-04-27|1|4|1427|
|2016-04-26|1|4|1427|
|2016-04-25|1|4|1427|
|2016-04-24|1|4|1427|
|2016-04-23|1|4|1427|
|2016-04-22|1|4|1427|
|2016-04-21|1|4|1427|
|2016-04-20|1|4|1426|
|2016-04-19|1|4|1426|
|2016-04-18|1|4|1426|
|2016-04-17|1|5|1426|
|2016-04-16|1|5|1426|
|2016-04-15|1|5|1426|
|2016-04-14|1|5|1426|
|2016-04-13|1|6|1425|
|2016-04-12|1|6|1425|
|2016-04-11|1|6|1424|
|2016-04-10|1|7|1423|
|2016-04-09|1|7|1423|
|2016-04-08|1|7|1423|
|2016-04-07|1|7|1423|
|2016-04-06|1|7|1423|
|2016-04-05|1|7|1423|
|2016-04-04|1|7|1423|
|2016-04-03|1|7|1423|
|2016-04-02|1|8|1422|
|2016-04-01|1|8|1422|
|2016-03-31|1|9|1421|
|2016-03-30|1|9|1421|
|2016-03-29|1|9|1421|
|2016-03-28|1|9|1421|
|2016-03-27|1|8|1421|
|2016-03-26|1|9|1421|
|2016-03-25|1|9|1421|
|2016-03-24|1|8|1421|
|2016-03-23|1|8|1421|
|2016-03-22|1|9|1421|
|2016-03-21|1|8|1421|
|2016-03-20|1|9|1421|
|2016-03-19|1|9|1421|
|2016-03-18|1|9|1421|
|2016-03-17|1|9|1421|
|2016-03-16|1|15|1415|
|2016-03-15|1|16|1413|
|2016-03-14|1|37|1393|
|2016-03-13|1|45|1385|
|2016-03-12|1|53|1377|
|2016-03-11|1|58|1372|
|2016-03-10|1|67|1363|
|2016-03-09|1|70|1360|
|2016-03-08|1|68|1362|
|2016-03-07|1|68|1362|
|2016-03-06|1|61|1369|
|2016-03-05|1|86|1344|
|2016-03-04|1|97|1333|
|2016-03-03|1|100|1331|
|2016-03-02|1|111|1319|
|2016-03-01|1|116|1314|
|2016-02-29|1|211|1219|
|2016-02-28|1|228|1202|
|2016-02-27|1|228|1202|
|2016-02-26|1|228|1202|
|2016-02-25|1|228|1202|
|2016-02-24|1|234|1197|
|2016-02-23|1|241|1190|
|2016-02-22|1|226|1204|
|2016-02-21|1|229|1201|
|2016-02-20|1|208|1222|
|2016-02-19|1|169|1261|
|2016-02-18|1|181|1249|
|2016-02-17|1|206|1224|
|2016-02-16|1|220|1210|
|2016-02-15|1|232|1198|
|2016-02-14|1|249|1181|
|2016-02-13|1|238|1192|
|2016-02-12|1|229|1201|
|2016-02-11|1|193|1237|
|2016-02-10|1|183|1247|
|2016-02-09|1|38|341|
|2016-02-08|1|40|338|
|2016-02-07|0|40|339|
|2016-02-06|0|37|342|
|2016-02-05|0|39|340|
|2016-02-04|0|36|343|
|2016-02-03|0|38|341|
|2016-02-02|0|34|345|
|2016-02-01|0|34|345|
|2016-01-31|0|34|345|
|2016-01-30|0|31|348|
|2016-01-29|0|30|348|
|2016-01-28|0|33|346|
|2016-01-27|0|33|346|
|2016-01-26|0|35|344|
|2016-01-25|0|30|349|
|2016-01-24|0|32|347|
|2016-01-23|0|32|347|
|2016-01-22|0|40|339|
|2016-01-21|0|37|342|
|2016-01-20|0|36|343|
|2016-01-19|0|35|343|
|2016-01-18|0|39|339|
|2016-01-17|1|31|348|
|2016-01-16|1|32|347|
|2016-01-15|1|40|339|
|2016-01-14|1|40|339|
|2016-01-13|1|33|346|
|2016-01-12|1|35|344|
|2016-01-11|1|30|349|
|2016-01-10|1|39|340|
|2016-01-09|1|43|335|
|2016-01-08|1|39|340|
|2016-01-07|1|38|340|
|2016-01-06|1|38|340|
|2016-01-05|1|44|334|
|2016-01-04|1|36|343|
|2016-01-03|1|34|345|
|2016-01-02|1|31|348|
|2016-01-01|1|35|344|
|2015-12-31|1|39|340|
|2015-12-30|1|38|341|
|2015-12-29|0|38|341|
|2015-12-28|0|51|328|
|2015-12-27|0|46|333|
|2015-12-26|0|53|326|
|2015-12-25|0|67|312|
|2015-12-24|0|63|316|
|2015-12-23|0|70|308|
|2015-12-22|0|79|300|
|2015-12-21|0|56|322|
|2015-12-20|0|70|308|
|2015-12-19|0|78|301|
|2015-12-18|0|96|282|
|2015-12-17|0|106|273|
|2015-12-16|0|100|279|
|2015-12-15|0|87|292|
|2015-12-14|0|82|297|
|2015-12-13|0|79|300|
|2015-12-12|0|78|300|
|2015-12-11|0|96|283|
|2015-12-10|1|101|277|
|2015-12-09|1|115|264|
|2015-12-08|1|87|291|
|2015-12-07|1|76|302|
|2015-12-06|1|58|321|
|2015-12-05|1|85|294|
|2015-12-04|0|90|289|
|2015-12-03|0|81|297|
|2015-12-02|0|102|276|
|2015-12-01|0|111|267|
|2015-11-30|0|128|251|
|2015-11-29|0|132|247|
|2015-11-28|0|153|226|
|2015-11-27|0|141|238|
|2015-11-26|0|737|694|
|2015-11-25|0|124|255|
|2015-11-24|0|555|875|
|2015-11-23|0|435|972|
|2015-11-22|0|138|230|
|2015-11-21|0|154|214|
|2015-11-20|0|151|217|
|2015-11-19|0|153|216|
|2015-11-18|0|140|228|
|2015-11-17|0|125|243|
|2015-11-16|0|91|278|
|2015-11-15|0|97|271|
|2015-11-14|0|152|315|
|2015-11-13|0|219|247|
|2015-11-09|0|238|229|
|2015-11-08|0|201|266|
|2015-11-07|0|153|314|
|2015-11-06|0|120|347|
|2015-11-05|0|165|302|
|2015-11-04|0|223|244|
|2015-11-03|0|271|196|
|2015-11-02|0|280|187|
|2015-11-01|0|281|186|
|2015-10-31|0|260|206|
|2015-10-30|0|213|253|
|2015-10-29|0|149|318|
|2015-10-28|0|150|316|
|2015-10-27|0|169|298|
|2015-10-26|0|320|147|
|2015-10-25|0|370|97|
|2015-10-24|0|380|86|
|2015-10-23|0|365|102|
|2015-10-22|0|322|144|
|2015-10-21|0|260|195|
|2015-10-20|0|211|243|
|2015-10-19|0|211|244|
|2015-10-18|0|240|215|
|2015-10-17|0|240|215|
|2015-10-16|1|221|233|
|2015-10-15|1|175|279|
|2015-10-14|1|186|267|
|2015-10-13|1|201|239|
|2015-10-12|1|238|203|
|2015-10-11|1|268|172|
|2015-10-10|1|282|158|
|2015-10-09|1|285|155|
|2015-10-08|1|261|179|
|2015-10-07|1|205|236|
|2015-10-06|1|132|308|
|2015-10-05|1|192|248|
|2015-10-04|1|255|186|
|2015-10-03|1|363|78|
|2015-10-02|1|382|59|
|2015-10-01|0|403|37|
|2015-09-30|0|56|34|
|2015-09-29|0|57|34|
|2015-09-28|0|56|34|
|2015-09-27|0|57|34|
|2015-09-26|0|56|34|
|2015-09-25|0|55|35|
|2015-09-24|0|55|35|
|2015-09-23|0|10|34|
|2015-09-22|0|10|33|
|2015-09-21|0|7|34|
|2015-09-20|0|7|34|
|2015-09-19|0|7|34|
|2015-09-18|0|4|36|
|2015-09-17|0|3|36|
|2015-09-16|0|3|36|
|2015-09-15|0|3|36|
|2015-09-14|0|2|36|
|2015-09-13|0|3|36|
|2015-09-12|0|3|36|
|2015-09-11|0|2|36|
|2015-09-10|0|2|36|
|2015-09-09|0|2|36|
|2015-09-08|0|2|36|
|2015-09-07|0|3|36|
|2015-09-06|0|3|36|
|2015-09-05|0|3|36|
|2015-09-04|0|3|36|
|2015-09-03|0|3|36|
|2015-09-02|0|3|36|
|2015-09-01|0|2|36|
|2015-08-17|0|2|36|
|2015-08-16|0|2|36|
|2015-08-15|0|3|36|
|2015-08-14|0|2|36|
|2015-08-13|0|2|36|
|2015-08-12|0|2|36|
|2015-08-11|0|3|36|
|2015-08-10|0|3|36|
|2015-08-09|0|3|36|
|2015-08-08|0|3|36|
|2015-08-07|0|3|36|
|2015-08-06|0|3|36|
|2015-08-05|0|3|36|
|2015-08-04|0|3|36|
|2015-08-03|0|3|36|
|2015-08-02|0|3|36|
|2015-08-01|0|3|36|
|2015-07-31|0|3|36|
|2015-07-30|0|2|36|
|2015-07-29|0|4|35|
|2015-07-28|0|4|35|
|2015-07-27|0|4|34|
|2015-07-26|0|4|34|
|2015-07-25|0|4|34|
|2015-07-24|0|4|34|
|2015-07-23|0|5|34|
|2015-07-22|0|5|34|
|2015-07-21|0|4|34|
|2015-07-20|0|5|34|
|2015-07-19|0|5|34|
|2015-07-18|0|5|34|
|2015-07-17|0|5|34|
|2015-07-16|0|5|34|
|2015-07-15|0|5|34|
|2015-07-14|0|5|34|
|2015-07-13|0|5|34|
|2015-07-12|0|5|34|
|2015-07-11|0|5|34|
|2015-07-10|0|5|34|
|2015-07-09|0|4|34|
|2015-07-08|0|4|35|
|2015-07-07|0|1|38|
|2015-07-06|0|1|38|
|2015-07-05|0|1|38|
|2015-07-04|0|1|38|
|2015-07-03|0|1|38|
|2015-07-02|0|1|38|
|2015-07-01|0|1|38|
|2015-06-30|0|1|38|
|2015-06-29|0|1|38|
|2015-06-28|0|1|38|
|2015-06-27|0|1|38|
|2015-06-26|0|1|38|
|2015-06-25|0|1|38|
|2015-06-24|0|1|38|
|2015-06-23|0|1|38|
|2015-06-22|0|1|38|
|2015-06-21|0|1|38|
|2015-06-20|0|1|38|
|2015-06-19|0|2|37|
|2015-06-18|0|1|38|
|2015-06-17|0|1|38|
|2015-06-16|0|1|38|
|2015-06-15|0|1|38|
|2015-06-14|0|1|38|
|2015-06-13|0|2|37|
|2015-06-12|0|2|37|
|2015-06-11|0|2|37|
|2015-06-10|0|2|37|
|2015-06-09|0|2|37|
|2015-06-08|0|2|37|
|2015-06-07|0|1|37|
|2015-06-06|0|2|37|
|2015-06-05|0|1|37|
|2015-06-04|0|1|38|
|2015-06-03|0|1|37|
|2015-06-02|0|2|37|
|2015-06-01|0|2|37|
|2015-05-31|0|2|37|
|2015-05-30|0|2|37|
|2015-05-29|0|2|37|
|2015-05-28|0|2|37|
|2015-05-27|0|2|37|
|2015-05-26|0|2|37|
|2015-05-25|0|3|36|
|2015-05-24|0|4|35|
|2015-05-23|0|3|36|
|2015-05-22|0|3|36|
|2015-05-21|0|3|36|
|2015-05-20|0|3|36|
|2015-05-19|0|3|36|
|2015-05-18|0|3|36|
|2015-05-17|0|3|36|
|2015-05-16|0|3|36|
|2015-05-15|0|3|36|
|2015-05-14|0|3|36|
|2015-05-13|0|3|36|
|2015-05-12|0|3|35|
|2015-05-11|0|4|35|
|2015-05-10|0|5|34|
|2015-05-09|0|4|34|
|2015-05-08|0|4|35|
|2015-05-07|0|4|34|
|2015-05-06|0|4|35|
|2015-05-05|0|4|35|
|2015-05-04|0|4|34|
|2015-05-03|0|6|33|
|2015-05-02|0|6|33|
|2015-05-01|0|6|32|
|2015-04-30|0|6|32|
|2015-04-29|0|6|32|
|2015-04-28|0|6|32|
|2015-04-27|0|6|32|
|2015-04-26|0|6|32|
|2015-04-25|0|6|32|
|2015-04-24|0|6|33|
|2015-04-23|0|6|33|
|2015-04-22|0|6|33|
|2015-04-21|0|6|33|
|2015-04-20|0|6|32|
|2015-04-19|0|6|33|
|2015-04-18|0|6|33|
|2015-04-17|0|6|33|
|2015-04-16|0|6|32|
|2015-04-15|0|6|32|
|2015-04-14|0|7|32|
|2015-04-13|0|7|32|
|2015-04-12|0|8|31|
|2015-04-11|0|8|30|
|2015-04-10|0|8|30|
|2015-04-09|0|8|30|
|2015-04-08|0|8|30|
|2015-04-07|0|8|30|
|2015-04-06|0|9|30|
|2015-04-05|0|9|30|
|2015-04-04|0|7|31|
|2015-04-03|0|7|31|
|2015-04-02|0|7|31|
|2015-04-01|0|6|31|
|2015-03-31|0|5|31|
|2015-03-30|0|4|32|
|2015-03-29|0|3|33|
|2015-03-28|0|2|34|
|2015-03-27|0|4|32|
|2015-03-26|0|4|32|
|2015-03-25|0|4|32|
|2015-03-24|0|6|30|
|2015-03-23|0|6|30|
|2015-03-22|0|7|29|
|2015-03-21|0|7|29|
|2015-03-20|0|7|29|
|2015-03-19|0|10|26|
|2015-03-18|0|10|26|
|2015-03-17|0|10|26|
|2015-03-16|0|9|27|
|2015-03-15|0|10|26|
|2015-03-14|0|10|26|
|2015-03-13|0|10|26|
|2015-03-12|0|11|25|
|2015-03-11|0|11|25|
|2015-03-10|0|11|25|
|2015-03-09|0|13|23|
|2015-03-08|0|14|22|
|2015-03-07|0|14|22|
|2015-03-06|0|14|22|
|2015-03-05|0|13|20|
|2015-03-04|0|14|19|
|2015-03-03|0|14|19|
|2015-03-02|0|15|19|
|2015-03-01|0|16|17|
|2015-02-28|0|16|17|
|2015-02-27|0|16|17|
|2015-02-26|0|15|18|
|2015-02-25|0|3|0|
|2015-02-24|0|12|18|
|2015-02-23|0|11|19|
|2015-02-22|0|13|17|
|2015-02-21|0|13|17|
|2015-02-20|0|13|17|
|2015-02-19|0|13|16|
|2015-02-18|0|19|11|
|2015-02-17|0|19|11|
|2015-02-16|0|20|9|
|2015-02-15|0|20|9|
|2015-02-14|0|21|9|
|2015-02-13|0|25|5|
|2015-02-12|0|27|3|
|2015-02-11|0|27|3|
|2015-02-10|0|27|3|
|2015-02-09|0|27|2|
|2015-02-08|0|27|2|
|2015-02-07|1|24|6|
|2015-02-06|1|24|6|
|2015-02-05|1|24|6|
|2015-02-04|1|22|5|
|2015-02-03|0|12|6|
|2015-02-02|0|17|1|
|2015-02-01|0|17|1|
|2015-01-31|0|16|1|
|2015-01-30|0|17|1|
|2015-01-29|0|17|0|
|2015-01-28|0|17|0|
|2015-01-27|0|0|0|
|2015-01-26|0|0|0|
|2015-01-25|0|0|0|
|2015-01-24|0|0|0|
|2015-01-23|0|0|0|
|2015-01-22|0|0|0|
|2015-01-21|0|0|0|
|2015-01-20|0|0|0|
