<html>
 <head>
   <script type="text/javascript" src="https://www.google.com/jsapi"></script>
   <script type="text/javascript">
     google.load("visualization", "1", {packages:["corechart"]});
     google.setOnLoadCallback(drawChart);
     function drawChart() {
       var data = google.visualization.arrayToDataTable([
['Date','EFD','FC','SATA'],
['2014-09-28',   2,  230,  168],
['2014-09-29',   2,  230,  168],
['2014-09-30',   2,  230,  168],
['2014-10-01',   2,  230,  168],
['2014-10-02',   2,  230,  168],
['2014-10-03',   2,  232,  166],
['2014-10-04',   2,  236,  162],
['2014-10-05',   2,  240,  159],
['2014-10-06',   2,  240,  159],
['2014-10-07',   2,  236,  162],
['2014-10-08',   2,  235,  163],
['2014-10-09',   2,  235,  164],
['2014-10-10',   2,  230,  169],
['2014-10-11',   2,  232,  167],
['2014-10-12',   3,  230,  167],
['2014-10-13',   3,  234,  164],
['2014-10-14',   3,  230,  168],
['2014-10-15',   3,  228,  170],
['2014-10-16',   3,  235,  163],
['2014-10-17',   3,  234,  164],
['2014-10-18',   2,  234,  164],
['2014-10-19',   2,  236,  162],
['2014-10-20',   2,  236,  163],
['2014-10-21',   4,  239,  158],
['2014-10-22',   4,  239,  158],
['2014-10-23',   4,  243,  153],
['2014-10-24',   4,  244,  153],
['2014-10-25',   5,  239,  156],
['2014-10-26',   5,  237,  158],
['2014-10-27',   5,  234,  161],
['2014-10-28',   5,  229,  166],
['2014-10-29',   5,  230,  166],
['2014-10-30',   5,  229,  167],
['2014-10-31',   5,  230,  166],
['2014-11-01',   5,  228,  168],
['2014-11-02',   5,  226,  170],
['2014-11-03',   5,  227,  169],
['2014-11-04',   5,  227,  169],
['2014-11-05',   5,  223,  173],
['2014-11-06',   5,  220,  176],
['2014-11-07',   5,  223,  173],
['2014-11-08',   5,  222,  174],
['2014-11-09',   5,  225,  171],
['2014-11-10',   5,  224,  172],
['2014-11-11',   5,  227,  169],
['2014-11-12',   5,  227,  169],
['2014-11-13',   5,  228,  168],
['2014-11-14',   5,  227,  169],
['2014-11-15',   5,  223,  172],
['2014-11-16',   5,  226,  170],
['2014-11-17',   4,  224,  173],
['2014-11-18',   4,  227,  169],
['2014-11-19',   4,  227,  169],
['2014-11-20',   3,  234,  163],
['2014-11-21',   3,  234,  163],
['2014-11-22',   3,  232,  165],
['2014-11-23',   3,  231,  167],
['2014-11-24',   3,  231,  167],
['2014-11-25',   3,  232,  166],
['2014-11-26',   3,  240,  158],
['2014-11-27',   3,  241,  157],
['2014-11-28',   3,  241,  157],
['2014-11-29',   3,  239,  158],
['2014-11-30',   3,  241,  156],
['2014-12-01',   3,  241,  157],
['2014-12-02',   2,  241,  158],
['2014-12-03',   2,  241,  157],
['2014-12-04',   2,  241,  157],
['2014-12-05',   2,  243,  155],
['2014-12-06',   3,  245,  153],
['2014-12-07',   3,  244,  153],
['2014-12-08',   3,  243,  155],
['2014-12-09',   3,  247,  150],
['2014-12-10',   3,  247,  151],
['2014-12-11',   3,  249,  149],
['2014-12-12',   3,  251,  147],
['2014-12-13',   3,  245,  152],
['2014-12-14',   3,  245,  152],
['2014-12-15',   3,  247,  151],
['2014-12-16',   2,  247,  151],
['2014-12-17',   3,  247,  150],
['2014-12-18',   3,  249,  148],
['2014-12-19',   3,  258,  139],
['2014-12-20',   3,  273,  124],
['2014-12-21',   5,  273,  123],
['2014-12-22',   5,  273,  122],
['2014-12-23',   5,  276,  119],
['2014-12-24',   5,  279,  116],
['2014-12-25',   6,  268,  126],
['2014-12-26',   6,  269,  125],
['2014-12-27',   6,  272,  123],
['2014-12-28',   6,  264,  131],
['2014-12-29',   6,  257,  138],
['2014-12-30',   6,  258,  136],
['2014-12-31',   6,  248,  146],
['2015-01-01',   7,  250,  144],
['2015-01-02',   7,  250,  144],
['2015-01-03',   7,  250,  144],
['2015-01-04',   7,  253,  141],
['2015-01-05',   7,  250,  144],
['2015-01-06',   7,  249,  145],
['2015-01-07',   6,  246,  148],
['2015-01-08',   6,  252,  143],
['2015-01-09',   6,  250,  144],
['2015-01-10',   7,  245,  148],
['2015-01-11',   7,  247,  147],
['2015-01-12',   7,  251,  142],
['2015-01-13',   7,  253,  140],
['2015-01-14',   7,  250,  143],
['2015-01-15',   7,  253,  140],
['2015-01-16',   7,  251,  142],
['2015-01-17',   7,  250,  144],
['2015-01-18',   7,  250,  143],
['2015-01-19',   7,  249,  145],
['2015-01-20',   7,  260,  133],
['2015-01-21',   7,  255,  138],
['2015-01-22',   7,  252,  141],
['2015-01-23',   7,  249,  145],
['2015-01-24',   8,  245,  147],
['2015-01-25',   8,  241,  152],
['2015-01-26',   7,  259,  135],
['2015-01-27',   7,  261,  133],
['2015-01-28',   6,  256,  138],
['2015-01-29',   6,  253,  142],
['2015-01-30',   6,  242,  152],
['2015-01-31',   8,  239,  153],
['2015-02-01',   8,  247,  146],
['2015-02-02',   8,  246,  147],
['2015-02-03',   7,  246,  147],
['2015-02-04',   7,  250,  144],
['2015-02-05',   7,  248,  146],
['2015-02-06',   7,  241,  153],
['2015-02-07',   7,  237,  157],
['2015-02-08',   6,  230,  164],
['2015-02-09',   6,  227,  167],
['2015-02-10',   6,  225,  170],
['2015-02-11',   6,  222,  172],
['2015-02-12',   6,  225,  169],
['2015-02-13',   6,  227,  168],
['2015-02-14',   6,  226,  169],
['2015-02-15',   6,  226,  169],
['2015-02-16',   6,  223,  171],
['2015-02-17',   7,  223,  171],
['2015-02-18',   7,  222,  172],
['2015-02-19',   7,  226,  167],
['2015-02-20',   7,  225,  168],
['2015-02-21',   7,  225,  168],
['2015-02-22',   7,  222,  172],
['2015-02-23',   7,  222,  172],
['2015-02-24',   6,  217,  178],
['2015-02-25',   6,  221,  174],
['2015-02-26',   6,  223,  172],
['2015-02-27',   6,  226,  168],
['2015-02-28',   6,  226,  168],
['2015-03-01',   6,  226,  169],
['2015-03-02',   6,  223,  172],
['2015-03-03',   6,  219,  175],
['2015-03-04',   6,  219,  176],
['2015-03-05',   6,  217,  177],
['2015-03-06',   6,  222,  172],
['2015-03-07',   6,  223,  172],
['2015-03-08',   6,  220,  174],
['2015-03-09',   6,  220,  174],
['2015-03-10',   6,  216,  179],
['2015-03-11',   6,  215,  179],
['2015-03-12',   6,  218,  177],
['2015-03-13',   6,  218,  176],
['2015-03-14',   6,  221,  174],
['2015-03-15',   6,  222,  173],
['2015-03-16',   6,  222,  173],
['2015-03-17',   6,  219,  175],
['2015-03-18',   6,  215,  179],
['2015-03-19',   6,  214,  181],
['2015-03-20',   6,  219,  175],
['2015-03-21',   7,  222,  172],
['2015-03-22',   7,  223,  171],
['2015-03-23',   7,  223,  170],
['2015-03-24',   7,  223,  170],
['2015-03-25',   6,  220,  174],
['2015-03-26',   6,  219,  175],
['2015-03-27',   7,  224,  170],
['2015-03-28',   7,  227,  167],
['2015-03-29',   7,  228,  166],
['2015-03-30',   7,  230,  163],
['2015-03-31',   7,  228,  165],
['2015-04-01',   7,  227,  166],
['2015-04-02',   7,  230,  164],
['2015-04-03',   7,  230,  164],
['2015-04-04',   7,  230,  164],
['2015-04-05',   7,  231,  163],
['2015-04-06',   7,  230,  163],
['2015-04-07',   7,  233,  160],
['2015-04-08',   6,  233,  162],
['2015-04-09',   6,  232,  163],
['2015-04-10',   6,  233,  162],
['2015-04-11',   7,  233,  161],
['2015-04-12',   7,  234,  160],
['2015-04-13',   7,  234,  160],
['2015-04-14',   6,  234,  161],
['2015-04-15',   6,  234,  161],
['2015-04-16',   6,  235,  160],
['2015-04-17',   6,  234,  160],
['2015-04-18',   6,  227,  167],
['2015-04-19',   6,  228,  167],
['2015-04-20',   6,  224,  171],
['2015-04-21',   6,  225,  169],
['2015-04-22',   6,  228,  167],
['2015-04-23',   6,  228,  167],
['2015-04-24',   6,  228,  167],
['2015-04-25',   6,  225,  170],
['2015-04-26',   6,  227,  168],
['2015-04-27',   6,  227,  168],
['2015-04-28',   6,  226,  169],
['2015-04-29',   6,  226,  169],
['2015-04-30',   6,  228,  167],
['2015-05-01',   6,  228,  167],
['2015-05-02',   6,  225,  170],
['2015-05-03',   6,  220,  174],
['2015-05-04',   6,  221,  173],
['2015-05-05',   6,  224,  171],
['2015-05-06',   6,  225,  169],
['2015-05-07',   6,  222,  172],
['2015-05-08',   6,  225,  170],
['2015-05-09',   8,  225,  168],
['2015-05-10',   8,  226,  167],
['2015-05-11',   6,  226,  169],
['2015-05-12',   6,  224,  171],
['2015-05-13',   6,  224,  171],
['2015-05-14',   6,  224,  171],
['2015-05-15',   6,  226,  168],
['2015-05-16',   6,  223,  172],
['2015-05-17',   6,  224,  171],
['2015-05-18',   6,  222,  173],
['2015-05-19',   6,  225,  170],
['2015-05-20',   6,  225,  170],
['2015-05-21',   6,  224,  170],
['2015-05-22',   6,  224,  170],
['2015-05-23',   6,  224,  171],
['2015-05-24',   6,  225,  170],
['2015-05-25',   6,  222,  172],
['2015-05-26',   6,  221,  174],
['2015-05-27',   6,  223,  171],
['2015-05-28',   7,  223,  171],
['2015-05-29',   7,  221,  172],
['2015-05-30',   7,  223,  170],
['2015-05-31',   6,  223,  172],
['2015-06-01',   5,  225,  171],
['2015-06-02',   5,  221,  175],
['2015-06-03',   5,  222,  174],
['2015-06-04',   5,  225,  171],
['2015-06-05',   5,  224,  171],
['2015-06-06',   5,  224,  171],
['2015-06-07',   5,  225,  171],
['2015-06-08',   5,  224,  172],
['2015-06-09',   5,  224,  172],
['2015-06-10',   5,  223,  173],
['2015-06-11',   5,  221,  175],
['2015-06-12',   5,  222,  173],
['2015-06-13',   6,  226,  169],
['2015-06-14',   6,  223,  171],
['2015-06-15',   6,  223,  172],
['2015-06-16',   6,  225,  170],
['2015-06-17',   6,  224,  170],
['2015-06-18',   5,  225,  171],
['2015-06-19',   5,  224,  172],
['2015-06-20',   5,  224,  172],
['2015-06-21',   5,  225,  171],
['2015-06-22',   5,  225,  171],
['2015-06-23',   4,  224,  173],
['2015-06-24',   4,  226,  170],
['2015-06-25',   4,  226,  171],
['2015-06-26',   5,  225,  171],
['2015-06-27',   5,  223,  172],
['2015-06-28',   5,  224,  172],
['2015-06-29',   4,  222,  174],
['2015-06-30',   4,  222,  174],
['2015-07-01',   4,  222,  174],
['2015-07-02',   4,  227,  170],
['2015-07-03',   4,  226,  171],
['2015-07-04',   4,  225,  172],
['2015-07-05',   4,  225,  172],
['2015-07-06',   4,  224,  172],
['2015-07-07',   4,  222,  174],
['2015-07-08',   4,  222,  174],
['2015-07-09',   4,  226,  171],
['2015-07-10',   4,  226,  171],
['2015-07-11',   5,  226,  170],
['2015-07-12',   5,  225,  171],
['2015-07-13',   4,  223,  174],
['2015-07-14',   4,  224,  173],
['2015-07-15',   4,  227,  170],
['2015-07-16',   4,  226,  170],
['2015-07-17',   4,  226,  171],
['2015-07-18',   4,  225,  171],
['2015-07-19',   4,  225,  172],
['2015-07-20',   4,  223,  174],
['2015-07-21',   3,  224,  174],
['2015-07-22',   3,  225,  173],
['2015-07-23',   4,  224,  173],
['2015-07-24',   4,  225,  172],
['2015-07-25',   4,  225,  171],
['2015-07-26',   4,  226,  170],
['2015-07-27',   4,  224,  172],
['2015-07-28',   4,  222,  174],
['2015-07-29',   4,  220,  176],
['2015-07-30',   4,  221,  176],
['2015-07-31',   4,  222,  174],
['2015-08-01',   4,  224,  172],
['2015-08-02',   4,  223,  173],
['2015-08-03',   4,  223,  173],
['2015-08-04',   4,  224,  172],
['2015-08-05',   4,  222,  174],
['2015-08-06',   5,  222,  174],
['2015-08-07',   5,  223,  173],
['2015-08-08',   4,  225,  171],
['2015-08-09',   4,  222,  175],
['2015-08-10',   4,  212,  185],
['2015-08-11',   3,  188,  210],
['2015-08-12',   3,  141,  257],
['2015-08-13',   3,  102,  296],
['2015-08-14',   3,  123,  275],
['2015-08-15',   2,  175,  223],
['2015-08-16',   2,  187,  211],
['2015-08-17',   2,  180,  218],
['2015-09-01',   3,  156,  242],
['2015-09-02',   3,  137,  261],
['2015-09-03',   3,  129,  268],
['2015-09-04',   2,  151,  247],
['2015-09-05',   2,  153,  245],
['2015-09-06',   2,  196,  203],
['2015-09-07',   2,  215,  184],
['2015-09-08',   2,  221,  178],
['2015-09-09',   2,  176,  222],
['2015-09-10',   3,  126,  271],
['2015-09-11',   3,  140,  258],
['2015-09-12',   3,  149,  249],
['2015-09-13',   2,  172,  226],
['2015-09-14',   3,  200,  198],
['2015-09-15',   2,  194,  205],
['2015-09-16',   2,  158,  240],
['2015-09-17',   2,  129,  269],
['2015-09-18',   2,  144,  254],
['2015-09-19',   2,  141,  258],
['2015-09-20',   2,  151,  247],
['2015-09-21',   2,  179,  219],
['2015-09-22',   2,  186,  212],
['2015-09-23',   2,  157,  241],
['2015-09-24',   2,  127,  271],
['2015-09-25',   2,  149,  249],
['2015-09-26',   2,  140,  259],
['2015-09-27',   2,  145,  253],
['2015-09-28',   3,  179,  219],
['2015-09-29',   3,  170,  228],
['2015-09-30',   3,  146,  252],
['2015-10-01',   2,  151,  248],
['2015-10-02',   2,  144,  255],
['2015-10-03',   2,  198,  200],
['2015-10-04',   2,  215,  184],
['2015-10-05',   2,  227,  172],
['2015-10-06',   2,  226,  172],
['2015-10-07',   2,  226,  172],
['2015-10-08',   2,  223,  176],
['2015-10-09',   2,  222,  176],
['2015-10-10',   2,  222,  177],
['2015-10-11',   2,  222,  176],
['2015-10-12',   2,  222,  176],
['2015-10-13',   3,  224,  174],
['2015-10-14',   3,  224,  174],
['2015-10-15',   3,  224,  174],
['2015-10-16',   3,  223,  175],
['2015-10-17',   3,  223,  175],
['2015-10-18',   3,  224,  174],
['2015-10-19',   2,  217,  181],
['2015-10-20',   2,  217,  181],
['2015-10-21',   2,  216,  182],
['2015-10-22',   3,  223,  175],
['2015-10-23',   3,  223,  175],
['2015-10-24',   3,  224,  174],
['2015-10-25',   3,  224,  174],
['2015-10-26',   3,  224,  174],
['2015-10-27',   3,  223,  174],
['2015-10-28',   3,  221,  177],
['2015-10-29',   3,  221,  176],
['2015-10-30',   3,  223,  175],
['2015-10-31',   3,  224,  174],
['2015-11-01',   3,  224,  174],
['2015-11-02',   3,  224,  174],
['2015-11-03',   3,  222,  176],
['2015-11-04',   3,  222,  176],
['2015-11-05',   3,  219,  179],
['2015-11-06',   3,  222,  176],
['2015-11-07',   3,  221,  177],
['2015-11-08',   3,  221,  177],
['2015-11-09',   3,  218,  180],
['2015-11-13',   3,  221,  177],
['2015-11-14',   4,  220,  177],
['2015-11-15',   4,  220,  177],
['2015-11-16',   4,  221,  176],
['2015-11-17',   3,  220,  177],
['2015-11-18',   4,  222,  174],
['2015-11-19',   4,  224,  172],
['2015-11-20',   4,  224,  172],
['2015-11-21',   4,  222,  175],
['2015-11-22',   4,  221,  175],
['2015-11-23',   4,  220,  176],
['2015-11-24',   4,  218,  178],
['2015-11-25',   4,  219,  177],
['2015-11-26',   4,  220,  177],
['2015-11-27',   4,  222,  174],
['2015-11-28',   4,  221,  176],
['2015-11-29',   5,  220,  175],
['2015-11-30',   6,  217,  178],
['2015-12-01',   6,  219,  176],
['2015-12-02',   6,  217,  177],
['2015-12-03',   6,  216,  178],
['2015-12-04',   6,  218,  176],
['2015-12-05',   6,  218,  176],
['2015-12-06',   6,  218,  177],
['2015-12-07',   6,  219,  175],
['2015-12-08',   6,  219,  175],
['2015-12-09',   7,  221,  173],
['2015-12-10',   7,  219,  175],
['2015-12-11',   7,  237,  157],
['2015-12-12',   9,  264,  128],
['2015-12-13',   9,  807,  141],
['2015-12-14',   0,  468,  88],
['2015-12-15',   2,  454,  101],
['2015-12-16',   3,  394,  160],
['2015-12-17',   2,  309,  245],
['2015-12-18',   2,  321,  233],
['2015-12-19',   3,  354,  200],
['2015-12-20',   4,  436,  117],
['2015-12-21',   4,  431,  121],
['2015-12-22',   4,  435,  118],
['2015-12-23',   3,  412,  141],
['2015-12-24',   3,  379,  175],
['2015-12-25',   3,  374,  180],
['2015-12-26',   3,  333,  220],
['2015-12-27',   4,  300,  252],
['2015-12-28',   4,  299,  254],
['2015-12-29',   5,  284,  268],
['2015-12-30',   5,  320,  232],
['2015-12-31',   5,  298,  254],
['2016-01-01',   5,  282,  270],
['2016-01-02',   5,  286,  266],
['2016-01-03',   5,  284,  268],
['2016-01-04',   5,  296,  256],
['2016-01-05',   5,  302,  250],
['2016-01-06',   4,  334,  218],
['2016-01-07',   4,  327,  226],
['2016-01-08',   4,  307,  245],
['2016-01-09',   4,  297,  255],
['2016-01-10',   4,  278,  275],
['2016-01-11',   4,  280,  273],
['2016-01-12',   4,  266,  286],
['2016-01-13',   4,  275,  278],
['2016-01-14',   4,  267,  286],
['2016-01-15',   4,  282,  270],
['2016-01-16',   4,  268,  284],
['2016-01-17',   4,  264,  288],
['2016-01-18',   4,  288,  267],
['2016-01-19',   4,  294,  261],
['2016-01-20',   4,  276,  281],
['2016-01-21',   5,  259,  301],
['2016-01-22',   5,  265,  295],
['2016-01-23',   4,  286,  275],
['2016-01-24',   4,  275,  286],
['2016-01-25',   4,  275,  287],
['2016-01-26',   3,  276,  286],
['2016-01-27',   3,  287,  275],
['2016-01-28',   3,  287,  275],
['2016-01-29',   4,  267,  294],
['2016-01-30',   4,  279,  282],
['2016-01-31',   4,  290,  272],
['2016-02-01',   3,  275,  287],
['2016-02-02',   3,  272,  290],
['2016-02-03',   3,  273,  289],
['2016-02-04',   3,  276,  286],
['2016-02-05',   3,  290,  272],
['2016-02-06',   3,  302,  260],
['2016-02-07',   3,  281,  281],
['2016-02-08',   3,  274,  287],
['2016-02-09',   3,  260,  302],
['2016-02-10',   3,  270,  293],
['2016-02-11',   3,  291,  271],
['2016-02-12',   3,  297,  265],
['2016-02-13',   3,  285,  277],
['2016-02-14',   3,  304,  258],
['2016-02-15',   3,  287,  275],
['2016-02-16',   3,  288,  275],
['2016-02-17',   3,  295,  267],
['2016-02-18',   3,  282,  281],
['2016-02-19',   3,  267,  295],
['2016-02-20',   2,  282,  281],
['2016-02-21',   2,  300,  262],
['2016-02-22',   2,  286,  277],
['2016-02-23',   3,  296,  266],
['2016-02-24',   3,  295,  267],
['2016-02-25',   3,  286,  276],
['2016-02-26',   3,  286,  276],
['2016-02-27',   3,  286,  276],
['2016-02-28',   3,  286,  276],
['2016-02-29',   3,  279,  283],
['2016-03-01',   3,  246,  316],
['2016-03-02',   3,  223,  340],
['2016-03-03',   3,  215,  347],
['2016-03-04',   3,  214,  348],
['2016-03-05',   3,  213,  349],
['2016-03-06',   3,  211,  351],
['2016-03-07',   3,  209,  354],
['2016-03-08',   3,  205,  357],
['2016-03-09',   3,  207,  355],
['2016-03-10',   3,  208,  354],
['2016-03-11',   3,  209,  353],
['2016-03-12',   3,  209,  353],
['2016-03-13',   3,  207,  356],
['2016-03-14',   3,  195,  367],
['2016-03-15',   3,  199,  363],
['2016-03-16',   3,  200,  362],
['2016-03-17',   3,  202,  361],
['2016-03-18',   3,  206,  356],
['2016-03-19',   3,  205,  357],
['2016-03-20',   3,  206,  357],
['2016-03-21',   3,  205,  357],
['2016-03-22',   3,  202,  360],
['2016-03-23',   3,  208,  355],
['2016-03-24',   3,  208,  354],
['2016-03-25',   3,  208,  354],
['2016-03-26',   3,  182,  380],
['2016-03-27',   4,  193,  368],
['2016-03-28',   3,  195,  367],
['2016-03-29',   3,  197,  365],
['2016-03-30',   3,  208,  354],
['2016-03-31',   3,  209,  353],
['2016-04-01',   3,  209,  352],
['2016-04-02',   3,  211,  350],
['2016-04-03',   3,  206,  356],
['2016-04-04',   3,  205,  357],
['2016-04-05',   3,  205,  357],
['2016-04-06',   3,  196,  366],
['2016-04-07',   3,  199,  363],
['2016-04-08',   3,  204,  358],
['2016-04-09',   3,  206,  356],
['2016-04-10',   3,  205,  357],
['2016-04-11',   3,  204,  358],
['2016-04-12',   3,  200,  362],
['2016-04-13',   3,  196,  366],
['2016-04-14',   3,  199,  363],
['2016-04-15',   4,  198,  364],
['2016-04-16',   4,  206,  355],
['2016-04-17',   4,  206,  355],
['2016-04-18',   3,  200,  361],
['2016-04-19',   3,  185,  378],
['2016-04-20',   3,  193,  370],
['2016-04-21',   3,  200,  362],
['2016-04-22',   3,  205,  357],
['2016-04-23',   4,  210,  352],
['2016-04-24',   3,  207,  355],
['2016-04-25',   3,  207,  355],
['2016-04-26',   3,  210,  352],
['2016-04-27',   3,  205,  357],
['2016-04-28',   3,  208,  354],
['2016-04-29',   3,  210,  352],
['2016-04-30',   3,  210,  352],
['2016-05-01',   3,  207,  355],
['2016-05-02',   3,  205,  357],
['2016-05-03',   3,  206,  356],
['2016-05-04',   3,  205,  357],
['2016-05-05',   3,  205,  357],
['2016-05-06',   3,  209,  353],
['2016-05-07',   4,  211,  351],
['2016-05-08',   3,  211,  351],
['2016-05-09',   3,  209,  353],
['2016-05-10',   3,  200,  362],
['2016-05-11',   3,  203,  359],
['2016-05-12',   3,  206,  356],
['2016-05-13',   3,  209,  353],
['2016-05-14',   3,  210,  351],
['2016-05-15',   3,  210,  352],
['2016-05-16',   3,  206,  356],
['2016-05-17',   3,  216,  347],
['2016-05-18',   3,  215,  348],
['2016-05-19',   3,  216,  347],
['2016-05-20',   3,  218,  345],
['2016-05-21',   3,  209,  353],
['2016-05-22',   3,  206,  356],
['2016-05-23',   3,  201,  362],
['2016-05-24',   3,  198,  365],
['2016-05-25',   3,  199,  364],
['2016-05-26',   3,  199,  364],
['2016-05-27',   3,  199,  363],
['2016-05-28',   4,  202,  359],
['2016-05-29',   3,  203,  360],
['2016-05-30',   3,  196,  366],
['2016-05-31',   3,  191,  371],
['2016-06-01',   3,  192,  371],
['2016-06-02',   3,  197,  366],
['2016-06-03',   3,  200,  362],
['2016-06-04',   3,  203,  359],
['2016-06-05',   3,  203,  360],
['2016-06-06',   3,  199,  363],
['2016-06-07',   3,  199,  363],
['2016-06-08',   3,  196,  367],
['2016-06-09',   3,  199,  364],
['2016-06-10',   3,  201,  362],
['2016-06-11',   3,  204,  359],
['2016-06-12',   3,  199,  363],
['2016-06-13',   3,  198,  364],
['2016-06-14',   3,  197,  365],
['2016-06-15',   3,  199,  363],
['2016-06-16',   3,  199,  363],
['2016-06-17',   3,  189,  374],
['2016-06-18',   3,  190,  373],
['2016-06-19',   3,  191,  371],
['2016-06-20',   4,  185,  377],
['2016-06-21',   4,  186,  376],
['2016-06-22',   4,  184,  378],
['2016-06-23',   4,  185,  377],
['2016-06-24',   3,  188,  374],
['2016-06-25',   3,  189,  373],
['2016-06-26',   3,  192,  370],
['2016-06-27',   3,  192,  370],
['2016-06-28',   3,  192,  370],
['2016-06-29',   3,  192,  370],
['2016-06-30',   3,  194,  368],
['2016-07-01',   3,  197,  366],
['2016-07-02',   3,  198,  364],
['2016-07-03',   3,  194,  369],
['2016-07-04',   4,  191,  371],
['2016-07-05',   4,  191,  371],
['2016-07-06',   3,  192,  370],
['2016-07-07',   3,  193,  369],
['2016-07-08',   3,  196,  366],
['2016-07-09',   4,  196,  366],
['2016-07-10',   3,  192,  370],
['2016-07-11',   3,  187,  375],
['2016-07-12',   3,  186,  377],
['2016-07-13',   3,  191,  371],
['2016-07-14',   3,  193,  369],
['2016-07-15',   3,  196,  366],
['2016-07-16',   3,  198,  364],
['2016-07-17',   3,  194,  368],
['2016-07-18',   3,  193,  369],
['2016-07-19',   3,  194,  368],
['2016-07-20',   3,  194,  368],
['2016-07-21',   3,  196,  366],
['2016-07-22',   3,  197,  365],
['2016-07-23',   3,  198,  364],
['2016-07-24',   3,  195,  367],
['2016-07-25',   3,  195,  368],
['2016-07-26',   3,  194,  368],
['2016-07-27',   3,  195,  367],
['2016-07-28',   3,  196,  366],
['2016-07-29',   3,  196,  366],
['2016-07-30',   3,  196,  366],
['2016-07-31',   3,  195,  367],
['2016-08-01',   3,  194,  368],
['2016-08-02',   3,  185,  377],
['2016-08-03',   3,  188,  375],
['2016-08-04',   3,  197,  366],
['2016-08-05',   3,  196,  366],
['2016-08-06',   3,  198,  364],
['2016-08-07',   3,  191,  371],
['2016-08-08',   3,  191,  371],
['2016-08-09',   3,  193,  370],
['2016-08-10',   3,  191,  371],
['2016-08-11',   3,  193,  370],
['2016-08-12',   3,  196,  366],
['2016-08-13',   3,  196,  366],
['2016-08-14',   3,  195,  367],
['2016-08-15',   3,  194,  368],
['2016-08-16',   3,  192,  370],
['2016-08-17',   3,  192,  370],
['2016-08-18',   3,  194,  369],
['2016-08-19',   3,  194,  368],
['2016-08-20',   3,  197,  365],
['2016-08-21',   3,  198,  364],
['2016-08-22',   3,  194,  368],
['2016-08-23',   3,  191,  371],
['2016-08-24',   3,  184,  378],
['2016-08-25',   3,  186,  376],
['2016-08-26',   3,  191,  371],
['2016-08-27',   3,  193,  369],
['2016-08-28',   3,  193,  369],
['2016-08-29',   3,  193,  369],
['2016-08-30',   3,  194,  368],
['2016-08-31',   3,  194,  368],
['2016-09-01',   3,  196,  366],
['2016-09-02',   3,  197,  365],
['2016-09-03',   3,  197,  365],
['2016-09-04',   3,  192,  370],
['2016-09-05',   3,  189,  373],
['2016-09-06',   3,  189,  373],
['2016-09-07',   3,  190,  372],
['2016-09-08',   3,  194,  368],
['2016-09-09',   3,  196,  366],
['2016-09-10',   3,  197,  365],
['2016-09-11',   3,  192,  370],
['2016-09-12',   3,  184,  378],
['2016-09-13',   3,  183,  379],
['2016-09-14',   3,  188,  374],
['2016-09-15',   3,  193,  369],
['2016-09-16',   3,  194,  368],
['2016-09-17',   3,  198,  364],
['2016-09-18',   3,  191,  371],
['2016-09-19',   3,  191,  371],
['2016-09-20',   3,  194,  368],
['2016-09-21',   3,  192,  370],
['2016-09-22',   3,  191,  371],
['2016-09-23',   2,  192,  371],
['2016-09-24',   2,  154,  409],
['2016-09-25',   2,  64,  499],
['2016-09-26',   2,  62,  501],
['2016-09-27',   3,  60,  503],
['2016-09-28',   2,  54,  509],
['2016-09-29',   2,  49,  514],
['2016-09-30',   2,  49,  514],
['2016-10-01',   2,  127,  436],
['2016-10-02',   2,  156,  407],
['2016-10-03',   2,  154,  409],
['2016-10-04',   2,  118,  445],
['2016-10-05',   2,  72,  491],
['2016-10-06',   2,  64,  499],
['2016-10-07',   2,  59,  505],
['2016-10-08',   2,  57,  507],
['2016-10-09',   2,  55,  508],
['2016-10-10',   2,  51,  512],
['2016-10-11',   2,  44,  519],
['2016-10-12',   2,  32,  532],
['2016-10-13',   2,  30,  533],
['2016-10-14',   2,  31,  533],
['2016-10-15',   2,  30,  533],
['2016-10-16',   2,  30,  534],
['2016-10-17',   2,  28,  535],
['2016-10-18',   2,  28,  535],
['2016-10-19',   2,  27,  536],
['2016-10-20',   2,  27,  536],
['2016-10-21',   2,  28,  536],
['2016-10-22',   2,  29,  534],
['2016-10-23',   2,  27,  536],
['2016-10-24',   2,  27,  536],
['2016-10-25',   2,  27,  536],
['2016-10-26',   2,  27,  536],
['2016-10-27',   2,  27,  536],
['2016-10-28',   2,  27,  536],
['2016-10-29',   2,  29,  534],
['2016-10-30',   2,  26,  537],
['2016-10-31',   2,  26,  537],
['2016-11-01',   2,  26,  537],
['2016-11-02',   2,  28,  535],
['2016-11-03',   2,  27,  536],
['2016-11-04',   2,  28,  536],
['2016-11-05',   2,  75,  488],
['2016-11-06',   2,  148,  415],
['2016-11-07',   2,  141,  422],
['2016-11-08',   2,  126,  437],
['2016-11-09',   2,  108,  456],
['2016-11-10',   2,  56,  507],
['2016-11-11',   2,  43,  520],
['2016-11-12',   2,  39,  524],
['2016-11-13',   2,  29,  534],
['2016-11-14',   2,  32,  531],
['2016-11-15',   2,  29,  534],
['2016-11-16',   2,  28,  535],
['2016-11-17',   2,  28,  536],
['2016-11-18',   2,  27,  536],
['2016-11-19',   2,  29,  534],
['2016-11-20',   2,  28,  535],
['2016-11-21',   2,  28,  535],
['2016-11-22',   2,  27,  536],
['2016-11-23',   2,  27,  536],
['2016-11-24',   2,  27,  536],
['2016-11-25',   2,  27,  536],
['2016-11-26',   2,  28,  535],
['2016-11-27',   2,  27,  536],
['2016-11-28',   2,  27,  536],
['2016-11-29',   2,  27,  536],
['2016-11-30',   2,  28,  535],
['2016-12-01',   2,  28,  535],
['2016-12-02',   2,  28,  536],
['2016-12-03',   2,  84,  479],
['2016-12-04',   2,  154,  409],
['2016-12-05',   2,  151,  412],
['2016-12-06',   2,  139,  424],
['2016-12-07',   2,  94,  469],
['2016-12-08',   2,  77,  486],
['2016-12-09',   2,  60,  503],
['2016-12-10',   2,  57,  506],
['2016-12-11',   2,  50,  514],
['2016-12-12',   2,  46,  517],
['2016-12-13',   2,  47,  516],
['2016-12-14',   2,  43,  520],
['2016-12-15',   2,  47,  516],
['2016-12-16',   2,  46,  517],
['2016-12-17',   2,  45,  518],
['2016-12-18',   2,  44,  519],
['2016-12-19',   2,  43,  521],
['2016-12-20',   2,  54,  509],
['2016-12-21',   2,  56,  508],
['2016-12-22',   2,  55,  508],
['2016-12-23',   2,  43,  520],
['2016-12-24',   2,  46,  517],
['2016-12-25',   2,  44,  520],
['2016-12-26',   2,  38,  525],
['2016-12-27',   2,  37,  526],
['2016-12-28',   2,  33,  530],
['2016-12-29',   2,  29,  534],
['2016-12-30',   2,  29,  534],
['2016-12-31',   2,  29,  535],
['2017-01-01',   2,  28,  535],
['2017-01-02',   2,  27,  537],
['2017-01-03',   2,  27,  537],
['2017-01-04',   2,  27,  537],
['2017-01-05',   2,  27,  536],
['2017-01-06',   2,  133,  431],
['2017-01-07',   2,  214,  349],
['2017-01-08',   2,  214,  350],
['2017-01-09',   2,  199,  364],
['2017-01-10',   2,  167,  396],
['2017-01-11',   2,  158,  405],
['2017-01-12',   2,  82,  481],
['2017-01-13',   2,  60,  503],
['2017-01-14',   2,  47,  517],
['2017-01-15',   2,  42,  521],
['2017-01-16',   2,  31,  532],
['2017-01-17',   2,  35,  528],
['2017-01-18',   2,  34,  529],
['2017-01-19',   2,  34,  529],
['2017-01-20',   2,  34,  529],
['2017-01-21',   2,  36,  528],
['2017-01-22',   2,  34,  530],
['2017-01-23',   2,  34,  529],
['2017-01-24',   2,  35,  529],
['2017-01-25',   2,  34,  529],
['2017-01-26',   2,  34,  529],
['2017-01-27',   2,  34,  529],
['2017-01-28',   2,  35,  529],
['2017-01-29',   2,  33,  530],
['2017-01-30',   2,  34,  530],
['2017-01-31',   2,  33,  531],
['2017-02-01',   2,  33,  531],
['2017-02-02',   2,  32,  531],
['2017-02-03',   2,  32,  531],
['2017-02-04',   2,  109,  454],
['2017-02-05',   2,  156,  407],
['2017-02-06',   2,  153,  411],
['2017-02-07',   2,  118,  445],
['2017-02-08',   2,  81,  482],
['2017-02-09',   2,  93,  471],
['2017-02-10',   2,  112,  452],
['2017-02-11',   2,  111,  452],
['2017-02-12',   2,  80,  484],
['2017-02-13',   2,  54,  509],
['2017-02-14',   2,  54,  509],
['2017-02-15',   2,  57,  506],
['2017-02-16',   2,  56,  507],
['2017-02-17',   2,  56,  508],
['2017-02-18',   2,  59,  504],
['2017-02-19',   2,  54,  509],
['2017-02-20',   2,  53,  511],
['2017-02-21',   2,  48,  515],
['2017-02-22',   2,  49,  514],
['2017-02-23',   2,  45,  519],
['2017-02-24',   1,  46,  518],
['2017-02-25',   1,  47,  517],
['2017-02-26',   2,  43,  521],
['2017-02-27',   2,  40,  524],
['2017-02-28',   1,  40,  524],
['2017-03-01',   1,  41,  523],
['2017-03-02',   1,  41,  523],
['2017-03-03',   1,  40,  524],
['2017-03-04',   1,  105,  459],
['2017-03-05',   1,  160,  405],
['2017-03-06',   1,  167,  397],
['2017-03-07',   1,  155,  409],
['2017-03-08',   1,  117,  447],
['2017-03-09',   1,  54,  511],
['2017-03-10',   1,  47,  518],
['2017-03-11',   1,  39,  525],
['2017-03-12',   1,  31,  533],
['2017-03-13',   1,  30,  534],
['2017-03-14',   1,  29,  535],
['2017-03-15',   1,  28,  536],
['2017-03-16',   1,  29,  535],
['2017-03-17',   1,  30,  535],
['2017-03-18',   1,  31,  533],
['2017-03-19',   1,  29,  536],
['2017-03-20',   1,  29,  536],
['2017-03-21',   1,  32,  532],
['2017-03-22',   1,  32,  532],
['2017-03-23',   1,  32,  532],
['2017-03-24',   1,  32,  532],
['2017-03-25',   1,  34,  530],
['2017-03-26',   1,  30,  534],
['2017-03-27',   1,  30,  534],
['2017-03-28',   1,  31,  533],
['2017-03-29',   1,  31,  533],
['2017-03-30',   1,  31,  533],
['2017-03-31',   1,  31,  533],
['2017-04-01',   1,  124,  440],
['2017-04-02',   1,  165,  399],
['2017-04-03',   1,  168,  396],
['2017-04-04',   1,  161,  403],
['2017-04-05',   1,  104,  460],
['2017-04-06',   1,  52,  512],
['2017-04-07',   1,  51,  513],
['2017-04-08',   1,  44,  520],
['2017-04-09',   1,  32,  532],
['2017-04-10',   1,  29,  535],
['2017-04-11',   2,  28,  535],
['2017-04-12',   2,  28,  535],
['2017-04-13',   2,  27,  536],
['2017-04-14',   2,  27,  537],
['2017-04-15',   2,  29,  534],
['2017-04-16',   2,  29,  535],
['2017-04-17',   2,  27,  537],
['2017-04-18',   2,  27,  536],
['2017-04-19',   2,  27,  537],
['2017-04-20',   2,  27,  537],
['2017-04-21',   2,  27,  537],
['2017-04-22',   2,  30,  534],
['2017-04-23',   2,  28,  535],
['2017-04-24',   2,  27,  537],
['2017-04-25',   2,  27,  537],
['2017-04-26',   2,  26,  537],
['2017-04-27',   2,  26,  537],
['2017-04-28',   2,  26,  537],
['2017-04-29',   2,  29,  535],
['2017-04-30',   2,  28,  535],
['2017-05-01',   2,  27,  537],
['2017-05-02',   2,  27,  537],
['2017-05-03',   2,  27,  537],
['2017-05-04',   2,  27,  537],
['2017-05-05',   2,  27,  537],
['2017-05-06',   2,  86,  477],
['2017-05-07',   2,  156,  408],
['2017-05-08',   1,  184,  391],
['2017-05-09',   1,  196,  379],
['2017-05-10',   2,  136,  438],
['2017-05-11',   2,  76,  498],
['2017-05-12',   2,  58,  516],
['2017-05-13',   2,  54,  521],
['2017-05-14',   2,  47,  527],
['2017-05-15',   2,  49,  526],
['2017-05-16',   2,  55,  519],
['2017-05-17',   2,  56,  518],
['2017-05-18',   2,  57,  518],
['2017-05-19',   2,  55,  519],
['2017-05-20',   2,  54,  520],
['2017-05-21',   2,  52,  522],
['2017-05-22',   2,  52,  522],
['2017-05-23',   2,  49,  526],
['2017-05-24',   2,  48,  527],
['2017-05-25',   2,  48,  527],
['2017-05-26',   2,  69,  506],
['2017-05-27',   2,  126,  449],
['2017-05-28',   2,  134,  440],
['2017-05-29',   2,  132,  442],
['2017-05-30',   2,  130,  444],
['2017-05-31',   2,  72,  503],
['2017-06-01',   2,  68,  507],
['2017-06-02',   2,  65,  509],
['2017-06-03',   2,  148,  427],
['2017-06-04',   1,  170,  405],
['2017-06-05',   2,  170,  405],
['2017-06-06',   1,  161,  414],
['2017-06-07',   1,  115,  460],
['2017-06-08',   1,  64,  511],
['2017-06-09',   2,  47,  528],
['2017-06-10',   2,  41,  533],
['2017-06-11',   2,  36,  538],
['2017-06-12',   2,  30,  545],
['2017-06-13',   2,  27,  548],
['2017-06-14',   2,  26,  549],
['2017-06-15',   2,  26,  549],
['2017-06-16',   1,  26,  549],
['2017-06-17',   2,  31,  543],
['2017-06-18',   2,  30,  544],
['2017-06-19',   2,  31,  544],
['2017-06-20',   2,  31,  544],
['2017-06-21',   2,  30,  544],
['2017-06-22',   2,  30,  545],
['2017-06-23',   2,  31,  544],
['2017-06-24',   2,  31,  544],
['2017-06-25',   1,  31,  544],
['2017-06-26',   1,  30,  544],
['2017-06-27',   1,  30,  545],
['2017-06-28',   2,  28,  547],
['2017-06-29',   2,  28,  547],
['2017-06-30',   2,  28,  547],
['2017-07-01',   2,  118,  456],
['2017-07-02',   2,  172,  403],
['2017-07-03',   2,  172,  402],
['2017-07-04',   2,  151,  424],
['2017-07-05',   2,  60,  515],
['2017-07-06',   2,  46,  529],
['2017-07-07',   2,  44,  531],
['2017-07-08',   2,  40,  534],
['2017-07-09',   2,  30,  545],
['2017-07-10',   2,  28,  547],
['2017-07-11',   2,  27,  548],
['2017-07-12',   2,  27,  548],
['2017-07-13',   2,  26,  549],
['2017-07-14',   2,  26,  548],
['2017-07-15',   2,  26,  548],
['2017-07-16',   2,  27,  548],
['2017-07-17',   2,  26,  549],
['2017-07-18',   2,  26,  549],
['2017-07-19',   2,  26,  549],
['2017-07-20',   2,  26,  549],
['2017-07-21',   2,  26,  549],
['2017-07-22',   2,  26,  549],
['2017-07-23',   2,  31,  544],
['2017-07-24',   2,  31,  543],
['2017-07-25',   2,  32,  543],
['2017-07-26',   2,  34,  541],
['2017-07-27',   1,  33,  542],
['2017-07-28',   1,  34,  541],
['2017-07-29',   1,  37,  538],
['2017-07-30',   1,  36,  539],
['2017-07-31',   2,  36,  539],
['2017-08-01',   2,  36,  539],
['2017-08-02',   1,  36,  539],
['2017-08-03',   1,  36,  539],
['2017-08-04',   1,  36,  539],
['2017-08-05',   1,  135,  440],
['2017-08-06',   1,  172,  403],
['2017-08-07',   1,  176,  399],
['2017-08-08',   1,  173,  403],
['2017-08-09',   1,  115,  460],
['2017-08-10',   1,  54,  520],
['2017-08-11',   1,  49,  526],
['2017-08-12',   2,  46,  529],
['2017-08-13',   1,  42,  533],
['2017-08-14',   1,  46,  529],
['2017-08-15',   1,  50,  525],
['2017-08-16',   1,  67,  509],
['2017-08-17',   1,  69,  507],
['2017-08-18',   1,  67,  509],
['2017-08-19',   1,  60,  515],
['2017-08-20',   1,  50,  526],
['2017-08-21',   1,  42,  533],
['2017-08-22',   1,  41,  535],
['2017-08-23',   1,  40,  536],
['2017-08-24',   1,  38,  537],
['2017-08-25',   1,  38,  537],
['2017-08-26',   1,  40,  535],
['2017-08-27',   1,  38,  538],
['2017-08-28',   1,  37,  539],
['2017-08-29',   1,  25,  551],
['2017-08-30',   1,  25,  551],
['2017-08-31',   1,  26,  550],
['2017-09-01',   0,  26,  550],
['2017-09-02',   0,  136,  440],
['2017-09-03',   0,  164,  413],
['2017-09-04',   0,  164,  412],
['2017-09-05',   1,  145,  430],
['2017-09-06',   1,  123,  453],
['2017-09-07',   1,  55,  520],
['2017-09-08',   1,  51,  525],
['2017-09-09',   1,  48,  528],
['2017-09-10',   1,  47,  528],
['2017-09-11',   1,  38,  537],
['2017-09-12',   1,  32,  544],
['2017-09-13',   1,  29,  547],
['2017-09-14',   1,  27,  549],
['2017-09-15',   1,  27,  549],
['2017-09-16',   1,  26,  550],
['2017-09-17',   1,  24,  551],
['2017-09-18',   1,  25,  550],
['2017-09-19',   1,  25,  551],
['2017-09-20',   1,  25,  551],
['2017-09-21',   1,  25,  551],
['2017-09-22',   1,  24,  551],
['2017-09-23',   1,  24,  552],
['2017-09-24',   1,  24,  552],
['2017-09-25',   1,  23,  553],
['2017-09-26',   1,  23,  553],
['2017-09-27',   1,  23,  553],
['2017-09-28',   1,  23,  553],
['2017-09-29',   1,  23,  553],
['2017-09-30',   1,  23,  553],
['2017-10-01',   1,  23,  553],
['2017-10-02',   1,  23,  553],
['2017-10-03',   1,  23,  553],
['2017-10-04',   1,  23,  553],
['2017-10-05',   1,  23,  553],
['2017-10-06',   1,  23,  553],
['2017-10-07',   1,  23,  553],
['2017-10-08',   1,  21,  555],
['2017-10-09',   1,  20,  555],
['2017-10-10',   1,  20,  555],
['2017-10-11',   1,  20,  555],
['2017-10-12',   1,  20,  555],
['2017-10-13',   1,  20,  555],
['2017-10-14',   1,  20,  555],
['2017-10-15',   1,  20,  555],
['2017-10-16',   1,  20,  555],
['2017-10-17',   1,  20,  555],
['2017-10-18',   1,  20,  555],
['2017-10-19',   1,  20,  555],
['2017-10-20',   1,  20,  555],
['2017-10-21',   1,  20,  555],
['2017-10-22',   1,  20,  555],
['2017-10-23',   1,  21,  555],
['2017-10-24',   1,  23,  553],
['2017-10-25',   1,  23,  552],
['2017-10-26',   1,  23,  552],
['2017-10-27',   1,  23,  552],
['2017-10-28',   1,  23,  552],
['2017-10-29',   1,  23,  552],
['2017-10-30',   1,  24,  552],
['2017-10-31',   1,  24,  551],
['2017-11-01',   1,  23,  552],
['2017-11-02',   1,  24,  552],
['2017-11-03',   1,  24,  551],
['2017-11-04',   1,  117,  459],
['2017-11-05',   1,  131,  445],
['2017-11-06',   1,  130,  445],
['2017-11-07',   1,  126,  450],
['2017-11-08',   1,  85,  490],
['2017-11-09',   1,  67,  508],
['2017-11-10',   1,  54,  522],
['2017-11-11',   1,  45,  530],
['2017-11-12',   1,  35,  540],
['2017-11-13',   1,  29,  547],
['2017-11-14',   1,  25,  550],
['2017-11-15',   1,  29,  546],
['2017-11-16',   1,  29,  546],
['2017-11-17',   1,  29,  546],
['2017-11-18',   1,  35,  540],
['2017-11-19',   1,  29,  546],
['2017-11-20',   1,  29,  547],
['2017-11-21',   1,  28,  547],
['2017-11-22',   1,  29,  546],
['2017-11-23',   1,  29,  546],
['2017-11-24',   2,  28,  547],
['2017-11-25',   2,  33,  542],
['2017-11-26',   1,  28,  547],
['2017-11-27',   1,  28,  547],
['2017-11-28',   1,  28,  547],
['2017-11-29',   1,  28,  548],
['2017-11-30',   1,  28,  548],
['2017-12-01',   1,  28,  548],
['2017-12-02',   1,  27,  548],
['2017-12-03',   1,  26,  550]
        ]);
        var options = {
          title: 'VMAX FAST association report for TA2CI_SG',
          chartArea:{left:50,top:50},vAxis:{title:'Gigabytes'},hAxis:{title:'DateTime'}
        };

        var chart = new google.visualization.LineChart(document.getElementById('chart_div'));
        chart.draw(data, options);
      }
    </script>
  </head>
  <body>
    <div id="chart_div" style="width: 1500px; height: 900px;"></div>
  </body>
</html>


^Date^EFD^FC^SATA^
|2017-12-03|1|26|550|
|2017-12-02|1|27|548|
|2017-12-01|1|28|548|
|2017-11-30|1|28|548|
|2017-11-29|1|28|548|
|2017-11-28|1|28|547|
|2017-11-27|1|28|547|
|2017-11-26|1|28|547|
|2017-11-25|2|33|542|
|2017-11-24|2|28|547|
|2017-11-23|1|29|546|
|2017-11-22|1|29|546|
|2017-11-21|1|28|547|
|2017-11-20|1|29|547|
|2017-11-19|1|29|546|
|2017-11-18|1|35|540|
|2017-11-17|1|29|546|
|2017-11-16|1|29|546|
|2017-11-15|1|29|546|
|2017-11-14|1|25|550|
|2017-11-13|1|29|547|
|2017-11-12|1|35|540|
|2017-11-11|1|45|530|
|2017-11-10|1|54|522|
|2017-11-09|1|67|508|
|2017-11-08|1|85|490|
|2017-11-07|1|126|450|
|2017-11-06|1|130|445|
|2017-11-05|1|131|445|
|2017-11-04|1|117|459|
|2017-11-03|1|24|551|
|2017-11-02|1|24|552|
|2017-11-01|1|23|552|
|2017-10-31|1|24|551|
|2017-10-30|1|24|552|
|2017-10-29|1|23|552|
|2017-10-28|1|23|552|
|2017-10-27|1|23|552|
|2017-10-26|1|23|552|
|2017-10-25|1|23|552|
|2017-10-24|1|23|553|
|2017-10-23|1|21|555|
|2017-10-22|1|20|555|
|2017-10-21|1|20|555|
|2017-10-20|1|20|555|
|2017-10-19|1|20|555|
|2017-10-18|1|20|555|
|2017-10-17|1|20|555|
|2017-10-16|1|20|555|
|2017-10-15|1|20|555|
|2017-10-14|1|20|555|
|2017-10-13|1|20|555|
|2017-10-12|1|20|555|
|2017-10-11|1|20|555|
|2017-10-10|1|20|555|
|2017-10-09|1|20|555|
|2017-10-08|1|21|555|
|2017-10-07|1|23|553|
|2017-10-06|1|23|553|
|2017-10-05|1|23|553|
|2017-10-04|1|23|553|
|2017-10-03|1|23|553|
|2017-10-02|1|23|553|
|2017-10-01|1|23|553|
|2017-09-30|1|23|553|
|2017-09-29|1|23|553|
|2017-09-28|1|23|553|
|2017-09-27|1|23|553|
|2017-09-26|1|23|553|
|2017-09-25|1|23|553|
|2017-09-24|1|24|552|
|2017-09-23|1|24|552|
|2017-09-22|1|24|551|
|2017-09-21|1|25|551|
|2017-09-20|1|25|551|
|2017-09-19|1|25|551|
|2017-09-18|1|25|550|
|2017-09-17|1|24|551|
|2017-09-16|1|26|550|
|2017-09-15|1|27|549|
|2017-09-14|1|27|549|
|2017-09-13|1|29|547|
|2017-09-12|1|32|544|
|2017-09-11|1|38|537|
|2017-09-10|1|47|528|
|2017-09-09|1|48|528|
|2017-09-08|1|51|525|
|2017-09-07|1|55|520|
|2017-09-06|1|123|453|
|2017-09-05|1|145|430|
|2017-09-04|0|164|412|
|2017-09-03|0|164|413|
|2017-09-02|0|136|440|
|2017-09-01|0|26|550|
|2017-08-31|1|26|550|
|2017-08-30|1|25|551|
|2017-08-29|1|25|551|
|2017-08-28|1|37|539|
|2017-08-27|1|38|538|
|2017-08-26|1|40|535|
|2017-08-25|1|38|537|
|2017-08-24|1|38|537|
|2017-08-23|1|40|536|
|2017-08-22|1|41|535|
|2017-08-21|1|42|533|
|2017-08-20|1|50|526|
|2017-08-19|1|60|515|
|2017-08-18|1|67|509|
|2017-08-17|1|69|507|
|2017-08-16|1|67|509|
|2017-08-15|1|50|525|
|2017-08-14|1|46|529|
|2017-08-13|1|42|533|
|2017-08-12|2|46|529|
|2017-08-11|1|49|526|
|2017-08-10|1|54|520|
|2017-08-09|1|115|460|
|2017-08-08|1|173|403|
|2017-08-07|1|176|399|
|2017-08-06|1|172|403|
|2017-08-05|1|135|440|
|2017-08-04|1|36|539|
|2017-08-03|1|36|539|
|2017-08-02|1|36|539|
|2017-08-01|2|36|539|
|2017-07-31|2|36|539|
|2017-07-30|1|36|539|
|2017-07-29|1|37|538|
|2017-07-28|1|34|541|
|2017-07-27|1|33|542|
|2017-07-26|2|34|541|
|2017-07-25|2|32|543|
|2017-07-24|2|31|543|
|2017-07-23|2|31|544|
|2017-07-22|2|26|549|
|2017-07-21|2|26|549|
|2017-07-20|2|26|549|
|2017-07-19|2|26|549|
|2017-07-18|2|26|549|
|2017-07-17|2|26|549|
|2017-07-16|2|27|548|
|2017-07-15|2|26|548|
|2017-07-14|2|26|548|
|2017-07-13|2|26|549|
|2017-07-12|2|27|548|
|2017-07-11|2|27|548|
|2017-07-10|2|28|547|
|2017-07-09|2|30|545|
|2017-07-08|2|40|534|
|2017-07-07|2|44|531|
|2017-07-06|2|46|529|
|2017-07-05|2|60|515|
|2017-07-04|2|151|424|
|2017-07-03|2|172|402|
|2017-07-02|2|172|403|
|2017-07-01|2|118|456|
|2017-06-30|2|28|547|
|2017-06-29|2|28|547|
|2017-06-28|2|28|547|
|2017-06-27|1|30|545|
|2017-06-26|1|30|544|
|2017-06-25|1|31|544|
|2017-06-24|2|31|544|
|2017-06-23|2|31|544|
|2017-06-22|2|30|545|
|2017-06-21|2|30|544|
|2017-06-20|2|31|544|
|2017-06-19|2|31|544|
|2017-06-18|2|30|544|
|2017-06-17|2|31|543|
|2017-06-16|1|26|549|
|2017-06-15|2|26|549|
|2017-06-14|2|26|549|
|2017-06-13|2|27|548|
|2017-06-12|2|30|545|
|2017-06-11|2|36|538|
|2017-06-10|2|41|533|
|2017-06-09|2|47|528|
|2017-06-08|1|64|511|
|2017-06-07|1|115|460|
|2017-06-06|1|161|414|
|2017-06-05|2|170|405|
|2017-06-04|1|170|405|
|2017-06-03|2|148|427|
|2017-06-02|2|65|509|
|2017-06-01|2|68|507|
|2017-05-31|2|72|503|
|2017-05-30|2|130|444|
|2017-05-29|2|132|442|
|2017-05-28|2|134|440|
|2017-05-27|2|126|449|
|2017-05-26|2|69|506|
|2017-05-25|2|48|527|
|2017-05-24|2|48|527|
|2017-05-23|2|49|526|
|2017-05-22|2|52|522|
|2017-05-21|2|52|522|
|2017-05-20|2|54|520|
|2017-05-19|2|55|519|
|2017-05-18|2|57|518|
|2017-05-17|2|56|518|
|2017-05-16|2|55|519|
|2017-05-15|2|49|526|
|2017-05-14|2|47|527|
|2017-05-13|2|54|521|
|2017-05-12|2|58|516|
|2017-05-11|2|76|498|
|2017-05-10|2|136|438|
|2017-05-09|1|196|379|
|2017-05-08|1|184|391|
|2017-05-07|2|156|408|
|2017-05-06|2|86|477|
|2017-05-05|2|27|537|
|2017-05-04|2|27|537|
|2017-05-03|2|27|537|
|2017-05-02|2|27|537|
|2017-05-01|2|27|537|
|2017-04-30|2|28|535|
|2017-04-29|2|29|535|
|2017-04-28|2|26|537|
|2017-04-27|2|26|537|
|2017-04-26|2|26|537|
|2017-04-25|2|27|537|
|2017-04-24|2|27|537|
|2017-04-23|2|28|535|
|2017-04-22|2|30|534|
|2017-04-21|2|27|537|
|2017-04-20|2|27|537|
|2017-04-19|2|27|537|
|2017-04-18|2|27|536|
|2017-04-17|2|27|537|
|2017-04-16|2|29|535|
|2017-04-15|2|29|534|
|2017-04-14|2|27|537|
|2017-04-13|2|27|536|
|2017-04-12|2|28|535|
|2017-04-11|2|28|535|
|2017-04-10|1|29|535|
|2017-04-09|1|32|532|
|2017-04-08|1|44|520|
|2017-04-07|1|51|513|
|2017-04-06|1|52|512|
|2017-04-05|1|104|460|
|2017-04-04|1|161|403|
|2017-04-03|1|168|396|
|2017-04-02|1|165|399|
|2017-04-01|1|124|440|
|2017-03-31|1|31|533|
|2017-03-30|1|31|533|
|2017-03-29|1|31|533|
|2017-03-28|1|31|533|
|2017-03-27|1|30|534|
|2017-03-26|1|30|534|
|2017-03-25|1|34|530|
|2017-03-24|1|32|532|
|2017-03-23|1|32|532|
|2017-03-22|1|32|532|
|2017-03-21|1|32|532|
|2017-03-20|1|29|536|
|2017-03-19|1|29|536|
|2017-03-18|1|31|533|
|2017-03-17|1|30|535|
|2017-03-16|1|29|535|
|2017-03-15|1|28|536|
|2017-03-14|1|29|535|
|2017-03-13|1|30|534|
|2017-03-12|1|31|533|
|2017-03-11|1|39|525|
|2017-03-10|1|47|518|
|2017-03-09|1|54|511|
|2017-03-08|1|117|447|
|2017-03-07|1|155|409|
|2017-03-06|1|167|397|
|2017-03-05|1|160|405|
|2017-03-04|1|105|459|
|2017-03-03|1|40|524|
|2017-03-02|1|41|523|
|2017-03-01|1|41|523|
|2017-02-28|1|40|524|
|2017-02-27|2|40|524|
|2017-02-26|2|43|521|
|2017-02-25|1|47|517|
|2017-02-24|1|46|518|
|2017-02-23|2|45|519|
|2017-02-22|2|49|514|
|2017-02-21|2|48|515|
|2017-02-20|2|53|511|
|2017-02-19|2|54|509|
|2017-02-18|2|59|504|
|2017-02-17|2|56|508|
|2017-02-16|2|56|507|
|2017-02-15|2|57|506|
|2017-02-14|2|54|509|
|2017-02-13|2|54|509|
|2017-02-12|2|80|484|
|2017-02-11|2|111|452|
|2017-02-10|2|112|452|
|2017-02-09|2|93|471|
|2017-02-08|2|81|482|
|2017-02-07|2|118|445|
|2017-02-06|2|153|411|
|2017-02-05|2|156|407|
|2017-02-04|2|109|454|
|2017-02-03|2|32|531|
|2017-02-02|2|32|531|
|2017-02-01|2|33|531|
|2017-01-31|2|33|531|
|2017-01-30|2|34|530|
|2017-01-29|2|33|530|
|2017-01-28|2|35|529|
|2017-01-27|2|34|529|
|2017-01-26|2|34|529|
|2017-01-25|2|34|529|
|2017-01-24|2|35|529|
|2017-01-23|2|34|529|
|2017-01-22|2|34|530|
|2017-01-21|2|36|528|
|2017-01-20|2|34|529|
|2017-01-19|2|34|529|
|2017-01-18|2|34|529|
|2017-01-17|2|35|528|
|2017-01-16|2|31|532|
|2017-01-15|2|42|521|
|2017-01-14|2|47|517|
|2017-01-13|2|60|503|
|2017-01-12|2|82|481|
|2017-01-11|2|158|405|
|2017-01-10|2|167|396|
|2017-01-09|2|199|364|
|2017-01-08|2|214|350|
|2017-01-07|2|214|349|
|2017-01-06|2|133|431|
|2017-01-05|2|27|536|
|2017-01-04|2|27|537|
|2017-01-03|2|27|537|
|2017-01-02|2|27|537|
|2017-01-01|2|28|535|
|2016-12-31|2|29|535|
|2016-12-30|2|29|534|
|2016-12-29|2|29|534|
|2016-12-28|2|33|530|
|2016-12-27|2|37|526|
|2016-12-26|2|38|525|
|2016-12-25|2|44|520|
|2016-12-24|2|46|517|
|2016-12-23|2|43|520|
|2016-12-22|2|55|508|
|2016-12-21|2|56|508|
|2016-12-20|2|54|509|
|2016-12-19|2|43|521|
|2016-12-18|2|44|519|
|2016-12-17|2|45|518|
|2016-12-16|2|46|517|
|2016-12-15|2|47|516|
|2016-12-14|2|43|520|
|2016-12-13|2|47|516|
|2016-12-12|2|46|517|
|2016-12-11|2|50|514|
|2016-12-10|2|57|506|
|2016-12-09|2|60|503|
|2016-12-08|2|77|486|
|2016-12-07|2|94|469|
|2016-12-06|2|139|424|
|2016-12-05|2|151|412|
|2016-12-04|2|154|409|
|2016-12-03|2|84|479|
|2016-12-02|2|28|536|
|2016-12-01|2|28|535|
|2016-11-30|2|28|535|
|2016-11-29|2|27|536|
|2016-11-28|2|27|536|
|2016-11-27|2|27|536|
|2016-11-26|2|28|535|
|2016-11-25|2|27|536|
|2016-11-24|2|27|536|
|2016-11-23|2|27|536|
|2016-11-22|2|27|536|
|2016-11-21|2|28|535|
|2016-11-20|2|28|535|
|2016-11-19|2|29|534|
|2016-11-18|2|27|536|
|2016-11-17|2|28|536|
|2016-11-16|2|28|535|
|2016-11-15|2|29|534|
|2016-11-14|2|32|531|
|2016-11-13|2|29|534|
|2016-11-12|2|39|524|
|2016-11-11|2|43|520|
|2016-11-10|2|56|507|
|2016-11-09|2|108|456|
|2016-11-08|2|126|437|
|2016-11-07|2|141|422|
|2016-11-06|2|148|415|
|2016-11-05|2|75|488|
|2016-11-04|2|28|536|
|2016-11-03|2|27|536|
|2016-11-02|2|28|535|
|2016-11-01|2|26|537|
|2016-10-31|2|26|537|
|2016-10-30|2|26|537|
|2016-10-29|2|29|534|
|2016-10-28|2|27|536|
|2016-10-27|2|27|536|
|2016-10-26|2|27|536|
|2016-10-25|2|27|536|
|2016-10-24|2|27|536|
|2016-10-23|2|27|536|
|2016-10-22|2|29|534|
|2016-10-21|2|28|536|
|2016-10-20|2|27|536|
|2016-10-19|2|27|536|
|2016-10-18|2|28|535|
|2016-10-17|2|28|535|
|2016-10-16|2|30|534|
|2016-10-15|2|30|533|
|2016-10-14|2|31|533|
|2016-10-13|2|30|533|
|2016-10-12|2|32|532|
|2016-10-11|2|44|519|
|2016-10-10|2|51|512|
|2016-10-09|2|55|508|
|2016-10-08|2|57|507|
|2016-10-07|2|59|505|
|2016-10-06|2|64|499|
|2016-10-05|2|72|491|
|2016-10-04|2|118|445|
|2016-10-03|2|154|409|
|2016-10-02|2|156|407|
|2016-10-01|2|127|436|
|2016-09-30|2|49|514|
|2016-09-29|2|49|514|
|2016-09-28|2|54|509|
|2016-09-27|3|60|503|
|2016-09-26|2|62|501|
|2016-09-25|2|64|499|
|2016-09-24|2|154|409|
|2016-09-23|2|192|371|
|2016-09-22|3|191|371|
|2016-09-21|3|192|370|
|2016-09-20|3|194|368|
|2016-09-19|3|191|371|
|2016-09-18|3|191|371|
|2016-09-17|3|198|364|
|2016-09-16|3|194|368|
|2016-09-15|3|193|369|
|2016-09-14|3|188|374|
|2016-09-13|3|183|379|
|2016-09-12|3|184|378|
|2016-09-11|3|192|370|
|2016-09-10|3|197|365|
|2016-09-09|3|196|366|
|2016-09-08|3|194|368|
|2016-09-07|3|190|372|
|2016-09-06|3|189|373|
|2016-09-05|3|189|373|
|2016-09-04|3|192|370|
|2016-09-03|3|197|365|
|2016-09-02|3|197|365|
|2016-09-01|3|196|366|
|2016-08-31|3|194|368|
|2016-08-30|3|194|368|
|2016-08-29|3|193|369|
|2016-08-28|3|193|369|
|2016-08-27|3|193|369|
|2016-08-26|3|191|371|
|2016-08-25|3|186|376|
|2016-08-24|3|184|378|
|2016-08-23|3|191|371|
|2016-08-22|3|194|368|
|2016-08-21|3|198|364|
|2016-08-20|3|197|365|
|2016-08-19|3|194|368|
|2016-08-18|3|194|369|
|2016-08-17|3|192|370|
|2016-08-16|3|192|370|
|2016-08-15|3|194|368|
|2016-08-14|3|195|367|
|2016-08-13|3|196|366|
|2016-08-12|3|196|366|
|2016-08-11|3|193|370|
|2016-08-10|3|191|371|
|2016-08-09|3|193|370|
|2016-08-08|3|191|371|
|2016-08-07|3|191|371|
|2016-08-06|3|198|364|
|2016-08-05|3|196|366|
|2016-08-04|3|197|366|
|2016-08-03|3|188|375|
|2016-08-02|3|185|377|
|2016-08-01|3|194|368|
|2016-07-31|3|195|367|
|2016-07-30|3|196|366|
|2016-07-29|3|196|366|
|2016-07-28|3|196|366|
|2016-07-27|3|195|367|
|2016-07-26|3|194|368|
|2016-07-25|3|195|368|
|2016-07-24|3|195|367|
|2016-07-23|3|198|364|
|2016-07-22|3|197|365|
|2016-07-21|3|196|366|
|2016-07-20|3|194|368|
|2016-07-19|3|194|368|
|2016-07-18|3|193|369|
|2016-07-17|3|194|368|
|2016-07-16|3|198|364|
|2016-07-15|3|196|366|
|2016-07-14|3|193|369|
|2016-07-13|3|191|371|
|2016-07-12|3|186|377|
|2016-07-11|3|187|375|
|2016-07-10|3|192|370|
|2016-07-09|4|196|366|
|2016-07-08|3|196|366|
|2016-07-07|3|193|369|
|2016-07-06|3|192|370|
|2016-07-05|4|191|371|
|2016-07-04|4|191|371|
|2016-07-03|3|194|369|
|2016-07-02|3|198|364|
|2016-07-01|3|197|366|
|2016-06-30|3|194|368|
|2016-06-29|3|192|370|
|2016-06-28|3|192|370|
|2016-06-27|3|192|370|
|2016-06-26|3|192|370|
|2016-06-25|3|189|373|
|2016-06-24|3|188|374|
|2016-06-23|4|185|377|
|2016-06-22|4|184|378|
|2016-06-21|4|186|376|
|2016-06-20|4|185|377|
|2016-06-19|3|191|371|
|2016-06-18|3|190|373|
|2016-06-17|3|189|374|
|2016-06-16|3|199|363|
|2016-06-15|3|199|363|
|2016-06-14|3|197|365|
|2016-06-13|3|198|364|
|2016-06-12|3|199|363|
|2016-06-11|3|204|359|
|2016-06-10|3|201|362|
|2016-06-09|3|199|364|
|2016-06-08|3|196|367|
|2016-06-07|3|199|363|
|2016-06-06|3|199|363|
|2016-06-05|3|203|360|
|2016-06-04|3|203|359|
|2016-06-03|3|200|362|
|2016-06-02|3|197|366|
|2016-06-01|3|192|371|
|2016-05-31|3|191|371|
|2016-05-30|3|196|366|
|2016-05-29|3|203|360|
|2016-05-28|4|202|359|
|2016-05-27|3|199|363|
|2016-05-26|3|199|364|
|2016-05-25|3|199|364|
|2016-05-24|3|198|365|
|2016-05-23|3|201|362|
|2016-05-22|3|206|356|
|2016-05-21|3|209|353|
|2016-05-20|3|218|345|
|2016-05-19|3|216|347|
|2016-05-18|3|215|348|
|2016-05-17|3|216|347|
|2016-05-16|3|206|356|
|2016-05-15|3|210|352|
|2016-05-14|3|210|351|
|2016-05-13|3|209|353|
|2016-05-12|3|206|356|
|2016-05-11|3|203|359|
|2016-05-10|3|200|362|
|2016-05-09|3|209|353|
|2016-05-08|3|211|351|
|2016-05-07|4|211|351|
|2016-05-06|3|209|353|
|2016-05-05|3|205|357|
|2016-05-04|3|205|357|
|2016-05-03|3|206|356|
|2016-05-02|3|205|357|
|2016-05-01|3|207|355|
|2016-04-30|3|210|352|
|2016-04-29|3|210|352|
|2016-04-28|3|208|354|
|2016-04-27|3|205|357|
|2016-04-26|3|210|352|
|2016-04-25|3|207|355|
|2016-04-24|3|207|355|
|2016-04-23|4|210|352|
|2016-04-22|3|205|357|
|2016-04-21|3|200|362|
|2016-04-20|3|193|370|
|2016-04-19|3|185|378|
|2016-04-18|3|200|361|
|2016-04-17|4|206|355|
|2016-04-16|4|206|355|
|2016-04-15|4|198|364|
|2016-04-14|3|199|363|
|2016-04-13|3|196|366|
|2016-04-12|3|200|362|
|2016-04-11|3|204|358|
|2016-04-10|3|205|357|
|2016-04-09|3|206|356|
|2016-04-08|3|204|358|
|2016-04-07|3|199|363|
|2016-04-06|3|196|366|
|2016-04-05|3|205|357|
|2016-04-04|3|205|357|
|2016-04-03|3|206|356|
|2016-04-02|3|211|350|
|2016-04-01|3|209|352|
|2016-03-31|3|209|353|
|2016-03-30|3|208|354|
|2016-03-29|3|197|365|
|2016-03-28|3|195|367|
|2016-03-27|4|193|368|
|2016-03-26|3|182|380|
|2016-03-25|3|208|354|
|2016-03-24|3|208|354|
|2016-03-23|3|208|355|
|2016-03-22|3|202|360|
|2016-03-21|3|205|357|
|2016-03-20|3|206|357|
|2016-03-19|3|205|357|
|2016-03-18|3|206|356|
|2016-03-17|3|202|361|
|2016-03-16|3|200|362|
|2016-03-15|3|199|363|
|2016-03-14|3|195|367|
|2016-03-13|3|207|356|
|2016-03-12|3|209|353|
|2016-03-11|3|209|353|
|2016-03-10|3|208|354|
|2016-03-09|3|207|355|
|2016-03-08|3|205|357|
|2016-03-07|3|209|354|
|2016-03-06|3|211|351|
|2016-03-05|3|213|349|
|2016-03-04|3|214|348|
|2016-03-03|3|215|347|
|2016-03-02|3|223|340|
|2016-03-01|3|246|316|
|2016-02-29|3|279|283|
|2016-02-28|3|286|276|
|2016-02-27|3|286|276|
|2016-02-26|3|286|276|
|2016-02-25|3|286|276|
|2016-02-24|3|295|267|
|2016-02-23|3|296|266|
|2016-02-22|2|286|277|
|2016-02-21|2|300|262|
|2016-02-20|2|282|281|
|2016-02-19|3|267|295|
|2016-02-18|3|282|281|
|2016-02-17|3|295|267|
|2016-02-16|3|288|275|
|2016-02-15|3|287|275|
|2016-02-14|3|304|258|
|2016-02-13|3|285|277|
|2016-02-12|3|297|265|
|2016-02-11|3|291|271|
|2016-02-10|3|270|293|
|2016-02-09|3|260|302|
|2016-02-08|3|274|287|
|2016-02-07|3|281|281|
|2016-02-06|3|302|260|
|2016-02-05|3|290|272|
|2016-02-04|3|276|286|
|2016-02-03|3|273|289|
|2016-02-02|3|272|290|
|2016-02-01|3|275|287|
|2016-01-31|4|290|272|
|2016-01-30|4|279|282|
|2016-01-29|4|267|294|
|2016-01-28|3|287|275|
|2016-01-27|3|287|275|
|2016-01-26|3|276|286|
|2016-01-25|4|275|287|
|2016-01-24|4|275|286|
|2016-01-23|4|286|275|
|2016-01-22|5|265|295|
|2016-01-21|5|259|301|
|2016-01-20|4|276|281|
|2016-01-19|4|294|261|
|2016-01-18|4|288|267|
|2016-01-17|4|264|288|
|2016-01-16|4|268|284|
|2016-01-15|4|282|270|
|2016-01-14|4|267|286|
|2016-01-13|4|275|278|
|2016-01-12|4|266|286|
|2016-01-11|4|280|273|
|2016-01-10|4|278|275|
|2016-01-09|4|297|255|
|2016-01-08|4|307|245|
|2016-01-07|4|327|226|
|2016-01-06|4|334|218|
|2016-01-05|5|302|250|
|2016-01-04|5|296|256|
|2016-01-03|5|284|268|
|2016-01-02|5|286|266|
|2016-01-01|5|282|270|
|2015-12-31|5|298|254|
|2015-12-30|5|320|232|
|2015-12-29|5|284|268|
|2015-12-28|4|299|254|
|2015-12-27|4|300|252|
|2015-12-26|3|333|220|
|2015-12-25|3|374|180|
|2015-12-24|3|379|175|
|2015-12-23|3|412|141|
|2015-12-22|4|435|118|
|2015-12-21|4|431|121|
|2015-12-20|4|436|117|
|2015-12-19|3|354|200|
|2015-12-18|2|321|233|
|2015-12-17|2|309|245|
|2015-12-16|3|394|160|
|2015-12-15|2|454|101|
|2015-12-14|0|468|88|
|2015-12-13|9|807|141|
|2015-12-12|9|264|128|
|2015-12-11|7|237|157|
|2015-12-10|7|219|175|
|2015-12-09|7|221|173|
|2015-12-08|6|219|175|
|2015-12-07|6|219|175|
|2015-12-06|6|218|177|
|2015-12-05|6|218|176|
|2015-12-04|6|218|176|
|2015-12-03|6|216|178|
|2015-12-02|6|217|177|
|2015-12-01|6|219|176|
|2015-11-30|6|217|178|
|2015-11-29|5|220|175|
|2015-11-28|4|221|176|
|2015-11-27|4|222|174|
|2015-11-26|4|220|177|
|2015-11-25|4|219|177|
|2015-11-24|4|218|178|
|2015-11-23|4|220|176|
|2015-11-22|4|221|175|
|2015-11-21|4|222|175|
|2015-11-20|4|224|172|
|2015-11-19|4|224|172|
|2015-11-18|4|222|174|
|2015-11-17|3|220|177|
|2015-11-16|4|221|176|
|2015-11-15|4|220|177|
|2015-11-14|4|220|177|
|2015-11-13|3|221|177|
|2015-11-09|3|218|180|
|2015-11-08|3|221|177|
|2015-11-07|3|221|177|
|2015-11-06|3|222|176|
|2015-11-05|3|219|179|
|2015-11-04|3|222|176|
|2015-11-03|3|222|176|
|2015-11-02|3|224|174|
|2015-11-01|3|224|174|
|2015-10-31|3|224|174|
|2015-10-30|3|223|175|
|2015-10-29|3|221|176|
|2015-10-28|3|221|177|
|2015-10-27|3|223|174|
|2015-10-26|3|224|174|
|2015-10-25|3|224|174|
|2015-10-24|3|224|174|
|2015-10-23|3|223|175|
|2015-10-22|3|223|175|
|2015-10-21|2|216|182|
|2015-10-20|2|217|181|
|2015-10-19|2|217|181|
|2015-10-18|3|224|174|
|2015-10-17|3|223|175|
|2015-10-16|3|223|175|
|2015-10-15|3|224|174|
|2015-10-14|3|224|174|
|2015-10-13|3|224|174|
|2015-10-12|2|222|176|
|2015-10-11|2|222|176|
|2015-10-10|2|222|177|
|2015-10-09|2|222|176|
|2015-10-08|2|223|176|
|2015-10-07|2|226|172|
|2015-10-06|2|226|172|
|2015-10-05|2|227|172|
|2015-10-04|2|215|184|
|2015-10-03|2|198|200|
|2015-10-02|2|144|255|
|2015-10-01|2|151|248|
|2015-09-30|3|146|252|
|2015-09-29|3|170|228|
|2015-09-28|3|179|219|
|2015-09-27|2|145|253|
|2015-09-26|2|140|259|
|2015-09-25|2|149|249|
|2015-09-24|2|127|271|
|2015-09-23|2|157|241|
|2015-09-22|2|186|212|
|2015-09-21|2|179|219|
|2015-09-20|2|151|247|
|2015-09-19|2|141|258|
|2015-09-18|2|144|254|
|2015-09-17|2|129|269|
|2015-09-16|2|158|240|
|2015-09-15|2|194|205|
|2015-09-14|3|200|198|
|2015-09-13|2|172|226|
|2015-09-12|3|149|249|
|2015-09-11|3|140|258|
|2015-09-10|3|126|271|
|2015-09-09|2|176|222|
|2015-09-08|2|221|178|
|2015-09-07|2|215|184|
|2015-09-06|2|196|203|
|2015-09-05|2|153|245|
|2015-09-04|2|151|247|
|2015-09-03|3|129|268|
|2015-09-02|3|137|261|
|2015-09-01|3|156|242|
|2015-08-17|2|180|218|
|2015-08-16|2|187|211|
|2015-08-15|2|175|223|
|2015-08-14|3|123|275|
|2015-08-13|3|102|296|
|2015-08-12|3|141|257|
|2015-08-11|3|188|210|
|2015-08-10|4|212|185|
|2015-08-09|4|222|175|
|2015-08-08|4|225|171|
|2015-08-07|5|223|173|
|2015-08-06|5|222|174|
|2015-08-05|4|222|174|
|2015-08-04|4|224|172|
|2015-08-03|4|223|173|
|2015-08-02|4|223|173|
|2015-08-01|4|224|172|
|2015-07-31|4|222|174|
|2015-07-30|4|221|176|
|2015-07-29|4|220|176|
|2015-07-28|4|222|174|
|2015-07-27|4|224|172|
|2015-07-26|4|226|170|
|2015-07-25|4|225|171|
|2015-07-24|4|225|172|
|2015-07-23|4|224|173|
|2015-07-22|3|225|173|
|2015-07-21|3|224|174|
|2015-07-20|4|223|174|
|2015-07-19|4|225|172|
|2015-07-18|4|225|171|
|2015-07-17|4|226|171|
|2015-07-16|4|226|170|
|2015-07-15|4|227|170|
|2015-07-14|4|224|173|
|2015-07-13|4|223|174|
|2015-07-12|5|225|171|
|2015-07-11|5|226|170|
|2015-07-10|4|226|171|
|2015-07-09|4|226|171|
|2015-07-08|4|222|174|
|2015-07-07|4|222|174|
|2015-07-06|4|224|172|
|2015-07-05|4|225|172|
|2015-07-04|4|225|172|
|2015-07-03|4|226|171|
|2015-07-02|4|227|170|
|2015-07-01|4|222|174|
|2015-06-30|4|222|174|
|2015-06-29|4|222|174|
|2015-06-28|5|224|172|
|2015-06-27|5|223|172|
|2015-06-26|5|225|171|
|2015-06-25|4|226|171|
|2015-06-24|4|226|170|
|2015-06-23|4|224|173|
|2015-06-22|5|225|171|
|2015-06-21|5|225|171|
|2015-06-20|5|224|172|
|2015-06-19|5|224|172|
|2015-06-18|5|225|171|
|2015-06-17|6|224|170|
|2015-06-16|6|225|170|
|2015-06-15|6|223|172|
|2015-06-14|6|223|171|
|2015-06-13|6|226|169|
|2015-06-12|5|222|173|
|2015-06-11|5|221|175|
|2015-06-10|5|223|173|
|2015-06-09|5|224|172|
|2015-06-08|5|224|172|
|2015-06-07|5|225|171|
|2015-06-06|5|224|171|
|2015-06-05|5|224|171|
|2015-06-04|5|225|171|
|2015-06-03|5|222|174|
|2015-06-02|5|221|175|
|2015-06-01|5|225|171|
|2015-05-31|6|223|172|
|2015-05-30|7|223|170|
|2015-05-29|7|221|172|
|2015-05-28|7|223|171|
|2015-05-27|6|223|171|
|2015-05-26|6|221|174|
|2015-05-25|6|222|172|
|2015-05-24|6|225|170|
|2015-05-23|6|224|171|
|2015-05-22|6|224|170|
|2015-05-21|6|224|170|
|2015-05-20|6|225|170|
|2015-05-19|6|225|170|
|2015-05-18|6|222|173|
|2015-05-17|6|224|171|
|2015-05-16|6|223|172|
|2015-05-15|6|226|168|
|2015-05-14|6|224|171|
|2015-05-13|6|224|171|
|2015-05-12|6|224|171|
|2015-05-11|6|226|169|
|2015-05-10|8|226|167|
|2015-05-09|8|225|168|
|2015-05-08|6|225|170|
|2015-05-07|6|222|172|
|2015-05-06|6|225|169|
|2015-05-05|6|224|171|
|2015-05-04|6|221|173|
|2015-05-03|6|220|174|
|2015-05-02|6|225|170|
|2015-05-01|6|228|167|
|2015-04-30|6|228|167|
|2015-04-29|6|226|169|
|2015-04-28|6|226|169|
|2015-04-27|6|227|168|
|2015-04-26|6|227|168|
|2015-04-25|6|225|170|
|2015-04-24|6|228|167|
|2015-04-23|6|228|167|
|2015-04-22|6|228|167|
|2015-04-21|6|225|169|
|2015-04-20|6|224|171|
|2015-04-19|6|228|167|
|2015-04-18|6|227|167|
|2015-04-17|6|234|160|
|2015-04-16|6|235|160|
|2015-04-15|6|234|161|
|2015-04-14|6|234|161|
|2015-04-13|7|234|160|
|2015-04-12|7|234|160|
|2015-04-11|7|233|161|
|2015-04-10|6|233|162|
|2015-04-09|6|232|163|
|2015-04-08|6|233|162|
|2015-04-07|7|233|160|
|2015-04-06|7|230|163|
|2015-04-05|7|231|163|
|2015-04-04|7|230|164|
|2015-04-03|7|230|164|
|2015-04-02|7|230|164|
|2015-04-01|7|227|166|
|2015-03-31|7|228|165|
|2015-03-30|7|230|163|
|2015-03-29|7|228|166|
|2015-03-28|7|227|167|
|2015-03-27|7|224|170|
|2015-03-26|6|219|175|
|2015-03-25|6|220|174|
|2015-03-24|7|223|170|
|2015-03-23|7|223|170|
|2015-03-22|7|223|171|
|2015-03-21|7|222|172|
|2015-03-20|6|219|175|
|2015-03-19|6|214|181|
|2015-03-18|6|215|179|
|2015-03-17|6|219|175|
|2015-03-16|6|222|173|
|2015-03-15|6|222|173|
|2015-03-14|6|221|174|
|2015-03-13|6|218|176|
|2015-03-12|6|218|177|
|2015-03-11|6|215|179|
|2015-03-10|6|216|179|
|2015-03-09|6|220|174|
|2015-03-08|6|220|174|
|2015-03-07|6|223|172|
|2015-03-06|6|222|172|
|2015-03-05|6|217|177|
|2015-03-04|6|219|176|
|2015-03-03|6|219|175|
|2015-03-02|6|223|172|
|2015-03-01|6|226|169|
|2015-02-28|6|226|168|
|2015-02-27|6|226|168|
|2015-02-26|6|223|172|
|2015-02-25|6|221|174|
|2015-02-24|6|217|178|
|2015-02-23|7|222|172|
|2015-02-22|7|222|172|
|2015-02-21|7|225|168|
|2015-02-20|7|225|168|
|2015-02-19|7|226|167|
|2015-02-18|7|222|172|
|2015-02-17|7|223|171|
|2015-02-16|6|223|171|
|2015-02-15|6|226|169|
|2015-02-14|6|226|169|
|2015-02-13|6|227|168|
|2015-02-12|6|225|169|
|2015-02-11|6|222|172|
|2015-02-10|6|225|170|
|2015-02-09|6|227|167|
|2015-02-08|6|230|164|
|2015-02-07|7|237|157|
|2015-02-06|7|241|153|
|2015-02-05|7|248|146|
|2015-02-04|7|250|144|
|2015-02-03|7|246|147|
|2015-02-02|8|246|147|
|2015-02-01|8|247|146|
|2015-01-31|8|239|153|
|2015-01-30|6|242|152|
|2015-01-29|6|253|142|
|2015-01-28|6|256|138|
|2015-01-27|7|261|133|
|2015-01-26|7|259|135|
|2015-01-25|8|241|152|
|2015-01-24|8|245|147|
|2015-01-23|7|249|145|
|2015-01-22|7|252|141|
|2015-01-21|7|255|138|
|2015-01-20|7|260|133|
|2015-01-19|7|249|145|
|2015-01-18|7|250|143|
|2015-01-17|7|250|144|
|2015-01-16|7|251|142|
|2015-01-15|7|253|140|
|2015-01-14|7|250|143|
|2015-01-13|7|253|140|
|2015-01-12|7|251|142|
|2015-01-11|7|247|147|
|2015-01-10|7|245|148|
|2015-01-09|6|250|144|
|2015-01-08|6|252|143|
|2015-01-07|6|246|148|
|2015-01-06|7|249|145|
|2015-01-05|7|250|144|
|2015-01-04|7|253|141|
|2015-01-03|7|250|144|
|2015-01-02|7|250|144|
|2015-01-01|7|250|144|
|2014-12-31|6|248|146|
|2014-12-30|6|258|136|
|2014-12-29|6|257|138|
|2014-12-28|6|264|131|
|2014-12-27|6|272|123|
|2014-12-26|6|269|125|
|2014-12-25|6|268|126|
|2014-12-24|5|279|116|
|2014-12-23|5|276|119|
|2014-12-22|5|273|122|
|2014-12-21|5|273|123|
|2014-12-20|3|273|124|
|2014-12-19|3|258|139|
|2014-12-18|3|249|148|
|2014-12-17|3|247|150|
|2014-12-16|2|247|151|
|2014-12-15|3|247|151|
|2014-12-14|3|245|152|
|2014-12-13|3|245|152|
|2014-12-12|3|251|147|
|2014-12-11|3|249|149|
|2014-12-10|3|247|151|
|2014-12-09|3|247|150|
|2014-12-08|3|243|155|
|2014-12-07|3|244|153|
|2014-12-06|3|245|153|
|2014-12-05|2|243|155|
|2014-12-04|2|241|157|
|2014-12-03|2|241|157|
|2014-12-02|2|241|158|
|2014-12-01|3|241|157|
|2014-11-30|3|241|156|
|2014-11-29|3|239|158|
|2014-11-28|3|241|157|
|2014-11-27|3|241|157|
|2014-11-26|3|240|158|
|2014-11-25|3|232|166|
|2014-11-24|3|231|167|
|2014-11-23|3|231|167|
|2014-11-22|3|232|165|
|2014-11-21|3|234|163|
|2014-11-20|3|234|163|
|2014-11-19|4|227|169|
|2014-11-18|4|227|169|
|2014-11-17|4|224|173|
|2014-11-16|5|226|170|
|2014-11-15|5|223|172|
|2014-11-14|5|227|169|
|2014-11-13|5|228|168|
|2014-11-12|5|227|169|
|2014-11-11|5|227|169|
|2014-11-10|5|224|172|
|2014-11-09|5|225|171|
|2014-11-08|5|222|174|
|2014-11-07|5|223|173|
|2014-11-06|5|220|176|
|2014-11-05|5|223|173|
|2014-11-04|5|227|169|
|2014-11-03|5|227|169|
|2014-11-02|5|226|170|
|2014-11-01|5|228|168|
|2014-10-31|5|230|166|
|2014-10-30|5|229|167|
|2014-10-29|5|230|166|
|2014-10-28|5|229|166|
|2014-10-27|5|234|161|
|2014-10-26|5|237|158|
|2014-10-25|5|239|156|
|2014-10-24|4|244|153|
|2014-10-23|4|243|153|
|2014-10-22|4|239|158|
|2014-10-21|4|239|158|
|2014-10-20|2|236|163|
|2014-10-19|2|236|162|
|2014-10-18|2|234|164|
|2014-10-17|3|234|164|
|2014-10-16|3|235|163|
|2014-10-15|3|228|170|
|2014-10-14|3|230|168|
|2014-10-13|3|234|164|
|2014-10-12|3|230|167|
|2014-10-11|2|232|167|
|2014-10-10|2|230|169|
|2014-10-09|2|235|164|
|2014-10-08|2|235|163|
|2014-10-07|2|236|162|
|2014-10-06|2|240|159|
|2014-10-05|2|240|159|
|2014-10-04|2|236|162|
|2014-10-03|2|232|166|
|2014-10-02|2|230|168|
|2014-10-01|2|230|168|
|2014-09-30|2|230|168|
|2014-09-29|2|230|168|
|2014-09-28|2|230|168|
