<html>
 <head>
   <script type="text/javascript" src="https://www.google.com/jsapi"></script>
   <script type="text/javascript">
     google.load("visualization", "1", {packages:["corechart"]});
     google.setOnLoadCallback(drawChart);
     function drawChart() {
       var data = google.visualization.arrayToDataTable([
['Date','EFD','FC','SATA'],
['2014-09-28',   32,  7245,  864],
['2014-09-29',   32,  7245,  864],
['2014-09-30',   32,  7245,  864],
['2014-10-01',   32,  7245,  864],
['2014-10-02',   32,  7244,  866],
['2014-10-03',   23,  7250,  869],
['2014-10-04',   23,  7243,  875],
['2014-10-05',   21,  7234,  887],
['2014-10-06',   21,  7252,  868],
['2014-10-07',   21,  7252,  869],
['2014-10-08',   20,  957,  465],
['2014-10-09',   19,  1078,  345],
['2014-10-10',   19,  1122,  301],
['2014-10-11',   19,  1158,  266],
['2014-10-12',   19,  1140,  283],
['2014-10-13',   20,  1166,  257],
['2014-10-14',   19,  1171,  252],
['2014-10-15',   19,  1188,  235],
['2014-10-16',   16,  1210,  217],
['2014-10-17',   15,  1225,  201],
['2014-10-18',   15,  1214,  213],
['2014-10-19',   16,  1201,  226],
['2014-10-20',   153,  1068,  221],
['2014-10-21',   172,  1042,  228],
['2014-10-22',   221,  1002,  219],
['2014-10-23',   230,  1012,  200],
['2014-10-24',   241,  1017,  184],
['2014-10-25',   214,  1026,  201],
['2014-10-26',   217,  1004,  220],
['2014-10-27',   196,  1014,  232],
['2014-10-28',   181,  1018,  243],
['2014-10-29',   165,  1024,  253],
['2014-10-30',   127,  1058,  257],
['2014-10-31',   100,  1101,  241],
['2014-11-01',   99,  1105,  238],
['2014-11-02',   96,  1101,  245],
['2014-11-03',   79,  1152,  211],
['2014-11-04',   77,  1136,  229],
['2014-11-05',   74,  1142,  226],
['2014-11-06',   79,  1117,  246],
['2014-11-07',   80,  1144,  218],
['2014-11-08',   78,  1103,  262],
['2014-11-09',   175,  996,  271],
['2014-11-10',   149,  1035,  257],
['2014-11-11',   127,  1062,  254],
['2014-11-12',   92,  1135,  216],
['2014-11-13',   85,  1150,  207],
['2014-11-14',   82,  1162,  198],
['2014-11-15',   78,  1179,  185],
['2014-11-16',   140,  1090,  212],
['2014-11-17',   77,  1137,  228],
['2014-11-18',   77,  1154,  211],
['2014-11-19',   76,  1146,  221],
['2014-11-20',   72,  1135,  235],
['2014-11-21',   71,  1167,  204],
['2014-11-22',   71,  1135,  236],
['2014-11-23',   102,  1079,  261],
['2014-11-24',   75,  1143,  224],
['2014-11-25',   72,  1157,  213],
['2014-11-26',   69,  1202,  171],
['2014-11-27',   85,  1174,  183],
['2014-11-28',   130,  1152,  160],
['2014-11-29',   104,  1187,  151],
['2014-11-30',   249,  1051,  142],
['2014-12-01',   126,  1178,  139],
['2014-12-02',   103,  1187,  152],
['2014-12-03',   98,  1178,  166],
['2014-12-04',   83,  1222,  136],
['2014-12-05',   82,  1210,  150],
['2014-12-06',   80,  1209,  154],
['2014-12-07',   176,  1096,  170],
['2014-12-08',   215,  1063,  165],
['2014-12-09',   185,  1101,  156],
['2014-12-10',   173,  1145,  125],
['2014-12-11',   95,  1179,  168],
['2014-12-12',   85,  1189,  168],
['2014-12-13',   81,  1198,  163],
['2014-12-14',   141,  1149,  152],
['2014-12-15',   94,  1160,  188],
['2014-12-16',   88,  1214,  141],
['2014-12-17',   91,  1189,  162],
['2014-12-18',   87,  1189,  166],
['2014-12-19',   283,  1030,  130],
['2014-12-20',   286,  1060,  96],
['2014-12-21',   291,  1099,  52],
['2014-12-22',   295,  1122,  25],
['2014-12-23',   299,  1124,  19],
['2014-12-24',   300,  1120,  22],
['2014-12-25',   304,  1092,  47],
['2014-12-26',   304,  1076,  63],
['2014-12-27',   303,  1061,  78],
['2014-12-28',   300,  1055,  87],
['2014-12-29',   301,  1065,  76],
['2014-12-30',   302,  1061,  79],
['2014-12-31',   302,  1050,  90],
['2015-01-01',   307,  1030,  105],
['2015-01-02',   304,  1031,  106],
['2015-01-03',   307,  1045,  90],
['2015-01-04',   304,  987,  151],
['2015-01-05',   307,  1055,  80],
['2015-01-06',   307,  1047,  88],
['2015-01-07',   285,  1065,  91],
['2015-01-08',   275,  1078,  89],
['2015-01-09',   272,  1087,  83],
['2015-01-10',   223,  1122,  97],
['2015-01-11',   258,  1080,  105],
['2015-01-12',   272,  1035,  136],
['2015-01-13',   275,  1056,  111],
['2015-01-14',   264,  1073,  105],
['2015-01-15',   262,  1081,  98],
['2015-01-16',   233,  1112,  98],
['2015-01-17',   201,  1146,  96],
['2015-01-18',   254,  1076,  112],
['2015-01-19',   263,  1044,  136],
['2015-01-20',   267,  1058,  117],
['2015-01-21',   262,  1061,  119],
['2015-01-22',   254,  1099,  89],
['2015-01-23',   255,  1107,  80],
['2015-01-24',   223,  1111,  107],
['2015-01-25',   266,  1043,  133],
['2015-01-26',   283,  1066,  92],
['2015-01-27',   276,  1069,  97],
['2015-01-28',   248,  1100,  95],
['2015-01-29',   239,  1100,  103],
['2015-01-30',   232,  1103,  107],
['2015-01-31',   198,  1118,  126],
['2015-02-01',   270,  1058,  115],
['2015-02-02',   295,  1036,  111],
['2015-02-03',   291,  1051,  100],
['2015-02-04',   287,  1055,  100],
['2015-02-05',   277,  1060,  105],
['2015-02-06',   275,  1078,  89],
['2015-02-07',   238,  1113,  91],
['2015-02-08',   262,  1049,  131],
['2015-02-09',   261,  1034,  147],
['2015-02-10',   252,  1079,  111],
['2015-02-11',   243,  1071,  128],
['2015-02-12',   222,  1107,  114],
['2015-02-13',   218,  1100,  124],
['2015-02-14',   217,  1101,  124],
['2015-02-15',   272,  987,  183],
['2015-02-16',   281,  1025,  136],
['2015-02-17',   276,  1016,  150],
['2015-02-18',   276,  1045,  122],
['2015-02-19',   245,  1088,  109],
['2015-02-20',   274,  1053,  115],
['2015-02-21',   273,  1040,  129],
['2015-02-22',   290,  1005,  147],
['2015-02-23',   290,  996,  156],
['2015-02-24',   279,  1037,  127],
['2015-02-25',   275,  1050,  118],
['2015-02-26',   253,  1075,  114],
['2015-02-27',   230,  1104,  109],
['2015-02-28',   225,  1108,  109],
['2015-03-01',   284,  1036,  122],
['2015-03-02',   297,  976,  169],
['2015-03-03',   253,  1043,  146],
['2015-03-04',   245,  1051,  146],
['2015-03-05',   247,  1084,  111],
['2015-03-06',   234,  1104,  103],
['2015-03-07',   225,  1103,  115],
['2015-03-08',   286,  989,  167],
['2015-03-09',   293,  1011,  138],
['2015-03-10',   291,  969,  182],
['2015-03-11',   288,  992,  162],
['2015-03-12',   269,  1038,  135],
['2015-03-13',   265,  1051,  126],
['2015-03-14',   252,  1062,  128],
['2015-03-15',   287,  1019,  136],
['2015-03-16',   287,  1007,  149],
['2015-03-17',   281,  1048,  113],
['2015-03-18',   247,  1086,  109],
['2015-03-19',   241,  1088,  113],
['2015-03-20',   236,  1094,  112],
['2015-03-21',   221,  1102,  120],
['2015-03-22',   264,  1052,  127],
['2015-03-23',   268,  1032,  142],
['2015-03-24',   270,  1039,  133],
['2015-03-25',   258,  1051,  133],
['2015-03-26',   249,  1060,  133],
['2015-03-27',   242,  1070,  131],
['2015-03-28',   223,  1080,  138],
['2015-03-29',   276,  1033,  133],
['2015-03-30',   269,  1043,  130],
['2015-03-31',   257,  1065,  121],
['2015-04-01',   224,  1088,  129],
['2015-04-02',   210,  1106,  126],
['2015-04-03',   228,  1093,  121],
['2015-04-04',   230,  1091,  121],
['2015-04-05',   296,  1019,  128],
['2015-04-06',   299,  1005,  139],
['2015-04-07',   299,  1009,  134],
['2015-04-08',   281,  1025,  136],
['2015-04-09',   266,  1052,  124],
['2015-04-10',   245,  1066,  131],
['2015-04-11',   232,  1084,  126],
['2015-04-12',   276,  1043,  123],
['2015-04-13',   256,  1061,  125],
['2015-04-14',   257,  1043,  142],
['2015-04-15',   225,  1071,  146],
['2015-04-16',   265,  1033,  144],
['2015-04-17',   293,  1032,  117],
['2015-04-18',   288,  1034,  120],
['2015-04-19',   296,  1021,  126],
['2015-04-20',   297,  1018,  127],
['2015-04-21',   283,  1030,  130],
['2015-04-22',   213,  1083,  146],
['2015-04-23',   196,  1105,  141],
['2015-04-24',   178,  1147,  117],
['2015-04-25',   165,  1140,  137],
['2015-04-26',   209,  1106,  128],
['2015-04-27',   199,  1109,  135],
['2015-04-28',   189,  1131,  123],
['2015-04-29',   175,  1132,  135],
['2015-04-30',   169,  1140,  134],
['2015-05-01',   160,  1164,  118],
['2015-05-02',   158,  1166,  118],
['2015-05-03',   254,  1068,  120],
['2015-05-04',   252,  1056,  134],
['2015-05-05',   238,  1082,  122],
['2015-05-06',   218,  1096,  128],
['2015-05-07',   184,  1129,  129],
['2015-05-08',   168,  1153,  122],
['2015-05-09',   159,  1163,  120],
['2015-05-10',   207,  1118,  117],
['2015-05-11',   188,  1130,  124],
['2015-05-12',   174,  1139,  129],
['2015-05-13',   157,  1165,  120],
['2015-05-14',   142,  1174,  127],
['2015-05-15',   143,  1168,  130],
['2015-05-16',   134,  1155,  153],
['2015-05-17',   179,  1118,  145],
['2015-05-18',   167,  1147,  128],
['2015-05-19',   172,  1135,  135],
['2015-05-20',   161,  1149,  132],
['2015-05-21',   150,  1161,  130],
['2015-05-22',   145,  1175,  123],
['2015-05-23',   140,  1181,  121],
['2015-05-24',   206,  1103,  133],
['2015-05-25',   238,  1051,  153],
['2015-05-26',   237,  1052,  153],
['2015-05-27',   233,  1057,  152],
['2015-05-28',   208,  1095,  140],
['2015-05-29',   202,  1120,  120],
['2015-05-30',   177,  1142,  123],
['2015-05-31',   195,  1122,  125],
['2015-06-01',   189,  1126,  127],
['2015-06-02',   177,  1134,  131],
['2015-06-03',   158,  1141,  143],
['2015-06-04',   158,  1133,  151],
['2015-06-05',   151,  1174,  118],
['2015-06-06',   142,  1162,  138],
['2015-06-07',   227,  1074,  141],
['2015-06-08',   231,  1067,  144],
['2015-06-09',   211,  1089,  142],
['2015-06-10',   204,  1109,  130],
['2015-06-11',   165,  1145,  132],
['2015-06-12',   147,  1160,  136],
['2015-06-13',   140,  1160,  142],
['2015-06-14',   172,  1133,  137],
['2015-06-15',   151,  1147,  144],
['2015-06-16',   134,  1168,  141],
['2015-06-17',   131,  1171,  140],
['2015-06-18',   129,  1178,  135],
['2015-06-19',   128,  1180,  135],
['2015-06-20',   124,  1173,  145],
['2015-06-21',   189,  1106,  148],
['2015-06-22',   156,  1143,  143],
['2015-06-23',   150,  1146,  147],
['2015-06-24',   146,  1163,  134],
['2015-06-25',   134,  1168,  140],
['2015-06-26',   132,  1170,  140],
['2015-06-27',   128,  1173,  141],
['2015-06-28',   171,  1118,  153],
['2015-06-29',   141,  1165,  136],
['2015-06-30',   140,  1163,  140],
['2015-07-01',   125,  1180,  137],
['2015-07-02',   119,  1180,  143],
['2015-07-03',   119,  1186,  138],
['2015-07-04',   115,  1186,  141],
['2015-07-05',   245,  1045,  152],
['2015-07-06',   264,  1029,  150],
['2015-07-07',   232,  1059,  150],
['2015-07-08',   230,  1071,  141],
['2015-07-09',   186,  1123,  133],
['2015-07-10',   180,  1117,  145],
['2015-07-11',   150,  1149,  144],
['2015-07-12',   200,  1104,  139],
['2015-07-13',   257,  1030,  155],
['2015-07-14',   204,  1103,  135],
['2015-07-15',   160,  1152,  130],
['2015-07-16',   142,  1167,  134],
['2015-07-17',   129,  1173,  141],
['2015-07-18',   125,  1172,  146],
['2015-07-19',   182,  1124,  136],
['2015-07-20',   152,  1148,  142],
['2015-07-21',   151,  1157,  135],
['2015-07-22',   133,  1161,  149],
['2015-07-23',   122,  1166,  154],
['2015-07-24',   116,  1156,  170],
['2015-07-25',   106,  1156,  180],
['2015-07-26',   139,  1112,  191],
['2015-07-27',   102,  1146,  194],
['2015-07-28',   98,  1168,  176],
['2015-07-29',   69,  1186,  187],
['2015-07-30',   51,  1183,  209],
['2015-07-31',   39,  1174,  230],
['2015-08-01',   32,  1166,  244],
['2015-08-02',   78,  1115,  249],
['2015-08-03',   33,  1191,  218],
['2015-08-04',   29,  1217,  196],
['2015-08-05',   25,  1190,  227],
['2015-08-06',   23,  1184,  236],
['2015-08-07',   22,  1175,  246],
['2015-08-08',   23,  1176,  244],
['2015-08-09',   26,  1166,  251],
['2015-08-10',   25,  1177,  240],
['2015-08-11',   25,  1196,  221],
['2015-08-12',   27,  1190,  225],
['2015-08-13',   29,  1186,  227],
['2015-08-14',   26,  1184,  233],
['2015-08-15',   26,  1171,  245],
['2015-08-16',   31,  1158,  253],
['2015-08-17',   29,  1170,  243],
['2015-09-01',   24,  1192,  227],
['2015-09-02',   20,  1199,  223],
['2015-09-03',   20,  1200,  223],
['2015-09-04',   20,  1191,  232],
['2015-09-05',   20,  1195,  228],
['2015-09-06',   39,  1172,  230],
['2015-09-07',   44,  1159,  239],
['2015-09-08',   29,  1200,  214],
['2015-09-09',   29,  1186,  228],
['2015-09-10',   26,  1179,  238],
['2015-09-11',   25,  1197,  220],
['2015-09-12',   25,  1193,  224],
['2015-09-13',   26,  1171,  245],
['2015-09-14',   26,  1183,  234],
['2015-09-15',   24,  1198,  220],
['2015-09-16',   22,  1191,  229],
['2015-09-17',   21,  1175,  246],
['2015-09-18',   21,  1191,  230],
['2015-09-19',   21,  1209,  212],
['2015-09-20',   22,  1183,  238],
['2015-09-21',   22,  1187,  233],
['2015-09-22',   22,  1206,  214],
['2015-09-23',   22,  1194,  227],
['2015-09-24',   21,  1182,  239],
['2015-09-25',   21,  1186,  235],
['2015-09-26',   21,  1189,  232],
['2015-09-27',   23,  1177,  242],
['2015-09-28',   23,  1182,  237],
['2015-09-29',   20,  1200,  223],
['2015-09-30',   18,  1190,  234],
['2015-10-01',   16,  1189,  237],
['2015-10-02',   15,  1190,  238],
['2015-10-03',   15,  1196,  232],
['2015-10-04',   19,  1200,  223],
['2015-10-05',   20,  1217,  206],
['2015-10-06',   23,  1234,  186],
['2015-10-07',   23,  1236,  184],
['2015-10-08',   23,  1194,  225],
['2015-10-09',   29,  1207,  206],
['2015-10-10',   23,  1197,  223],
['2015-10-11',   92,  1132,  219],
['2015-10-12',   26,  1202,  214],
['2015-10-13',   24,  1224,  194],
['2015-10-14',   22,  1219,  201],
['2015-10-15',   23,  1205,  215],
['2015-10-16',   25,  1219,  198],
['2015-10-17',   24,  1218,  201],
['2015-10-18',   107,  1129,  206],
['2015-10-19',   30,  1194,  218],
['2015-10-20',   50,  1218,  174],
['2015-10-21',   52,  1205,  185],
['2015-10-22',   34,  1204,  204],
['2015-10-23',   50,  1190,  202],
['2015-10-24',   34,  1199,  209],
['2015-10-25',   104,  1146,  192],
['2015-10-26',   68,  1196,  178],
['2015-10-27',   44,  1219,  179],
['2015-10-28',   39,  1211,  192],
['2015-10-29',   38,  1204,  200],
['2015-10-30',   34,  1195,  213],
['2015-10-31',   33,  1171,  238],
['2015-11-01',   130,  1060,  252],
['2015-11-02',   113,  1112,  217],
['2015-11-03',   78,  1188,  176],
['2015-11-04',   49,  1220,  173],
['2015-11-05',   38,  1228,  175],
['2015-11-06',   36,  1221,  185],
['2015-11-07',   34,  1216,  193],
['2015-11-08',   91,  1139,  212],
['2015-11-09',   70,  1198,  174],
['2015-11-13',   63,  1188,  191],
['2015-11-14',   46,  1192,  205],
['2015-11-15',   159,  1081,  202],
['2015-11-16',   112,  1140,  191],
['2015-11-17',   72,  1189,  181],
['2015-11-18',   59,  1185,  198],
['2015-11-19',   48,  1186,  208],
['2015-11-20',   43,  1202,  198],
['2015-11-21',   40,  1202,  200],
['2015-11-22',   125,  1119,  198],
['2015-11-23',   74,  1175,  193],
['2015-11-24',   73,  1187,  183],
['2015-11-25',   63,  1187,  192],
['2015-11-26',   84,  1181,  178],
['2015-11-27',   100,  1170,  173],
['2015-11-28',   98,  1174,  171],
['2015-11-29',   259,  1010,  174],
['2015-11-30',   267,  1004,  171],
['2015-12-01',   252,  1021,  170],
['2015-12-02',   243,  1029,  170],
['2015-12-03',   184,  1071,  187],
['2015-12-04',   147,  1111,  184],
['2015-12-05',   136,  1120,  186],
['2015-12-06',   196,  1062,  185],
['2015-12-07',   226,  1029,  187],
['2015-12-08',   258,  1008,  176],
['2015-12-09',   250,  1016,  176],
['2015-12-10',   231,  1041,  170],
['2015-12-11',   220,  1061,  161],
['2015-12-12',   193,  1081,  168],
['2015-12-13',   215,  1057,  170],
['2015-12-14',   207,  1069,  167],
['2015-12-15',   213,  1068,  161],
['2015-12-16',   178,  1099,  165],
['2015-12-17',   153,  1121,  168],
['2015-12-18',   163,  1105,  174],
['2015-12-19',   153,  1117,  172],
['2015-12-20',   262,  1014,  167],
['2015-12-21',   260,  917,  265],
['2015-12-22',   272,  996,  175],
['2015-12-23',   277,  993,  172],
['2015-12-24',   281,  994,  167],
['2015-12-25',   287,  990,  165],
['2015-12-26',   287,  990,  165],
['2015-12-27',   289,  983,  171],
['2015-12-28',   290,  982,  170],
['2015-12-29',   291,  990,  162],
['2015-12-30',   291,  993,  159],
['2015-12-31',   292,  994,  156],
['2016-01-01',   293,  994,  155],
['2016-01-02',   289,  985,  168],
['2016-01-03',   294,  988,  160],
['2016-01-04',   297,  982,  163],
['2016-01-05',   281,  999,  162],
['2016-01-06',   239,  1039,  165],
['2016-01-07',   191,  1085,  166],
['2016-01-08',   187,  1097,  159],
['2016-01-09',   172,  1115,  155],
['2016-01-10',   246,  1044,  152],
['2016-01-11',   238,  1049,  155],
['2016-01-12',   236,  1043,  163],
['2016-01-13',   220,  1057,  165],
['2016-01-14',   216,  1061,  165],
['2016-01-15',   214,  1062,  166],
['2016-01-16',   206,  1070,  166],
['2016-01-17',   247,  1010,  185],
['2016-01-18',   252,  1012,  179],
['2016-01-19',   257,  1019,  166],
['2016-01-20',   247,  1036,  159],
['2016-01-21',   225,  1063,  154],
['2016-01-22',   216,  1071,  154],
['2016-01-23',   187,  1100,  155],
['2016-01-24',   233,  1045,  164],
['2016-01-25',   246,  1036,  160],
['2016-01-26',   260,  1022,  160],
['2016-01-27',   249,  1028,  165],
['2016-01-28',   241,  1036,  165],
['2016-01-29',   240,  1040,  162],
['2016-01-30',   197,  1087,  158],
['2016-01-31',   238,  1046,  158],
['2016-02-01',   236,  1023,  183],
['2016-02-02',   232,  1041,  169],
['2016-02-03',   201,  1079,  163],
['2016-02-04',   180,  1101,  161],
['2016-02-05',   160,  1122,  160],
['2016-02-06',   132,  1150,  160],
['2016-02-07',   212,  1064,  166],
['2016-02-08',   226,  1051,  166],
['2016-02-09',   223,  1065,  154],
['2016-02-10',   199,  1087,  156],
['2016-02-11',   180,  1111,  151],
['2016-02-12',   164,  1126,  152],
['2016-02-13',   117,  1159,  167],
['2016-02-14',   140,  1142,  160],
['2016-02-15',   135,  1145,  162],
['2016-02-16',   125,  1157,  160],
['2016-02-17',   68,  1188,  186],
['2016-02-18',   45,  1186,  212],
['2016-02-19',   33,  1166,  244],
['2016-02-20',   23,  1180,  240],
['2016-02-21',   20,  1135,  287],
['2016-02-22',   20,  1178,  244],
['2016-02-23',   21,  1219,  202],
['2016-02-24',   24,  1232,  186],
['2016-02-25',   22,  1236,  184],
['2016-02-26',   22,  1236,  184],
['2016-02-27',   22,  1236,  184],
['2016-02-28',   22,  1236,  184],
['2016-02-29',   127,  1131,  184],
['2016-03-01',   126,  1140,  175],
['2016-03-02',   130,  1137,  176],
['2016-03-03',   132,  1137,  174],
['2016-03-04',   137,  1132,  174],
['2016-03-05',   122,  1145,  176],
['2016-03-06',   136,  1113,  193],
['2016-03-07',   84,  1175,  183],
['2016-03-08',   70,  1198,  175],
['2016-03-09',   42,  1207,  194],
['2016-03-10',   40,  1211,  191],
['2016-03-11',   36,  1196,  210],
['2016-03-12',   37,  1193,  213],
['2016-03-13',   148,  1113,  182],
['2016-03-14',   98,  1174,  170],
['2016-03-15',   82,  1182,  178],
['2016-03-16',   78,  1179,  185],
['2016-03-17',   70,  1186,  186],
['2016-03-18',   66,  1244,  132],
['2016-03-19',   49,  1204,  190],
['2016-03-20',   127,  1195,  120],
['2016-03-21',   114,  1193,  135],
['2016-03-22',   107,  1215,  120],
['2016-03-23',   100,  1198,  144],
['2016-03-24',   111,  1204,  127],
['2016-03-25',   55,  1189,  199],
['2016-03-26',   56,  1171,  215],
['2016-03-27',   205,  1154,  84],
['2016-03-28',   145,  1220,  77],
['2016-03-29',   162,  1181,  99],
['2016-03-30',   123,  1188,  131],
['2016-03-31',   100,  1199,  144],
['2016-04-01',   72,  1211,  159],
['2016-04-02',   38,  1184,  220],
['2016-04-03',   166,  1093,  184],
['2016-04-04',   133,  1131,  178],
['2016-04-05',   117,  1226,  99],
['2016-04-06',   102,  1215,  125],
['2016-04-07',   82,  1190,  171],
['2016-04-08',   82,  1199,  161],
['2016-04-09',   56,  1175,  211],
['2016-04-10',   101,  1140,  201],
['2016-04-11',   100,  1214,  128],
['2016-04-12',   71,  1194,  177],
['2016-04-13',   62,  1265,  115],
['2016-04-14',   51,  1196,  195],
['2016-04-15',   46,  1201,  195],
['2016-04-16',   32,  1189,  221],
['2016-04-17',   81,  1178,  183],
['2016-04-18',   89,  1198,  155],
['2016-04-19',   124,  1201,  118],
['2016-04-20',   98,  1177,  168],
['2016-04-21',   79,  1193,  170],
['2016-04-22',   91,  1199,  152],
['2016-04-23',   40,  1178,  224],
['2016-04-24',   96,  1150,  197],
['2016-04-25',   82,  1108,  252],
['2016-04-26',   68,  1207,  167],
['2016-04-27',   33,  1203,  207],
['2016-04-28',   30,  1199,  213],
['2016-04-29',   31,  1184,  228],
['2016-04-30',   28,  1217,  198],
['2016-05-01',   173,  1053,  217],
['2016-05-02',   157,  1174,  112],
['2016-05-03',   105,  1196,  141],
['2016-05-04',   79,  1194,  169],
['2016-05-05',   63,  1197,  183],
['2016-05-06',   52,  1206,  184],
['2016-05-07',   36,  1189,  217],
['2016-05-08',   165,  1166,  111],
['2016-05-09',   152,  1166,  124],
['2016-05-10',   136,  1190,  116],
['2016-05-11',   115,  1171,  156],
['2016-05-12',   102,  1149,  192],
['2016-05-13',   93,  1053,  296],
['2016-05-14',   60,  1027,  356],
['2016-05-15',   63,  1033,  347],
['2016-05-16',   48,  1032,  362],
['2016-05-17',   41,  1097,  304],
['2016-05-18',   40,  1101,  301],
['2016-05-19',   56,  1052,  334],
['2016-05-20',   68,  1091,  283],
['2016-05-21',   46,  1124,  273],
['2016-05-22',   153,  917,  373],
['2016-05-23',   143,  956,  343],
['2016-05-24',   170,  900,  372],
['2016-05-25',   163,  894,  385],
['2016-05-26',   161,  941,  340],
['2016-05-27',   132,  976,  334],
['2016-05-28',   89,  1003,  350],
['2016-05-29',   181,  936,  326],
['2016-05-30',   242,  789,  412],
['2016-05-31',   243,  778,  421],
['2016-06-01',   166,  926,  350],
['2016-06-02',   123,  1048,  271],
['2016-06-03',   104,  1032,  307],
['2016-06-04',   103,  1042,  298],
['2016-06-05',   283,  772,  387],
['2016-06-06',   297,  777,  369],
['2016-06-07',   273,  827,  343],
['2016-06-08',   141,  943,  358],
['2016-06-09',   122,  1025,  296],
['2016-06-10',   96,  1027,  319],
['2016-06-11',   83,  981,  379],
['2016-06-12',   91,  916,  436],
['2016-06-13',   85,  1001,  357],
['2016-06-14',   78,  983,  382],
['2016-06-15',   71,  996,  376],
['2016-06-16',   74,  985,  384],
['2016-06-17',   76,  914,  452],
['2016-06-18',   76,  934,  432],
['2016-06-19',   93,  954,  396],
['2016-06-20',   94,  872,  477],
['2016-06-21',   87,  889,  467],
['2016-06-22',   87,  917,  438],
['2016-06-23',   86,  909,  447],
['2016-06-24',   87,  901,  455],
['2016-06-25',   84,  923,  436],
['2016-06-26',   92,  908,  443],
['2016-06-27',   88,  919,  436],
['2016-06-28',   87,  945,  411],
['2016-06-29',   84,  872,  487],
['2016-06-30',   81,  926,  435],
['2016-07-01',   82,  1000,  361],
['2016-07-02',   83,  903,  457],
['2016-07-03',   101,  884,  458],
['2016-07-04',   123,  910,  410],
['2016-07-05',   107,  860,  476],
['2016-07-06',   95,  842,  506],
['2016-07-07',   88,  889,  465],
['2016-07-08',   90,  858,  495],
['2016-07-09',   88,  876,  478],
['2016-07-10',   69,  934,  440],
['2016-07-11',   65,  865,  513],
['2016-07-12',   59,  887,  497],
['2016-07-13',   46,  855,  542],
['2016-07-14',   46,  841,  555],
['2016-07-15',   47,  835,  561],
['2016-07-16',   50,  899,  494],
['2016-07-17',   52,  759,  631],
['2016-07-18',   51,  778,  614],
['2016-07-19',   50,  860,  532],
['2016-07-20',   50,  804,  589],
['2016-07-21',   48,  824,  571],
['2016-07-22',   48,  893,  502],
['2016-07-23',   48,  809,  586],
['2016-07-24',   49,  807,  587],
['2016-07-25',   50,  890,  502],
['2016-07-26',   50,  787,  605],
['2016-07-27',   49,  810,  584],
['2016-07-28',   49,  855,  539],
['2016-07-29',   49,  810,  584],
['2016-07-30',   49,  843,  551],
['2016-07-31',   49,  893,  500],
['2016-08-01',   48,  817,  577],
['2016-08-02',   45,  828,  570],
['2016-08-03',   41,  885,  516],
['2016-08-04',   41,  853,  548],
['2016-08-05',   43,  856,  543],
['2016-08-06',   45,  876,  522],
['2016-08-07',   50,  842,  551],
['2016-08-08',   52,  931,  460],
['2016-08-09',   54,  952,  436],
['2016-08-10',   57,  885,  501],
['2016-08-11',   58,  862,  524],
['2016-08-12',   58,  879,  506],
['2016-08-13',   58,  850,  535],
['2016-08-14',   58,  859,  526],
['2016-08-15',   59,  884,  500],
['2016-08-16',   59,  859,  525],
['2016-08-17',   60,  799,  584],
['2016-08-18',   63,  822,  557],
['2016-08-19',   68,  796,  579],
['2016-08-20',   68,  832,  543],
['2016-08-21',   71,  859,  512],
['2016-08-22',   69,  858,  515],
['2016-08-23',   68,  852,  523],
['2016-08-24',   67,  871,  505],
['2016-08-25',   68,  874,  501],
['2016-08-26',   70,  800,  573],
['2016-08-27',   70,  846,  527],
['2016-08-28',   69,  769,  605],
['2016-08-29',   71,  770,  602],
['2016-08-30',   73,  798,  573],
['2016-08-31',   73,  764,  606],
['2016-09-01',   71,  824,  547],
['2016-09-02',   75,  838,  530],
['2016-09-03',   76,  836,  530],
['2016-09-04',   81,  913,  448],
['2016-09-05',   83,  934,  426],
['2016-09-06',   86,  918,  439],
['2016-09-07',   86,  893,  464],
['2016-09-08',   84,  960,  399],
['2016-09-09',   86,  824,  534],
['2016-09-10',   85,  829,  528],
['2016-09-11',   83,  869,  491],
['2016-09-12',   84,  784,  575],
['2016-09-13',   83,  815,  545],
['2016-09-14',   80,  832,  530],
['2016-09-15',   80,  782,  581],
['2016-09-16',   77,  779,  587],
['2016-09-17',   77,  751,  615],
['2016-09-18',   78,  461,  904],
['2016-09-19',   78,  390,  975],
['2016-09-20',   77,  345,  1021],
['2016-09-21',   78,  333,  1032],
['2016-09-22',   71,  350,  1022],
['2016-09-23',   71,  330,  1042],
['2016-09-24',   72,  304,  1067],
['2016-09-25',   73,  259,  1110],
['2016-09-26',   75,  252,  1116],
['2016-09-27',   76,  252,  1115],
['2016-09-28',   76,  254,  1113],
['2016-09-29',   74,  259,  1110],
['2016-09-30',   73,  256,  1113],
['2016-10-01',   71,  251,  1121],
['2016-10-02',   72,  242,  1129],
['2016-10-03',   70,  315,  1058],
['2016-10-04',   68,  321,  1053],
['2016-10-05',   67,  322,  1054],
['2016-10-06',   67,  276,  1100],
['2016-10-07',   67,  251,  1125],
['2016-10-08',   67,  247,  1128],
['2016-10-09',   70,  245,  1127],
['2016-10-10',   70,  243,  1129],
['2016-10-11',   68,  246,  1128],
['2016-10-12',   68,  241,  1133],
['2016-10-13',   65,  240,  1137],
['2016-10-14',   65,  245,  1133],
['2016-10-15',   63,  247,  1132],
['2016-10-16',   64,  229,  1150],
['2016-10-17',   64,  227,  1151],
['2016-10-18',   63,  228,  1151],
['2016-10-19',   65,  226,  1151],
['2016-10-20',   63,  228,  1151],
['2016-10-21',   61,  230,  1152],
['2016-10-22',   62,  229,  1152],
['2016-10-23',   64,  227,  1151],
['2016-10-24',   62,  231,  1150],
['2016-10-25',   60,  232,  1151],
['2016-10-26',   59,  233,  1151],
['2016-10-27',   55,  236,  1151],
['2016-10-28',   57,  235,  1151],
['2016-10-29',   57,  235,  1150],
['2016-10-30',   61,  232,  1150],
['2016-10-31',   60,  232,  1151],
['2016-11-01',   57,  235,  1151],
['2016-11-02',   58,  234,  1151],
['2016-11-03',   57,  236,  1150],
['2016-11-04',   56,  237,  1149],
['2016-11-05',   57,  238,  1148],
['2016-11-06',   67,  251,  1125],
['2016-11-07',   57,  327,  1058],
['2016-11-08',   54,  332,  1057],
['2016-11-09',   57,  329,  1057],
['2016-11-10',   56,  330,  1057],
['2016-11-11',   57,  294,  1091],
['2016-11-12',   59,  286,  1098],
['2016-11-13',   62,  278,  1103],
['2016-11-14',   60,  277,  1106],
['2016-11-15',   58,  272,  1113],
['2016-11-16',   58,  264,  1120],
['2016-11-17',   59,  317,  1066],
['2016-11-18',   60,  359,  1024],
['2016-11-19',   60,  390,  993],
['2016-11-20',   65,  399,  979],
['2016-11-21',   61,  356,  1026],
['2016-11-22',   61,  369,  1013],
['2016-11-23',   63,  430,  950],
['2016-11-24',   63,  456,  923],
['2016-11-25',   69,  455,  919],
['2016-11-26',   72,  451,  919],
['2016-11-27',   80,  385,  978],
['2016-11-28',   68,  352,  1023],
['2016-11-29',   65,  366,  1011],
['2016-11-30',   65,  369,  1009],
['2016-12-01',   64,  373,  1006],
['2016-12-02',   63,  336,  1044],
['2016-12-03',   63,  309,  1071],
['2016-12-04',   82,  314,  1047],
['2016-12-05',   71,  381,  991],
['2016-12-06',   72,  379,  991],
['2016-12-07',   71,  387,  985],
['2016-12-08',   69,  343,  1030],
['2016-12-09',   67,  281,  1095],
['2016-12-10',   70,  282,  1091],
['2016-12-11',   73,  272,  1098],
['2016-12-12',   68,  274,  1101],
['2016-12-13',   62,  277,  1104],
['2016-12-14',   65,  277,  1101],
['2016-12-15',   63,  279,  1101],
['2016-12-16',   58,  294,  1090],
['2016-12-17',   60,  299,  1084],
['2016-12-18',   68,  292,  1083],
['2016-12-19',   60,  298,  1085],
['2016-12-20',   56,  312,  1074],
['2016-12-21',   47,  436,  961],
['2016-12-22',   45,  466,  932],
['2016-12-23',   43,  469,  931],
['2016-12-24',   44,  384,  1014],
['2016-12-25',   48,  293,  1102],
['2016-12-26',   51,  282,  1110],
['2016-12-27',   53,  282,  1107],
['2016-12-28',   59,  278,  1105],
['2016-12-29',   62,  278,  1102],
['2016-12-30',   59,  280,  1103],
['2016-12-31',   64,  275,  1104],
['2017-01-01',   95,  260,  1088],
['2017-01-02',   60,  360,  1023],
['2017-01-03',   47,  374,  1022],
['2017-01-04',   57,  367,  1018],
['2017-01-05',   53,  353,  1037],
['2017-01-06',   52,  354,  1037],
['2017-01-07',   57,  344,  1042],
['2017-01-08',   60,  313,  1070],
['2017-01-09',   57,  301,  1084],
['2017-01-10',   57,  275,  1110],
['2017-01-11',   78,  247,  1118],
['2017-01-12',   78,  247,  1117],
['2017-01-13',   78,  252,  1112],
['2017-01-14',   77,  259,  1107],
['2017-01-15',   92,  238,  1112],
['2017-01-16',   84,  243,  1115],
['2017-01-17',   78,  250,  1115],
['2017-01-18',   83,  244,  1116],
['2017-01-19',   81,  244,  1118],
['2017-01-20',   74,  252,  1117],
['2017-01-21',   70,  255,  1117],
['2017-01-22',   70,  256,  1117],
['2017-01-23',   63,  262,  1118],
['2017-01-24',   56,  265,  1122],
['2017-01-25',   52,  258,  1132],
['2017-01-26',   51,  255,  1137],
['2017-01-27',   50,  254,  1138],
['2017-01-28',   49,  260,  1134],
['2017-01-29',   47,  260,  1135],
['2017-01-30',   48,  261,  1133],
['2017-01-31',   48,  260,  1135],
['2017-02-01',   51,  256,  1135],
['2017-02-02',   55,  256,  1131],
['2017-02-03',   58,  257,  1128],
['2017-02-04',   59,  258,  1125],
['2017-02-05',   74,  246,  1122],
['2017-02-06',   73,  345,  1025],
['2017-02-07',   71,  358,  1014],
['2017-02-08',   71,  356,  1015],
['2017-02-09',   70,  285,  1088],
['2017-02-10',   70,  268,  1105],
['2017-02-11',   71,  262,  1110],
['2017-02-12',   77,  254,  1111],
['2017-02-13',   77,  257,  1109],
['2017-02-14',   75,  261,  1106],
['2017-02-15',   74,  264,  1104],
['2017-02-16',   74,  268,  1101],
['2017-02-17',   73,  272,  1098],
['2017-02-18',   73,  279,  1091],
['2017-02-19',   77,  248,  1118],
['2017-02-20',   77,  248,  1118],
['2017-02-21',   76,  247,  1120],
['2017-02-22',   73,  251,  1119],
['2017-02-23',   72,  252,  1118],
['2017-02-24',   72,  252,  1119],
['2017-02-25',   70,  254,  1119],
['2017-02-26',   73,  249,  1121],
['2017-02-27',   74,  246,  1123],
['2017-02-28',   73,  243,  1127],
['2017-03-01',   70,  241,  1132],
['2017-03-02',   70,  241,  1132],
['2017-03-03',   70,  241,  1132],
['2017-03-04',   71,  241,  1130],
['2017-03-05',   112,  207,  1123],
['2017-03-06',   91,  296,  1055],
['2017-03-07',   81,  336,  1025],
['2017-03-08',   80,  343,  1019],
['2017-03-09',   80,  301,  1062],
['2017-03-10',   79,  265,  1099],
['2017-03-11',   77,  260,  1106],
['2017-03-12',   80,  258,  1105],
['2017-03-13',   83,  257,  1103],
['2017-03-14',   79,  260,  1103],
['2017-03-15',   78,  262,  1102],
['2017-03-16',   75,  270,  1097],
['2017-03-17',   76,  277,  1090],
['2017-03-18',   75,  282,  1086],
['2017-03-19',   77,  245,  1120],
['2017-03-20',   83,  240,  1120],
['2017-03-21',   82,  241,  1120],
['2017-03-22',   81,  241,  1120],
['2017-03-23',   79,  244,  1119],
['2017-03-24',   79,  244,  1119],
['2017-03-25',   78,  245,  1119],
['2017-03-26',   79,  243,  1120],
['2017-03-27',   80,  237,  1126],
['2017-03-28',   79,  233,  1131],
['2017-03-29',   80,  227,  1135],
['2017-03-30',   79,  227,  1137],
['2017-03-31',   78,  228,  1137],
['2017-04-01',   76,  229,  1137],
['2017-04-02',   93,  223,  1127],
['2017-04-03',   78,  295,  1069],
['2017-04-04',   77,  311,  1055],
['2017-04-05',   73,  314,  1056],
['2017-04-06',   72,  318,  1053],
['2017-04-07',   72,  300,  1071],
['2017-04-08',   73,  271,  1099],
['2017-04-09',   78,  268,  1096],
['2017-04-10',   75,  271,  1097],
['2017-04-11',   75,  270,  1098],
['2017-04-12',   74,  272,  1097],
['2017-04-13',   72,  275,  1096],
['2017-04-14',   74,  275,  1093],
['2017-04-15',   74,  281,  1087],
['2017-04-16',   75,  247,  1121],
['2017-04-17',   75,  244,  1124],
['2017-04-18',   76,  242,  1125],
['2017-04-19',   75,  245,  1123],
['2017-04-20',   74,  246,  1122],
['2017-04-21',   74,  246,  1123],
['2017-04-22',   71,  249,  1123],
['2017-04-23',   71,  247,  1125],
['2017-04-24',   70,  246,  1127],
['2017-04-25',   69,  243,  1131],
['2017-04-26',   69,  240,  1134],
['2017-04-27',   64,  240,  1139],
['2017-04-28',   63,  243,  1136],
['2017-04-29',   60,  245,  1138],
['2017-04-30',   60,  244,  1138],
['2017-05-01',   62,  245,  1136],
['2017-05-02',   62,  242,  1139],
['2017-05-03',   63,  240,  1140],
['2017-05-04',   64,  244,  1135],
['2017-05-05',   66,  243,  1134],
['2017-05-06',   65,  252,  1125],
['2017-05-07',   102,  219,  1122],
['2017-05-08',   77,  294,  1072],
['2017-05-09',   73,  320,  1049],
['2017-05-10',   73,  325,  1044],
['2017-05-11',   73,  326,  1044],
['2017-05-12',   72,  268,  1103],
['2017-05-13',   69,  269,  1105],
['2017-05-14',   72,  259,  1112],
['2017-05-15',   73,  258,  1112],
['2017-05-16',   73,  260,  1110],
['2017-05-17',   71,  265,  1106],
['2017-05-18',   71,  268,  1104],
['2017-05-19',   71,  272,  1099],
['2017-05-20',   69,  275,  1098],
['2017-05-21',   68,  250,  1125],
['2017-05-22',   68,  254,  1121],
['2017-05-23',   67,  255,  1120],
['2017-05-24',   67,  255,  1120],
['2017-05-25',   67,  255,  1120],
['2017-05-26',   66,  256,  1120],
['2017-05-27',   64,  259,  1120],
['2017-05-28',   68,  255,  1120],
['2017-05-29',   69,  253,  1121],
['2017-05-30',   69,  252,  1122],
['2017-05-31',   69,  244,  1129],
['2017-06-01',   64,  246,  1133],
['2017-06-02',   64,  246,  1132],
['2017-06-03',   63,  249,  1131],
['2017-06-04',   67,  242,  1133],
['2017-06-05',   66,  288,  1088],
['2017-06-06',   65,  312,  1065],
['2017-06-07',   65,  320,  1057],
['2017-06-08',   66,  329,  1049],
['2017-06-09',   67,  280,  1096],
['2017-06-10',   66,  273,  1104],
['2017-06-11',   69,  265,  1108],
['2017-06-12',   69,  269,  1104],
['2017-06-13',   68,  274,  1100],
['2017-06-14',   66,  278,  1099],
['2017-06-15',   65,  282,  1095],
['2017-06-16',   66,  284,  1093],
['2017-06-17',   66,  286,  1090],
['2017-06-18',   71,  256,  1116],
['2017-06-19',   69,  257,  1117],
['2017-06-20',   68,  258,  1116],
['2017-06-21',   68,  258,  1116],
['2017-06-22',   68,  258,  1116],
['2017-06-23',   68,  259,  1116],
['2017-06-24',   64,  264,  1115],
['2017-06-25',   66,  260,  1117],
['2017-06-26',   66,  256,  1121],
['2017-06-27',   66,  253,  1124],
['2017-06-28',   65,  249,  1128],
['2017-06-29',   65,  247,  1131],
['2017-06-30',   64,  250,  1129],
['2017-07-01',   65,  247,  1130],
['2017-07-02',   71,  246,  1126],
['2017-07-03',   71,  267,  1105],
['2017-07-04',   69,  320,  1054],
['2017-07-05',   67,  327,  1049],
['2017-07-06',   67,  268,  1108],
['2017-07-07',   68,  268,  1108],
['2017-07-08',   67,  264,  1111],
['2017-07-09',   68,  260,  1115],
['2017-07-10',   66,  261,  1116],
['2017-07-11',   65,  267,  1111],
['2017-07-12',   64,  271,  1108],
['2017-07-13',   63,  276,  1103],
['2017-07-14',   63,  281,  1099],
['2017-07-15',   58,  288,  1096],
['2017-07-16',   61,  273,  1108],
['2017-07-17',   61,  271,  1111],
['2017-07-18',   59,  273,  1111],
['2017-07-19',   53,  279,  1111],
['2017-07-20',   47,  285,  1111],
['2017-07-21',   44,  288,  1111],
['2017-07-22',   41,  291,  1110],
['2017-07-23',   50,  283,  1110],
['2017-07-24',   52,  277,  1114],
['2017-07-25',   52,  272,  1118],
['2017-07-26',   53,  269,  1121],
['2017-07-27',   51,  266,  1125],
['2017-07-28',   51,  267,  1125],
['2017-07-29',   49,  269,  1125],
['2017-07-30',   44,  275,  1124],
['2017-07-31',   42,  276,  1125],
['2017-08-01',   42,  275,  1125],
['2017-08-02',   40,  277,  1126],
['2017-08-03',   38,  283,  1122],
['2017-08-04',   39,  282,  1122],
['2017-08-05',   37,  287,  1118],
['2017-08-06',   43,  286,  1113],
['2017-08-07',   46,  345,  1052],
['2017-08-08',   45,  356,  1042],
['2017-08-09',   45,  362,  1036],
['2017-08-10',   45,  359,  1039],
['2017-08-11',   45,  310,  1087],
['2017-08-12',   42,  298,  1103],
['2017-08-13',   46,  291,  1106],
['2017-08-14',   48,  289,  1106],
['2017-08-15',   45,  291,  1106],
['2017-08-16',   45,  295,  1103],
['2017-08-17',   43,  302,  1098],
['2017-08-18',   40,  309,  1093],
['2017-08-19',   39,  323,  1080],
['2017-08-20',   43,  306,  1094],
['2017-08-21',   46,  296,  1101],
['2017-08-22',   47,  293,  1103],
['2017-08-23',   46,  294,  1103],
['2017-08-24',   47,  294,  1102],
['2017-08-25',   47,  294,  1102],
['2017-08-26',   47,  294,  1102],
['2017-08-27',   60,  278,  1104],
['2017-08-28',   61,  274,  1108],
['2017-08-29',   58,  277,  1108],
['2017-08-30',   58,  384,  1001],
['2017-08-31',   56,  457,  930],
['2017-09-01',   47,  464,  931],
['2017-09-02',   46,  378,  1018],
['2017-09-03',   51,  302,  1090],
['2017-09-04',   57,  344,  1041],
['2017-09-05',   56,  355,  1032],
['2017-09-06',   56,  354,  1033],
['2017-09-07',   56,  308,  1078],
['2017-09-08',   56,  290,  1097],
['2017-09-09',   56,  286,  1101],
['2017-09-10',   57,  270,  1116],
['2017-09-11',   58,  255,  1129],
['2017-09-12',   58,  262,  1123],
['2017-09-13',   59,  261,  1123],
['2017-09-14',   59,  261,  1123],
['2017-09-15',   69,  256,  1118],
['2017-09-16',   67,  259,  1117],
['2017-09-17',   68,  253,  1122],
['2017-09-18',   66,  258,  1119],
['2017-09-19',   68,  253,  1122],
['2017-09-20',   67,  254,  1122],
['2017-09-21',   64,  257,  1122],
['2017-09-22',   64,  256,  1123],
['2017-09-23',   65,  254,  1124],
['2017-09-24',   67,  251,  1125],
['2017-09-25',   66,  248,  1128],
['2017-09-26',   67,  247,  1128],
['2017-09-27',   68,  244,  1130],
['2017-09-28',   67,  244,  1132],
['2017-09-29',   66,  244,  1133],
['2017-09-30',   67,  242,  1134],
['2017-10-01',   65,  232,  1146],
['2017-10-02',   65,  218,  1160],
['2017-10-03',   63,  219,  1160],
['2017-10-04',   61,  221,  1160],
['2017-10-05',   61,  222,  1160],
['2017-10-06',   61,  224,  1157],
['2017-10-07',   61,  228,  1154],
['2017-10-08',   62,  226,  1154],
['2017-10-09',   62,  225,  1155],
['2017-10-10',   62,  225,  1156],
['2017-10-11',   63,  224,  1156],
['2017-10-12',   63,  224,  1156],
['2017-10-13',   63,  224,  1156],
['2017-10-14',   60,  228,  1155],
['2017-10-15',   62,  225,  1155],
['2017-10-16',   62,  226,  1155],
['2017-10-17',   64,  223,  1155],
['2017-10-18',   62,  225,  1155],
['2017-10-19',   62,  225,  1155],
['2017-10-20',   59,  231,  1153],
['2017-10-21',   57,  234,  1152],
['2017-10-22',   58,  237,  1148],
['2017-10-23',   60,  242,  1141],
['2017-10-24',   60,  247,  1135],
['2017-10-25',   60,  273,  1110],
['2017-10-26',   47,  412,  984],
['2017-10-27',   14,  453,  976],
['2017-10-28',   12,  455,  976],
['2017-10-29',   9,  389,  1045],
['2017-10-30',   9,  206,  1227],
['2017-10-31',   4,  170,  1269],
['2017-11-01',   3,  145,  1294],
['2017-11-02',   2,  134,  1307],
['2017-11-03',   2,  113,  1327],
['2017-11-04',   2,  106,  1335],
['2017-11-05',   2,  104,  1337],
['2017-11-06',   2,  97,  1344],
['2017-11-07',   1,  95,  1347],
['2017-11-08',   1,  87,  1354],
['2017-11-09',   1,  77,  1365],
['2017-11-10',   1,  72,  1369],
['2017-11-11',   1,  72,  1370],
['2017-11-12',   1,  69,  1372],
['2017-11-13',   1,  67,  1375],
['2017-11-14',   1,  67,  1375],
['2017-11-15',   1,  66,  1376],
['2017-11-16',   1,  65,  1377],
['2017-11-17',   1,  65,  1377],
['2017-11-18',   1,  65,  1377],
['2017-11-19',   1,  64,  1377],
['2017-11-20',   1,  64,  1378],
['2017-11-21',   1,  62,  1380],
['2017-11-22',   0,  50,  1393],
['2017-11-23',   0,  28,  1414],
['2017-11-24',   0,  14,  1429],
['2017-11-25',   0,  10,  1432],
['2017-11-26',   0,  8,  1434],
['2017-11-27',   0,  8,  1434],
['2017-11-28',   0,  7,  1435],
['2017-11-29',   0,  6,  1436],
['2017-11-30',   0,  6,  1437],
['2017-12-01',   0,  5,  1438],
['2017-12-02',   0,  4,  1439],
['2017-12-03',   0,  3,  1440],
['2017-12-04',   0,  2,  1440],
['2017-12-05',   0,  2,  1441],
['2017-12-06',   0,  1,  1441],
['2017-12-07',   0,  1,  1442],
['2017-12-08',   0,  1,  1442],
['2017-12-09',   0,  1,  1442],
['2017-12-10',   0,  1,  1442],
['2017-12-11',   0,  1,  1442],
['2017-12-12',   0,  1,  1442],
['2017-12-13',   0,  1,  1442],
['2017-12-14',   0,  1,  1442],
['2017-12-15',   0,  1,  1442],
['2017-12-16',   0,  1,  1442],
['2017-12-17',   0,  1,  1442],
['2017-12-18',   0,  0,  1442],
['2017-12-19',   0,  0,  1442],
['2017-12-20',   0,  0,  1442],
['2017-12-21',   0,  0,  1443],
['2017-12-22',   0,  0,  1443],
['2017-12-23',   0,  0,  1443],
['2017-12-24',   0,  0,  1443],
['2017-12-25',   0,  0,  1443],
['2017-12-26',   0,  0,  1443],
['2017-12-27',   0,  0,  1443],
['2017-12-28',   0,  0,  1443],
['2017-12-29',   0,  0,  1443],
['2017-12-30',   0,  0,  1443],
['2017-12-31',   0,  0,  1443],
['2018-01-01',   0,  0,  1443]
        ]);
        var options = {
          title: 'VMAX FAST association report for taqa1d01_SG',
          chartArea:{left:50,top:50},vAxis:{title:'Gigabytes'},hAxis:{title:'DateTime'}
        };

        var chart = new google.visualization.LineChart(document.getElementById('chart_div'));
        chart.draw(data, options);
      }
    </script>
  </head>
  <body>
    <div id="chart_div" style="width: 1500px; height: 900px;"></div>
  </body>
</html>


^Date^EFD^FC^SATA^
|2018-01-01|0|0|1443|
|2017-12-31|0|0|1443|
|2017-12-30|0|0|1443|
|2017-12-29|0|0|1443|
|2017-12-28|0|0|1443|
|2017-12-27|0|0|1443|
|2017-12-26|0|0|1443|
|2017-12-25|0|0|1443|
|2017-12-24|0|0|1443|
|2017-12-23|0|0|1443|
|2017-12-22|0|0|1443|
|2017-12-21|0|0|1443|
|2017-12-20|0|0|1442|
|2017-12-19|0|0|1442|
|2017-12-18|0|0|1442|
|2017-12-17|0|1|1442|
|2017-12-16|0|1|1442|
|2017-12-15|0|1|1442|
|2017-12-14|0|1|1442|
|2017-12-13|0|1|1442|
|2017-12-12|0|1|1442|
|2017-12-11|0|1|1442|
|2017-12-10|0|1|1442|
|2017-12-09|0|1|1442|
|2017-12-08|0|1|1442|
|2017-12-07|0|1|1442|
|2017-12-06|0|1|1441|
|2017-12-05|0|2|1441|
|2017-12-04|0|2|1440|
|2017-12-03|0|3|1440|
|2017-12-02|0|4|1439|
|2017-12-01|0|5|1438|
|2017-11-30|0|6|1437|
|2017-11-29|0|6|1436|
|2017-11-28|0|7|1435|
|2017-11-27|0|8|1434|
|2017-11-26|0|8|1434|
|2017-11-25|0|10|1432|
|2017-11-24|0|14|1429|
|2017-11-23|0|28|1414|
|2017-11-22|0|50|1393|
|2017-11-21|1|62|1380|
|2017-11-20|1|64|1378|
|2017-11-19|1|64|1377|
|2017-11-18|1|65|1377|
|2017-11-17|1|65|1377|
|2017-11-16|1|65|1377|
|2017-11-15|1|66|1376|
|2017-11-14|1|67|1375|
|2017-11-13|1|67|1375|
|2017-11-12|1|69|1372|
|2017-11-11|1|72|1370|
|2017-11-10|1|72|1369|
|2017-11-09|1|77|1365|
|2017-11-08|1|87|1354|
|2017-11-07|1|95|1347|
|2017-11-06|2|97|1344|
|2017-11-05|2|104|1337|
|2017-11-04|2|106|1335|
|2017-11-03|2|113|1327|
|2017-11-02|2|134|1307|
|2017-11-01|3|145|1294|
|2017-10-31|4|170|1269|
|2017-10-30|9|206|1227|
|2017-10-29|9|389|1045|
|2017-10-28|12|455|976|
|2017-10-27|14|453|976|
|2017-10-26|47|412|984|
|2017-10-25|60|273|1110|
|2017-10-24|60|247|1135|
|2017-10-23|60|242|1141|
|2017-10-22|58|237|1148|
|2017-10-21|57|234|1152|
|2017-10-20|59|231|1153|
|2017-10-19|62|225|1155|
|2017-10-18|62|225|1155|
|2017-10-17|64|223|1155|
|2017-10-16|62|226|1155|
|2017-10-15|62|225|1155|
|2017-10-14|60|228|1155|
|2017-10-13|63|224|1156|
|2017-10-12|63|224|1156|
|2017-10-11|63|224|1156|
|2017-10-10|62|225|1156|
|2017-10-09|62|225|1155|
|2017-10-08|62|226|1154|
|2017-10-07|61|228|1154|
|2017-10-06|61|224|1157|
|2017-10-05|61|222|1160|
|2017-10-04|61|221|1160|
|2017-10-03|63|219|1160|
|2017-10-02|65|218|1160|
|2017-10-01|65|232|1146|
|2017-09-30|67|242|1134|
|2017-09-29|66|244|1133|
|2017-09-28|67|244|1132|
|2017-09-27|68|244|1130|
|2017-09-26|67|247|1128|
|2017-09-25|66|248|1128|
|2017-09-24|67|251|1125|
|2017-09-23|65|254|1124|
|2017-09-22|64|256|1123|
|2017-09-21|64|257|1122|
|2017-09-20|67|254|1122|
|2017-09-19|68|253|1122|
|2017-09-18|66|258|1119|
|2017-09-17|68|253|1122|
|2017-09-16|67|259|1117|
|2017-09-15|69|256|1118|
|2017-09-14|59|261|1123|
|2017-09-13|59|261|1123|
|2017-09-12|58|262|1123|
|2017-09-11|58|255|1129|
|2017-09-10|57|270|1116|
|2017-09-09|56|286|1101|
|2017-09-08|56|290|1097|
|2017-09-07|56|308|1078|
|2017-09-06|56|354|1033|
|2017-09-05|56|355|1032|
|2017-09-04|57|344|1041|
|2017-09-03|51|302|1090|
|2017-09-02|46|378|1018|
|2017-09-01|47|464|931|
|2017-08-31|56|457|930|
|2017-08-30|58|384|1001|
|2017-08-29|58|277|1108|
|2017-08-28|61|274|1108|
|2017-08-27|60|278|1104|
|2017-08-26|47|294|1102|
|2017-08-25|47|294|1102|
|2017-08-24|47|294|1102|
|2017-08-23|46|294|1103|
|2017-08-22|47|293|1103|
|2017-08-21|46|296|1101|
|2017-08-20|43|306|1094|
|2017-08-19|39|323|1080|
|2017-08-18|40|309|1093|
|2017-08-17|43|302|1098|
|2017-08-16|45|295|1103|
|2017-08-15|45|291|1106|
|2017-08-14|48|289|1106|
|2017-08-13|46|291|1106|
|2017-08-12|42|298|1103|
|2017-08-11|45|310|1087|
|2017-08-10|45|359|1039|
|2017-08-09|45|362|1036|
|2017-08-08|45|356|1042|
|2017-08-07|46|345|1052|
|2017-08-06|43|286|1113|
|2017-08-05|37|287|1118|
|2017-08-04|39|282|1122|
|2017-08-03|38|283|1122|
|2017-08-02|40|277|1126|
|2017-08-01|42|275|1125|
|2017-07-31|42|276|1125|
|2017-07-30|44|275|1124|
|2017-07-29|49|269|1125|
|2017-07-28|51|267|1125|
|2017-07-27|51|266|1125|
|2017-07-26|53|269|1121|
|2017-07-25|52|272|1118|
|2017-07-24|52|277|1114|
|2017-07-23|50|283|1110|
|2017-07-22|41|291|1110|
|2017-07-21|44|288|1111|
|2017-07-20|47|285|1111|
|2017-07-19|53|279|1111|
|2017-07-18|59|273|1111|
|2017-07-17|61|271|1111|
|2017-07-16|61|273|1108|
|2017-07-15|58|288|1096|
|2017-07-14|63|281|1099|
|2017-07-13|63|276|1103|
|2017-07-12|64|271|1108|
|2017-07-11|65|267|1111|
|2017-07-10|66|261|1116|
|2017-07-09|68|260|1115|
|2017-07-08|67|264|1111|
|2017-07-07|68|268|1108|
|2017-07-06|67|268|1108|
|2017-07-05|67|327|1049|
|2017-07-04|69|320|1054|
|2017-07-03|71|267|1105|
|2017-07-02|71|246|1126|
|2017-07-01|65|247|1130|
|2017-06-30|64|250|1129|
|2017-06-29|65|247|1131|
|2017-06-28|65|249|1128|
|2017-06-27|66|253|1124|
|2017-06-26|66|256|1121|
|2017-06-25|66|260|1117|
|2017-06-24|64|264|1115|
|2017-06-23|68|259|1116|
|2017-06-22|68|258|1116|
|2017-06-21|68|258|1116|
|2017-06-20|68|258|1116|
|2017-06-19|69|257|1117|
|2017-06-18|71|256|1116|
|2017-06-17|66|286|1090|
|2017-06-16|66|284|1093|
|2017-06-15|65|282|1095|
|2017-06-14|66|278|1099|
|2017-06-13|68|274|1100|
|2017-06-12|69|269|1104|
|2017-06-11|69|265|1108|
|2017-06-10|66|273|1104|
|2017-06-09|67|280|1096|
|2017-06-08|66|329|1049|
|2017-06-07|65|320|1057|
|2017-06-06|65|312|1065|
|2017-06-05|66|288|1088|
|2017-06-04|67|242|1133|
|2017-06-03|63|249|1131|
|2017-06-02|64|246|1132|
|2017-06-01|64|246|1133|
|2017-05-31|69|244|1129|
|2017-05-30|69|252|1122|
|2017-05-29|69|253|1121|
|2017-05-28|68|255|1120|
|2017-05-27|64|259|1120|
|2017-05-26|66|256|1120|
|2017-05-25|67|255|1120|
|2017-05-24|67|255|1120|
|2017-05-23|67|255|1120|
|2017-05-22|68|254|1121|
|2017-05-21|68|250|1125|
|2017-05-20|69|275|1098|
|2017-05-19|71|272|1099|
|2017-05-18|71|268|1104|
|2017-05-17|71|265|1106|
|2017-05-16|73|260|1110|
|2017-05-15|73|258|1112|
|2017-05-14|72|259|1112|
|2017-05-13|69|269|1105|
|2017-05-12|72|268|1103|
|2017-05-11|73|326|1044|
|2017-05-10|73|325|1044|
|2017-05-09|73|320|1049|
|2017-05-08|77|294|1072|
|2017-05-07|102|219|1122|
|2017-05-06|65|252|1125|
|2017-05-05|66|243|1134|
|2017-05-04|64|244|1135|
|2017-05-03|63|240|1140|
|2017-05-02|62|242|1139|
|2017-05-01|62|245|1136|
|2017-04-30|60|244|1138|
|2017-04-29|60|245|1138|
|2017-04-28|63|243|1136|
|2017-04-27|64|240|1139|
|2017-04-26|69|240|1134|
|2017-04-25|69|243|1131|
|2017-04-24|70|246|1127|
|2017-04-23|71|247|1125|
|2017-04-22|71|249|1123|
|2017-04-21|74|246|1123|
|2017-04-20|74|246|1122|
|2017-04-19|75|245|1123|
|2017-04-18|76|242|1125|
|2017-04-17|75|244|1124|
|2017-04-16|75|247|1121|
|2017-04-15|74|281|1087|
|2017-04-14|74|275|1093|
|2017-04-13|72|275|1096|
|2017-04-12|74|272|1097|
|2017-04-11|75|270|1098|
|2017-04-10|75|271|1097|
|2017-04-09|78|268|1096|
|2017-04-08|73|271|1099|
|2017-04-07|72|300|1071|
|2017-04-06|72|318|1053|
|2017-04-05|73|314|1056|
|2017-04-04|77|311|1055|
|2017-04-03|78|295|1069|
|2017-04-02|93|223|1127|
|2017-04-01|76|229|1137|
|2017-03-31|78|228|1137|
|2017-03-30|79|227|1137|
|2017-03-29|80|227|1135|
|2017-03-28|79|233|1131|
|2017-03-27|80|237|1126|
|2017-03-26|79|243|1120|
|2017-03-25|78|245|1119|
|2017-03-24|79|244|1119|
|2017-03-23|79|244|1119|
|2017-03-22|81|241|1120|
|2017-03-21|82|241|1120|
|2017-03-20|83|240|1120|
|2017-03-19|77|245|1120|
|2017-03-18|75|282|1086|
|2017-03-17|76|277|1090|
|2017-03-16|75|270|1097|
|2017-03-15|78|262|1102|
|2017-03-14|79|260|1103|
|2017-03-13|83|257|1103|
|2017-03-12|80|258|1105|
|2017-03-11|77|260|1106|
|2017-03-10|79|265|1099|
|2017-03-09|80|301|1062|
|2017-03-08|80|343|1019|
|2017-03-07|81|336|1025|
|2017-03-06|91|296|1055|
|2017-03-05|112|207|1123|
|2017-03-04|71|241|1130|
|2017-03-03|70|241|1132|
|2017-03-02|70|241|1132|
|2017-03-01|70|241|1132|
|2017-02-28|73|243|1127|
|2017-02-27|74|246|1123|
|2017-02-26|73|249|1121|
|2017-02-25|70|254|1119|
|2017-02-24|72|252|1119|
|2017-02-23|72|252|1118|
|2017-02-22|73|251|1119|
|2017-02-21|76|247|1120|
|2017-02-20|77|248|1118|
|2017-02-19|77|248|1118|
|2017-02-18|73|279|1091|
|2017-02-17|73|272|1098|
|2017-02-16|74|268|1101|
|2017-02-15|74|264|1104|
|2017-02-14|75|261|1106|
|2017-02-13|77|257|1109|
|2017-02-12|77|254|1111|
|2017-02-11|71|262|1110|
|2017-02-10|70|268|1105|
|2017-02-09|70|285|1088|
|2017-02-08|71|356|1015|
|2017-02-07|71|358|1014|
|2017-02-06|73|345|1025|
|2017-02-05|74|246|1122|
|2017-02-04|59|258|1125|
|2017-02-03|58|257|1128|
|2017-02-02|55|256|1131|
|2017-02-01|51|256|1135|
|2017-01-31|48|260|1135|
|2017-01-30|48|261|1133|
|2017-01-29|47|260|1135|
|2017-01-28|49|260|1134|
|2017-01-27|50|254|1138|
|2017-01-26|51|255|1137|
|2017-01-25|52|258|1132|
|2017-01-24|56|265|1122|
|2017-01-23|63|262|1118|
|2017-01-22|70|256|1117|
|2017-01-21|70|255|1117|
|2017-01-20|74|252|1117|
|2017-01-19|81|244|1118|
|2017-01-18|83|244|1116|
|2017-01-17|78|250|1115|
|2017-01-16|84|243|1115|
|2017-01-15|92|238|1112|
|2017-01-14|77|259|1107|
|2017-01-13|78|252|1112|
|2017-01-12|78|247|1117|
|2017-01-11|78|247|1118|
|2017-01-10|57|275|1110|
|2017-01-09|57|301|1084|
|2017-01-08|60|313|1070|
|2017-01-07|57|344|1042|
|2017-01-06|52|354|1037|
|2017-01-05|53|353|1037|
|2017-01-04|57|367|1018|
|2017-01-03|47|374|1022|
|2017-01-02|60|360|1023|
|2017-01-01|95|260|1088|
|2016-12-31|64|275|1104|
|2016-12-30|59|280|1103|
|2016-12-29|62|278|1102|
|2016-12-28|59|278|1105|
|2016-12-27|53|282|1107|
|2016-12-26|51|282|1110|
|2016-12-25|48|293|1102|
|2016-12-24|44|384|1014|
|2016-12-23|43|469|931|
|2016-12-22|45|466|932|
|2016-12-21|47|436|961|
|2016-12-20|56|312|1074|
|2016-12-19|60|298|1085|
|2016-12-18|68|292|1083|
|2016-12-17|60|299|1084|
|2016-12-16|58|294|1090|
|2016-12-15|63|279|1101|
|2016-12-14|65|277|1101|
|2016-12-13|62|277|1104|
|2016-12-12|68|274|1101|
|2016-12-11|73|272|1098|
|2016-12-10|70|282|1091|
|2016-12-09|67|281|1095|
|2016-12-08|69|343|1030|
|2016-12-07|71|387|985|
|2016-12-06|72|379|991|
|2016-12-05|71|381|991|
|2016-12-04|82|314|1047|
|2016-12-03|63|309|1071|
|2016-12-02|63|336|1044|
|2016-12-01|64|373|1006|
|2016-11-30|65|369|1009|
|2016-11-29|65|366|1011|
|2016-11-28|68|352|1023|
|2016-11-27|80|385|978|
|2016-11-26|72|451|919|
|2016-11-25|69|455|919|
|2016-11-24|63|456|923|
|2016-11-23|63|430|950|
|2016-11-22|61|369|1013|
|2016-11-21|61|356|1026|
|2016-11-20|65|399|979|
|2016-11-19|60|390|993|
|2016-11-18|60|359|1024|
|2016-11-17|59|317|1066|
|2016-11-16|58|264|1120|
|2016-11-15|58|272|1113|
|2016-11-14|60|277|1106|
|2016-11-13|62|278|1103|
|2016-11-12|59|286|1098|
|2016-11-11|57|294|1091|
|2016-11-10|56|330|1057|
|2016-11-09|57|329|1057|
|2016-11-08|54|332|1057|
|2016-11-07|57|327|1058|
|2016-11-06|67|251|1125|
|2016-11-05|57|238|1148|
|2016-11-04|56|237|1149|
|2016-11-03|57|236|1150|
|2016-11-02|58|234|1151|
|2016-11-01|57|235|1151|
|2016-10-31|60|232|1151|
|2016-10-30|61|232|1150|
|2016-10-29|57|235|1150|
|2016-10-28|57|235|1151|
|2016-10-27|55|236|1151|
|2016-10-26|59|233|1151|
|2016-10-25|60|232|1151|
|2016-10-24|62|231|1150|
|2016-10-23|64|227|1151|
|2016-10-22|62|229|1152|
|2016-10-21|61|230|1152|
|2016-10-20|63|228|1151|
|2016-10-19|65|226|1151|
|2016-10-18|63|228|1151|
|2016-10-17|64|227|1151|
|2016-10-16|64|229|1150|
|2016-10-15|63|247|1132|
|2016-10-14|65|245|1133|
|2016-10-13|65|240|1137|
|2016-10-12|68|241|1133|
|2016-10-11|68|246|1128|
|2016-10-10|70|243|1129|
|2016-10-09|70|245|1127|
|2016-10-08|67|247|1128|
|2016-10-07|67|251|1125|
|2016-10-06|67|276|1100|
|2016-10-05|67|322|1054|
|2016-10-04|68|321|1053|
|2016-10-03|70|315|1058|
|2016-10-02|72|242|1129|
|2016-10-01|71|251|1121|
|2016-09-30|73|256|1113|
|2016-09-29|74|259|1110|
|2016-09-28|76|254|1113|
|2016-09-27|76|252|1115|
|2016-09-26|75|252|1116|
|2016-09-25|73|259|1110|
|2016-09-24|72|304|1067|
|2016-09-23|71|330|1042|
|2016-09-22|71|350|1022|
|2016-09-21|78|333|1032|
|2016-09-20|77|345|1021|
|2016-09-19|78|390|975|
|2016-09-18|78|461|904|
|2016-09-17|77|751|615|
|2016-09-16|77|779|587|
|2016-09-15|80|782|581|
|2016-09-14|80|832|530|
|2016-09-13|83|815|545|
|2016-09-12|84|784|575|
|2016-09-11|83|869|491|
|2016-09-10|85|829|528|
|2016-09-09|86|824|534|
|2016-09-08|84|960|399|
|2016-09-07|86|893|464|
|2016-09-06|86|918|439|
|2016-09-05|83|934|426|
|2016-09-04|81|913|448|
|2016-09-03|76|836|530|
|2016-09-02|75|838|530|
|2016-09-01|71|824|547|
|2016-08-31|73|764|606|
|2016-08-30|73|798|573|
|2016-08-29|71|770|602|
|2016-08-28|69|769|605|
|2016-08-27|70|846|527|
|2016-08-26|70|800|573|
|2016-08-25|68|874|501|
|2016-08-24|67|871|505|
|2016-08-23|68|852|523|
|2016-08-22|69|858|515|
|2016-08-21|71|859|512|
|2016-08-20|68|832|543|
|2016-08-19|68|796|579|
|2016-08-18|63|822|557|
|2016-08-17|60|799|584|
|2016-08-16|59|859|525|
|2016-08-15|59|884|500|
|2016-08-14|58|859|526|
|2016-08-13|58|850|535|
|2016-08-12|58|879|506|
|2016-08-11|58|862|524|
|2016-08-10|57|885|501|
|2016-08-09|54|952|436|
|2016-08-08|52|931|460|
|2016-08-07|50|842|551|
|2016-08-06|45|876|522|
|2016-08-05|43|856|543|
|2016-08-04|41|853|548|
|2016-08-03|41|885|516|
|2016-08-02|45|828|570|
|2016-08-01|48|817|577|
|2016-07-31|49|893|500|
|2016-07-30|49|843|551|
|2016-07-29|49|810|584|
|2016-07-28|49|855|539|
|2016-07-27|49|810|584|
|2016-07-26|50|787|605|
|2016-07-25|50|890|502|
|2016-07-24|49|807|587|
|2016-07-23|48|809|586|
|2016-07-22|48|893|502|
|2016-07-21|48|824|571|
|2016-07-20|50|804|589|
|2016-07-19|50|860|532|
|2016-07-18|51|778|614|
|2016-07-17|52|759|631|
|2016-07-16|50|899|494|
|2016-07-15|47|835|561|
|2016-07-14|46|841|555|
|2016-07-13|46|855|542|
|2016-07-12|59|887|497|
|2016-07-11|65|865|513|
|2016-07-10|69|934|440|
|2016-07-09|88|876|478|
|2016-07-08|90|858|495|
|2016-07-07|88|889|465|
|2016-07-06|95|842|506|
|2016-07-05|107|860|476|
|2016-07-04|123|910|410|
|2016-07-03|101|884|458|
|2016-07-02|83|903|457|
|2016-07-01|82|1000|361|
|2016-06-30|81|926|435|
|2016-06-29|84|872|487|
|2016-06-28|87|945|411|
|2016-06-27|88|919|436|
|2016-06-26|92|908|443|
|2016-06-25|84|923|436|
|2016-06-24|87|901|455|
|2016-06-23|86|909|447|
|2016-06-22|87|917|438|
|2016-06-21|87|889|467|
|2016-06-20|94|872|477|
|2016-06-19|93|954|396|
|2016-06-18|76|934|432|
|2016-06-17|76|914|452|
|2016-06-16|74|985|384|
|2016-06-15|71|996|376|
|2016-06-14|78|983|382|
|2016-06-13|85|1001|357|
|2016-06-12|91|916|436|
|2016-06-11|83|981|379|
|2016-06-10|96|1027|319|
|2016-06-09|122|1025|296|
|2016-06-08|141|943|358|
|2016-06-07|273|827|343|
|2016-06-06|297|777|369|
|2016-06-05|283|772|387|
|2016-06-04|103|1042|298|
|2016-06-03|104|1032|307|
|2016-06-02|123|1048|271|
|2016-06-01|166|926|350|
|2016-05-31|243|778|421|
|2016-05-30|242|789|412|
|2016-05-29|181|936|326|
|2016-05-28|89|1003|350|
|2016-05-27|132|976|334|
|2016-05-26|161|941|340|
|2016-05-25|163|894|385|
|2016-05-24|170|900|372|
|2016-05-23|143|956|343|
|2016-05-22|153|917|373|
|2016-05-21|46|1124|273|
|2016-05-20|68|1091|283|
|2016-05-19|56|1052|334|
|2016-05-18|40|1101|301|
|2016-05-17|41|1097|304|
|2016-05-16|48|1032|362|
|2016-05-15|63|1033|347|
|2016-05-14|60|1027|356|
|2016-05-13|93|1053|296|
|2016-05-12|102|1149|192|
|2016-05-11|115|1171|156|
|2016-05-10|136|1190|116|
|2016-05-09|152|1166|124|
|2016-05-08|165|1166|111|
|2016-05-07|36|1189|217|
|2016-05-06|52|1206|184|
|2016-05-05|63|1197|183|
|2016-05-04|79|1194|169|
|2016-05-03|105|1196|141|
|2016-05-02|157|1174|112|
|2016-05-01|173|1053|217|
|2016-04-30|28|1217|198|
|2016-04-29|31|1184|228|
|2016-04-28|30|1199|213|
|2016-04-27|33|1203|207|
|2016-04-26|68|1207|167|
|2016-04-25|82|1108|252|
|2016-04-24|96|1150|197|
|2016-04-23|40|1178|224|
|2016-04-22|91|1199|152|
|2016-04-21|79|1193|170|
|2016-04-20|98|1177|168|
|2016-04-19|124|1201|118|
|2016-04-18|89|1198|155|
|2016-04-17|81|1178|183|
|2016-04-16|32|1189|221|
|2016-04-15|46|1201|195|
|2016-04-14|51|1196|195|
|2016-04-13|62|1265|115|
|2016-04-12|71|1194|177|
|2016-04-11|100|1214|128|
|2016-04-10|101|1140|201|
|2016-04-09|56|1175|211|
|2016-04-08|82|1199|161|
|2016-04-07|82|1190|171|
|2016-04-06|102|1215|125|
|2016-04-05|117|1226|99|
|2016-04-04|133|1131|178|
|2016-04-03|166|1093|184|
|2016-04-02|38|1184|220|
|2016-04-01|72|1211|159|
|2016-03-31|100|1199|144|
|2016-03-30|123|1188|131|
|2016-03-29|162|1181|99|
|2016-03-28|145|1220|77|
|2016-03-27|205|1154|84|
|2016-03-26|56|1171|215|
|2016-03-25|55|1189|199|
|2016-03-24|111|1204|127|
|2016-03-23|100|1198|144|
|2016-03-22|107|1215|120|
|2016-03-21|114|1193|135|
|2016-03-20|127|1195|120|
|2016-03-19|49|1204|190|
|2016-03-18|66|1244|132|
|2016-03-17|70|1186|186|
|2016-03-16|78|1179|185|
|2016-03-15|82|1182|178|
|2016-03-14|98|1174|170|
|2016-03-13|148|1113|182|
|2016-03-12|37|1193|213|
|2016-03-11|36|1196|210|
|2016-03-10|40|1211|191|
|2016-03-09|42|1207|194|
|2016-03-08|70|1198|175|
|2016-03-07|84|1175|183|
|2016-03-06|136|1113|193|
|2016-03-05|122|1145|176|
|2016-03-04|137|1132|174|
|2016-03-03|132|1137|174|
|2016-03-02|130|1137|176|
|2016-03-01|126|1140|175|
|2016-02-29|127|1131|184|
|2016-02-28|22|1236|184|
|2016-02-27|22|1236|184|
|2016-02-26|22|1236|184|
|2016-02-25|22|1236|184|
|2016-02-24|24|1232|186|
|2016-02-23|21|1219|202|
|2016-02-22|20|1178|244|
|2016-02-21|20|1135|287|
|2016-02-20|23|1180|240|
|2016-02-19|33|1166|244|
|2016-02-18|45|1186|212|
|2016-02-17|68|1188|186|
|2016-02-16|125|1157|160|
|2016-02-15|135|1145|162|
|2016-02-14|140|1142|160|
|2016-02-13|117|1159|167|
|2016-02-12|164|1126|152|
|2016-02-11|180|1111|151|
|2016-02-10|199|1087|156|
|2016-02-09|223|1065|154|
|2016-02-08|226|1051|166|
|2016-02-07|212|1064|166|
|2016-02-06|132|1150|160|
|2016-02-05|160|1122|160|
|2016-02-04|180|1101|161|
|2016-02-03|201|1079|163|
|2016-02-02|232|1041|169|
|2016-02-01|236|1023|183|
|2016-01-31|238|1046|158|
|2016-01-30|197|1087|158|
|2016-01-29|240|1040|162|
|2016-01-28|241|1036|165|
|2016-01-27|249|1028|165|
|2016-01-26|260|1022|160|
|2016-01-25|246|1036|160|
|2016-01-24|233|1045|164|
|2016-01-23|187|1100|155|
|2016-01-22|216|1071|154|
|2016-01-21|225|1063|154|
|2016-01-20|247|1036|159|
|2016-01-19|257|1019|166|
|2016-01-18|252|1012|179|
|2016-01-17|247|1010|185|
|2016-01-16|206|1070|166|
|2016-01-15|214|1062|166|
|2016-01-14|216|1061|165|
|2016-01-13|220|1057|165|
|2016-01-12|236|1043|163|
|2016-01-11|238|1049|155|
|2016-01-10|246|1044|152|
|2016-01-09|172|1115|155|
|2016-01-08|187|1097|159|
|2016-01-07|191|1085|166|
|2016-01-06|239|1039|165|
|2016-01-05|281|999|162|
|2016-01-04|297|982|163|
|2016-01-03|294|988|160|
|2016-01-02|289|985|168|
|2016-01-01|293|994|155|
|2015-12-31|292|994|156|
|2015-12-30|291|993|159|
|2015-12-29|291|990|162|
|2015-12-28|290|982|170|
|2015-12-27|289|983|171|
|2015-12-26|287|990|165|
|2015-12-25|287|990|165|
|2015-12-24|281|994|167|
|2015-12-23|277|993|172|
|2015-12-22|272|996|175|
|2015-12-21|260|917|265|
|2015-12-20|262|1014|167|
|2015-12-19|153|1117|172|
|2015-12-18|163|1105|174|
|2015-12-17|153|1121|168|
|2015-12-16|178|1099|165|
|2015-12-15|213|1068|161|
|2015-12-14|207|1069|167|
|2015-12-13|215|1057|170|
|2015-12-12|193|1081|168|
|2015-12-11|220|1061|161|
|2015-12-10|231|1041|170|
|2015-12-09|250|1016|176|
|2015-12-08|258|1008|176|
|2015-12-07|226|1029|187|
|2015-12-06|196|1062|185|
|2015-12-05|136|1120|186|
|2015-12-04|147|1111|184|
|2015-12-03|184|1071|187|
|2015-12-02|243|1029|170|
|2015-12-01|252|1021|170|
|2015-11-30|267|1004|171|
|2015-11-29|259|1010|174|
|2015-11-28|98|1174|171|
|2015-11-27|100|1170|173|
|2015-11-26|84|1181|178|
|2015-11-25|63|1187|192|
|2015-11-24|73|1187|183|
|2015-11-23|74|1175|193|
|2015-11-22|125|1119|198|
|2015-11-21|40|1202|200|
|2015-11-20|43|1202|198|
|2015-11-19|48|1186|208|
|2015-11-18|59|1185|198|
|2015-11-17|72|1189|181|
|2015-11-16|112|1140|191|
|2015-11-15|159|1081|202|
|2015-11-14|46|1192|205|
|2015-11-13|63|1188|191|
|2015-11-09|70|1198|174|
|2015-11-08|91|1139|212|
|2015-11-07|34|1216|193|
|2015-11-06|36|1221|185|
|2015-11-05|38|1228|175|
|2015-11-04|49|1220|173|
|2015-11-03|78|1188|176|
|2015-11-02|113|1112|217|
|2015-11-01|130|1060|252|
|2015-10-31|33|1171|238|
|2015-10-30|34|1195|213|
|2015-10-29|38|1204|200|
|2015-10-28|39|1211|192|
|2015-10-27|44|1219|179|
|2015-10-26|68|1196|178|
|2015-10-25|104|1146|192|
|2015-10-24|34|1199|209|
|2015-10-23|50|1190|202|
|2015-10-22|34|1204|204|
|2015-10-21|52|1205|185|
|2015-10-20|50|1218|174|
|2015-10-19|30|1194|218|
|2015-10-18|107|1129|206|
|2015-10-17|24|1218|201|
|2015-10-16|25|1219|198|
|2015-10-15|23|1205|215|
|2015-10-14|22|1219|201|
|2015-10-13|24|1224|194|
|2015-10-12|26|1202|214|
|2015-10-11|92|1132|219|
|2015-10-10|23|1197|223|
|2015-10-09|29|1207|206|
|2015-10-08|23|1194|225|
|2015-10-07|23|1236|184|
|2015-10-06|23|1234|186|
|2015-10-05|20|1217|206|
|2015-10-04|19|1200|223|
|2015-10-03|15|1196|232|
|2015-10-02|15|1190|238|
|2015-10-01|16|1189|237|
|2015-09-30|18|1190|234|
|2015-09-29|20|1200|223|
|2015-09-28|23|1182|237|
|2015-09-27|23|1177|242|
|2015-09-26|21|1189|232|
|2015-09-25|21|1186|235|
|2015-09-24|21|1182|239|
|2015-09-23|22|1194|227|
|2015-09-22|22|1206|214|
|2015-09-21|22|1187|233|
|2015-09-20|22|1183|238|
|2015-09-19|21|1209|212|
|2015-09-18|21|1191|230|
|2015-09-17|21|1175|246|
|2015-09-16|22|1191|229|
|2015-09-15|24|1198|220|
|2015-09-14|26|1183|234|
|2015-09-13|26|1171|245|
|2015-09-12|25|1193|224|
|2015-09-11|25|1197|220|
|2015-09-10|26|1179|238|
|2015-09-09|29|1186|228|
|2015-09-08|29|1200|214|
|2015-09-07|44|1159|239|
|2015-09-06|39|1172|230|
|2015-09-05|20|1195|228|
|2015-09-04|20|1191|232|
|2015-09-03|20|1200|223|
|2015-09-02|20|1199|223|
|2015-09-01|24|1192|227|
|2015-08-17|29|1170|243|
|2015-08-16|31|1158|253|
|2015-08-15|26|1171|245|
|2015-08-14|26|1184|233|
|2015-08-13|29|1186|227|
|2015-08-12|27|1190|225|
|2015-08-11|25|1196|221|
|2015-08-10|25|1177|240|
|2015-08-09|26|1166|251|
|2015-08-08|23|1176|244|
|2015-08-07|22|1175|246|
|2015-08-06|23|1184|236|
|2015-08-05|25|1190|227|
|2015-08-04|29|1217|196|
|2015-08-03|33|1191|218|
|2015-08-02|78|1115|249|
|2015-08-01|32|1166|244|
|2015-07-31|39|1174|230|
|2015-07-30|51|1183|209|
|2015-07-29|69|1186|187|
|2015-07-28|98|1168|176|
|2015-07-27|102|1146|194|
|2015-07-26|139|1112|191|
|2015-07-25|106|1156|180|
|2015-07-24|116|1156|170|
|2015-07-23|122|1166|154|
|2015-07-22|133|1161|149|
|2015-07-21|151|1157|135|
|2015-07-20|152|1148|142|
|2015-07-19|182|1124|136|
|2015-07-18|125|1172|146|
|2015-07-17|129|1173|141|
|2015-07-16|142|1167|134|
|2015-07-15|160|1152|130|
|2015-07-14|204|1103|135|
|2015-07-13|257|1030|155|
|2015-07-12|200|1104|139|
|2015-07-11|150|1149|144|
|2015-07-10|180|1117|145|
|2015-07-09|186|1123|133|
|2015-07-08|230|1071|141|
|2015-07-07|232|1059|150|
|2015-07-06|264|1029|150|
|2015-07-05|245|1045|152|
|2015-07-04|115|1186|141|
|2015-07-03|119|1186|138|
|2015-07-02|119|1180|143|
|2015-07-01|125|1180|137|
|2015-06-30|140|1163|140|
|2015-06-29|141|1165|136|
|2015-06-28|171|1118|153|
|2015-06-27|128|1173|141|
|2015-06-26|132|1170|140|
|2015-06-25|134|1168|140|
|2015-06-24|146|1163|134|
|2015-06-23|150|1146|147|
|2015-06-22|156|1143|143|
|2015-06-21|189|1106|148|
|2015-06-20|124|1173|145|
|2015-06-19|128|1180|135|
|2015-06-18|129|1178|135|
|2015-06-17|131|1171|140|
|2015-06-16|134|1168|141|
|2015-06-15|151|1147|144|
|2015-06-14|172|1133|137|
|2015-06-13|140|1160|142|
|2015-06-12|147|1160|136|
|2015-06-11|165|1145|132|
|2015-06-10|204|1109|130|
|2015-06-09|211|1089|142|
|2015-06-08|231|1067|144|
|2015-06-07|227|1074|141|
|2015-06-06|142|1162|138|
|2015-06-05|151|1174|118|
|2015-06-04|158|1133|151|
|2015-06-03|158|1141|143|
|2015-06-02|177|1134|131|
|2015-06-01|189|1126|127|
|2015-05-31|195|1122|125|
|2015-05-30|177|1142|123|
|2015-05-29|202|1120|120|
|2015-05-28|208|1095|140|
|2015-05-27|233|1057|152|
|2015-05-26|237|1052|153|
|2015-05-25|238|1051|153|
|2015-05-24|206|1103|133|
|2015-05-23|140|1181|121|
|2015-05-22|145|1175|123|
|2015-05-21|150|1161|130|
|2015-05-20|161|1149|132|
|2015-05-19|172|1135|135|
|2015-05-18|167|1147|128|
|2015-05-17|179|1118|145|
|2015-05-16|134|1155|153|
|2015-05-15|143|1168|130|
|2015-05-14|142|1174|127|
|2015-05-13|157|1165|120|
|2015-05-12|174|1139|129|
|2015-05-11|188|1130|124|
|2015-05-10|207|1118|117|
|2015-05-09|159|1163|120|
|2015-05-08|168|1153|122|
|2015-05-07|184|1129|129|
|2015-05-06|218|1096|128|
|2015-05-05|238|1082|122|
|2015-05-04|252|1056|134|
|2015-05-03|254|1068|120|
|2015-05-02|158|1166|118|
|2015-05-01|160|1164|118|
|2015-04-30|169|1140|134|
|2015-04-29|175|1132|135|
|2015-04-28|189|1131|123|
|2015-04-27|199|1109|135|
|2015-04-26|209|1106|128|
|2015-04-25|165|1140|137|
|2015-04-24|178|1147|117|
|2015-04-23|196|1105|141|
|2015-04-22|213|1083|146|
|2015-04-21|283|1030|130|
|2015-04-20|297|1018|127|
|2015-04-19|296|1021|126|
|2015-04-18|288|1034|120|
|2015-04-17|293|1032|117|
|2015-04-16|265|1033|144|
|2015-04-15|225|1071|146|
|2015-04-14|257|1043|142|
|2015-04-13|256|1061|125|
|2015-04-12|276|1043|123|
|2015-04-11|232|1084|126|
|2015-04-10|245|1066|131|
|2015-04-09|266|1052|124|
|2015-04-08|281|1025|136|
|2015-04-07|299|1009|134|
|2015-04-06|299|1005|139|
|2015-04-05|296|1019|128|
|2015-04-04|230|1091|121|
|2015-04-03|228|1093|121|
|2015-04-02|210|1106|126|
|2015-04-01|224|1088|129|
|2015-03-31|257|1065|121|
|2015-03-30|269|1043|130|
|2015-03-29|276|1033|133|
|2015-03-28|223|1080|138|
|2015-03-27|242|1070|131|
|2015-03-26|249|1060|133|
|2015-03-25|258|1051|133|
|2015-03-24|270|1039|133|
|2015-03-23|268|1032|142|
|2015-03-22|264|1052|127|
|2015-03-21|221|1102|120|
|2015-03-20|236|1094|112|
|2015-03-19|241|1088|113|
|2015-03-18|247|1086|109|
|2015-03-17|281|1048|113|
|2015-03-16|287|1007|149|
|2015-03-15|287|1019|136|
|2015-03-14|252|1062|128|
|2015-03-13|265|1051|126|
|2015-03-12|269|1038|135|
|2015-03-11|288|992|162|
|2015-03-10|291|969|182|
|2015-03-09|293|1011|138|
|2015-03-08|286|989|167|
|2015-03-07|225|1103|115|
|2015-03-06|234|1104|103|
|2015-03-05|247|1084|111|
|2015-03-04|245|1051|146|
|2015-03-03|253|1043|146|
|2015-03-02|297|976|169|
|2015-03-01|284|1036|122|
|2015-02-28|225|1108|109|
|2015-02-27|230|1104|109|
|2015-02-26|253|1075|114|
|2015-02-25|275|1050|118|
|2015-02-24|279|1037|127|
|2015-02-23|290|996|156|
|2015-02-22|290|1005|147|
|2015-02-21|273|1040|129|
|2015-02-20|274|1053|115|
|2015-02-19|245|1088|109|
|2015-02-18|276|1045|122|
|2015-02-17|276|1016|150|
|2015-02-16|281|1025|136|
|2015-02-15|272|987|183|
|2015-02-14|217|1101|124|
|2015-02-13|218|1100|124|
|2015-02-12|222|1107|114|
|2015-02-11|243|1071|128|
|2015-02-10|252|1079|111|
|2015-02-09|261|1034|147|
|2015-02-08|262|1049|131|
|2015-02-07|238|1113|91|
|2015-02-06|275|1078|89|
|2015-02-05|277|1060|105|
|2015-02-04|287|1055|100|
|2015-02-03|291|1051|100|
|2015-02-02|295|1036|111|
|2015-02-01|270|1058|115|
|2015-01-31|198|1118|126|
|2015-01-30|232|1103|107|
|2015-01-29|239|1100|103|
|2015-01-28|248|1100|95|
|2015-01-27|276|1069|97|
|2015-01-26|283|1066|92|
|2015-01-25|266|1043|133|
|2015-01-24|223|1111|107|
|2015-01-23|255|1107|80|
|2015-01-22|254|1099|89|
|2015-01-21|262|1061|119|
|2015-01-20|267|1058|117|
|2015-01-19|263|1044|136|
|2015-01-18|254|1076|112|
|2015-01-17|201|1146|96|
|2015-01-16|233|1112|98|
|2015-01-15|262|1081|98|
|2015-01-14|264|1073|105|
|2015-01-13|275|1056|111|
|2015-01-12|272|1035|136|
|2015-01-11|258|1080|105|
|2015-01-10|223|1122|97|
|2015-01-09|272|1087|83|
|2015-01-08|275|1078|89|
|2015-01-07|285|1065|91|
|2015-01-06|307|1047|88|
|2015-01-05|307|1055|80|
|2015-01-04|304|987|151|
|2015-01-03|307|1045|90|
|2015-01-02|304|1031|106|
|2015-01-01|307|1030|105|
|2014-12-31|302|1050|90|
|2014-12-30|302|1061|79|
|2014-12-29|301|1065|76|
|2014-12-28|300|1055|87|
|2014-12-27|303|1061|78|
|2014-12-26|304|1076|63|
|2014-12-25|304|1092|47|
|2014-12-24|300|1120|22|
|2014-12-23|299|1124|19|
|2014-12-22|295|1122|25|
|2014-12-21|291|1099|52|
|2014-12-20|286|1060|96|
|2014-12-19|283|1030|130|
|2014-12-18|87|1189|166|
|2014-12-17|91|1189|162|
|2014-12-16|88|1214|141|
|2014-12-15|94|1160|188|
|2014-12-14|141|1149|152|
|2014-12-13|81|1198|163|
|2014-12-12|85|1189|168|
|2014-12-11|95|1179|168|
|2014-12-10|173|1145|125|
|2014-12-09|185|1101|156|
|2014-12-08|215|1063|165|
|2014-12-07|176|1096|170|
|2014-12-06|80|1209|154|
|2014-12-05|82|1210|150|
|2014-12-04|83|1222|136|
|2014-12-03|98|1178|166|
|2014-12-02|103|1187|152|
|2014-12-01|126|1178|139|
|2014-11-30|249|1051|142|
|2014-11-29|104|1187|151|
|2014-11-28|130|1152|160|
|2014-11-27|85|1174|183|
|2014-11-26|69|1202|171|
|2014-11-25|72|1157|213|
|2014-11-24|75|1143|224|
|2014-11-23|102|1079|261|
|2014-11-22|71|1135|236|
|2014-11-21|71|1167|204|
|2014-11-20|72|1135|235|
|2014-11-19|76|1146|221|
|2014-11-18|77|1154|211|
|2014-11-17|77|1137|228|
|2014-11-16|140|1090|212|
|2014-11-15|78|1179|185|
|2014-11-14|82|1162|198|
|2014-11-13|85|1150|207|
|2014-11-12|92|1135|216|
|2014-11-11|127|1062|254|
|2014-11-10|149|1035|257|
|2014-11-09|175|996|271|
|2014-11-08|78|1103|262|
|2014-11-07|80|1144|218|
|2014-11-06|79|1117|246|
|2014-11-05|74|1142|226|
|2014-11-04|77|1136|229|
|2014-11-03|79|1152|211|
|2014-11-02|96|1101|245|
|2014-11-01|99|1105|238|
|2014-10-31|100|1101|241|
|2014-10-30|127|1058|257|
|2014-10-29|165|1024|253|
|2014-10-28|181|1018|243|
|2014-10-27|196|1014|232|
|2014-10-26|217|1004|220|
|2014-10-25|214|1026|201|
|2014-10-24|241|1017|184|
|2014-10-23|230|1012|200|
|2014-10-22|221|1002|219|
|2014-10-21|172|1042|228|
|2014-10-20|153|1068|221|
|2014-10-19|16|1201|226|
|2014-10-18|15|1214|213|
|2014-10-17|15|1225|201|
|2014-10-16|16|1210|217|
|2014-10-15|19|1188|235|
|2014-10-14|19|1171|252|
|2014-10-13|20|1166|257|
|2014-10-12|19|1140|283|
|2014-10-11|19|1158|266|
|2014-10-10|19|1122|301|
|2014-10-09|19|1078|345|
|2014-10-08|20|957|465|
|2014-10-07|21|7252|869|
|2014-10-06|21|7252|868|
|2014-10-05|21|7234|887|
|2014-10-04|23|7243|875|
|2014-10-03|23|7250|869|
|2014-10-02|32|7244|866|
|2014-10-01|32|7245|864|
|2014-09-30|32|7245|864|
|2014-09-29|32|7245|864|
|2014-09-28|32|7245|864|
