<html>
 <head>
   <script type="text/javascript" src="https://www.google.com/jsapi"></script>
   <script type="text/javascript">
     google.load("visualization", "1", {packages:["corechart"]});
     google.setOnLoadCallback(drawChart);
     function drawChart() {
       var data = google.visualization.arrayToDataTable([
['Date','EFD','FC','SATA'],
['2014-10-31',   0,  0,  0],
['2014-11-01',   0,  0,  0],
['2014-11-02',   0,  0,  0],
['2014-11-03',   0,  0,  0],
['2014-11-04',   0,  10,  0],
['2014-11-05',   0,  10,  0],
['2014-11-06',   0,  9,  0],
['2014-11-07',   0,  9,  0],
['2014-11-08',   0,  9,  0],
['2014-11-09',   0,  9,  0],
['2014-11-10',   0,  9,  0],
['2014-11-11',   0,  9,  0],
['2014-11-12',   0,  9,  0],
['2014-11-13',   0,  9,  0],
['2014-11-14',   0,  12,  1],
['2014-11-15',   78,  286,  87],
['2014-11-16',   78,  285,  88],
['2014-11-17',   77,  285,  89],
['2014-11-18',   77,  277,  97],
['2014-11-19',   77,  277,  97],
['2014-11-20',   76,  284,  100],
['2014-11-21',   76,  288,  96],
['2014-11-22',   76,  288,  97],
['2014-11-23',   77,  289,  95],
['2014-11-24',   77,  289,  95],
['2014-11-25',   77,  291,  94],
['2014-11-26',   76,  290,  95],
['2014-11-27',   77,  279,  105],
['2014-11-28',   77,  277,  107],
['2014-11-29',   77,  275,  109],
['2014-11-30',   78,  283,  101],
['2014-12-01',   77,  281,  103],
['2014-12-02',   77,  282,  103],
['2014-12-03',   76,  284,  102],
['2014-12-04',   75,  265,  122],
['2014-12-05',   74,  248,  139],
['2014-12-06',   75,  238,  148],
['2014-12-07',   71,  283,  108],
['2014-12-08',   71,  287,  104],
['2014-12-09',   70,  282,  110],
['2014-12-10',   70,  288,  104],
['2014-12-11',   68,  287,  106],
['2014-12-12',   68,  266,  127],
['2014-12-13',   68,  257,  136],
['2014-12-14',   68,  269,  124],
['2014-12-15',   69,  285,  107],
['2014-12-16',   69,  286,  107],
['2014-12-17',   69,  269,  124],
['2014-12-18',   69,  275,  117],
['2014-12-19',   69,  275,  117],
['2014-12-20',   69,  280,  112],
['2014-12-21',   69,  292,  100],
['2014-12-22',   71,  323,  68],
['2014-12-23',   71,  356,  34],
['2014-12-24',   74,  362,  26],
['2014-12-25',   78,  347,  37],
['2014-12-26',   79,  340,  43],
['2014-12-27',   80,  316,  66],
['2014-12-28',   82,  290,  89],
['2014-12-29',   82,  279,  101],
['2014-12-30',   82,  274,  105],
['2014-12-31',   84,  296,  82],
['2015-01-01',   84,  293,  84],
['2015-01-02',   84,  291,  87],
['2015-01-03',   83,  257,  122],
['2015-01-04',   83,  278,  100],
['2015-01-05',   84,  281,  96],
['2015-01-06',   83,  299,  79],
['2015-01-07',   83,  299,  80],
['2015-01-08',   83,  296,  83],
['2015-01-09',   82,  286,  94],
['2015-01-10',   82,  286,  94],
['2015-01-11',   82,  281,  99],
['2015-01-12',   83,  291,  88],
['2015-01-13',   82,  292,  87],
['2015-01-14',   82,  294,  85],
['2015-01-15',   82,  268,  111],
['2015-01-16',   82,  271,  108],
['2015-01-17',   81,  252,  128],
['2015-01-18',   82,  266,  114],
['2015-01-19',   82,  281,  98],
['2015-01-20',   82,  293,  86],
['2015-01-21',   82,  293,  87],
['2015-01-22',   82,  286,  94],
['2015-01-23',   82,  283,  97],
['2015-01-24',   81,  279,  101],
['2015-01-25',   82,  290,  90],
['2015-01-26',   82,  298,  82],
['2015-01-27',   82,  298,  81],
['2015-01-28',   83,  270,  109],
['2015-01-29',   83,  272,  107],
['2015-01-30',   83,  277,  102],
['2015-01-31',   83,  271,  108],
['2015-02-01',   82,  277,  102],
['2015-02-02',   83,  282,  96],
['2015-02-03',   83,  290,  88],
['2015-02-04',   83,  291,  87],
['2015-02-05',   83,  239,  140],
['2015-02-06',   82,  231,  149],
['2015-02-07',   82,  239,  140],
['2015-02-08',   83,  240,  138],
['2015-02-09',   83,  238,  141],
['2015-02-10',   83,  245,  133],
['2015-02-11',   83,  258,  121],
['2015-02-12',   83,  258,  121],
['2015-02-13',   83,  257,  122],
['2015-02-14',   83,  265,  114],
['2015-02-15',   83,  267,  112],
['2015-02-16',   84,  268,  110],
['2015-02-17',   84,  263,  115],
['2015-02-18',   83,  253,  126],
['2015-02-19',   83,  232,  147],
['2015-02-20',   83,  236,  143],
['2015-02-21',   84,  257,  121],
['2015-02-22',   84,  265,  112],
['2015-02-23',   84,  266,  111],
['2015-02-24',   84,  270,  107],
['2015-02-25',   84,  262,  116],
['2015-02-26',   82,  230,  149],
['2015-02-27',   83,  236,  143],
['2015-02-28',   82,  217,  162],
['2015-03-01',   83,  260,  118],
['2015-03-02',   83,  267,  111],
['2015-03-03',   84,  263,  115],
['2015-03-04',   83,  261,  117],
['2015-03-05',   83,  251,  127],
['2015-03-06',   83,  242,  136],
['2015-03-07',   83,  241,  138],
['2015-03-08',   83,  238,  141],
['2015-03-09',   84,  259,  119],
['2015-03-10',   81,  255,  126],
['2015-03-11',   80,  228,  154],
['2015-03-12',   80,  231,  151],
['2015-03-13',   80,  213,  168],
['2015-03-14',   80,  222,  160],
['2015-03-15',   81,  238,  142],
['2015-03-16',   81,  239,  141],
['2015-03-17',   81,  252,  129],
['2015-03-18',   82,  249,  131],
['2015-03-19',   82,  239,  140],
['2015-03-20',   83,  244,  135],
['2015-03-21',   82,  231,  148],
['2015-03-22',   84,  239,  139],
['2015-03-23',   84,  237,  141],
['2015-03-24',   84,  246,  132],
['2015-03-25',   84,  249,  129],
['2015-03-26',   84,  253,  125],
['2015-03-27',   84,  244,  134],
['2015-03-28',   83,  227,  151],
['2015-03-29',   84,  236,  142],
['2015-03-30',   85,  239,  138],
['2015-03-31',   85,  253,  124],
['2015-04-01',   85,  233,  143],
['2015-04-02',   85,  225,  152],
['2015-04-03',   85,  211,  166],
['2015-04-04',   84,  219,  158],
['2015-04-05',   87,  247,  128],
['2015-04-06',   89,  248,  125],
['2015-04-07',   89,  254,  119],
['2015-04-08',   86,  252,  124],
['2015-04-09',   85,  244,  133],
['2015-04-10',   84,  221,  156],
['2015-04-11',   84,  205,  172],
['2015-04-12',   84,  236,  141],
['2015-04-13',   85,  253,  124],
['2015-04-14',   86,  258,  117],
['2015-04-15',   86,  257,  119],
['2015-04-16',   86,  246,  129],
['2015-04-17',   86,  245,  131],
['2015-04-18',   85,  233,  144],
['2015-04-19',   85,  249,  127],
['2015-04-20',   86,  257,  119],
['2015-04-21',   86,  268,  108],
['2015-04-22',   86,  261,  115],
['2015-04-23',   86,  238,  138],
['2015-04-24',   86,  228,  147],
['2015-04-25',   86,  235,  141],
['2015-04-26',   87,  252,  123],
['2015-04-27',   89,  251,  121],
['2015-04-28',   89,  245,  128],
['2015-04-29',   88,  246,  128],
['2015-04-30',   88,  220,  154],
['2015-05-01',   89,  234,  139],
['2015-05-02',   88,  232,  142],
['2015-05-03',   90,  251,  121],
['2015-05-04',   89,  252,  121],
['2015-05-05',   89,  253,  120],
['2015-05-06',   89,  257,  116],
['2015-05-07',   89,  254,  119],
['2015-05-08',   89,  249,  124],
['2015-05-09',   89,  226,  147],
['2015-05-10',   90,  256,  116],
['2015-05-11',   91,  257,  113],
['2015-05-12',   91,  259,  111],
['2015-05-13',   91,  207,  164],
['2015-05-14',   90,  213,  159],
['2015-05-15',   90,  219,  153],
['2015-05-16',   90,  234,  138],
['2015-05-17',   90,  241,  130],
['2015-05-18',   90,  249,  122],
['2015-05-19',   90,  255,  116],
['2015-05-20',   89,  261,  112],
['2015-05-21',   88,  245,  128],
['2015-05-22',   88,  231,  143],
['2015-05-23',   88,  225,  149],
['2015-05-24',   88,  242,  132],
['2015-05-25',   89,  255,  118],
['2015-05-26',   89,  247,  126],
['2015-05-27',   89,  247,  126],
['2015-05-28',   88,  246,  128],
['2015-05-29',   87,  231,  143],
['2015-05-30',   88,  232,  142],
['2015-05-31',   89,  249,  124],
['2015-06-01',   89,  256,  117],
['2015-06-02',   88,  255,  119],
['2015-06-03',   87,  252,  122],
['2015-06-04',   87,  234,  141],
['2015-06-05',   86,  213,  163],
['2015-06-06',   86,  223,  153],
['2015-06-07',   86,  248,  127],
['2015-06-08',   87,  257,  118],
['2015-06-09',   87,  257,  118],
['2015-06-10',   87,  260,  115],
['2015-06-11',   86,  243,  134],
['2015-06-12',   86,  237,  140],
['2015-06-13',   85,  229,  148],
['2015-06-14',   83,  248,  130],
['2015-06-15',   84,  256,  121],
['2015-06-16',   85,  255,  122],
['2015-06-17',   85,  255,  121],
['2015-06-18',   85,  260,  117],
['2015-06-19',   85,  257,  119],
['2015-06-20',   84,  234,  144],
['2015-06-21',   85,  251,  126],
['2015-06-22',   85,  255,  122],
['2015-06-23',   85,  264,  112],
['2015-06-24',   85,  232,  144],
['2015-06-25',   86,  234,  142],
['2015-06-26',   86,  216,  160],
['2015-06-27',   86,  238,  138],
['2015-06-28',   86,  260,  116],
['2015-06-29',   87,  262,  113],
['2015-06-30',   87,  261,  114],
['2015-07-01',   87,  259,  115],
['2015-07-02',   86,  238,  137],
['2015-07-03',   86,  199,  177],
['2015-07-04',   86,  210,  166],
['2015-07-05',   87,  253,  121],
['2015-07-06',   88,  260,  114],
['2015-07-07',   88,  260,  114],
['2015-07-08',   87,  257,  118],
['2015-07-09',   87,  248,  126],
['2015-07-10',   86,  204,  172],
['2015-07-11',   87,  212,  163],
['2015-07-12',   88,  259,  115],
['2015-07-13',   88,  266,  108],
['2015-07-14',   88,  266,  108],
['2015-07-15',   88,  258,  116],
['2015-07-16',   87,  214,  161],
['2015-07-17',   88,  210,  164],
['2015-07-18',   88,  231,  142],
['2015-07-19',   88,  255,  119],
['2015-07-20',   88,  262,  112],
['2015-07-21',   88,  263,  110],
['2015-07-22',   89,  253,  120],
['2015-07-23',   88,  233,  141],
['2015-07-24',   87,  236,  139],
['2015-07-25',   88,  243,  131],
['2015-07-26',   88,  251,  122],
['2015-07-27',   89,  258,  115],
['2015-07-28',   89,  259,  114],
['2015-07-29',   89,  246,  127],
['2015-07-30',   88,  244,  129],
['2015-07-31',   88,  231,  143],
['2015-08-01',   87,  221,  154],
['2015-08-02',   87,  254,  120],
['2015-08-03',   88,  261,  112],
['2015-08-04',   88,  263,  111],
['2015-08-05',   88,  260,  114],
['2015-08-06',   88,  242,  132],
['2015-08-07',   87,  217,  158],
['2015-08-08',   87,  234,  141],
['2015-08-09',   89,  255,  118],
['2015-08-10',   89,  262,  111],
['2015-08-11',   89,  256,  117],
['2015-08-12',   89,  255,  118],
['2015-08-13',   89,  246,  127],
['2015-08-14',   92,  239,  131],
['2015-08-15',   91,  261,  109],
['2015-08-16',   92,  266,  104],
['2015-08-17',   92,  264,  106],
['2015-09-01',   91,  218,  153],
['2015-09-02',   91,  184,  188],
['2015-09-03',   90,  229,  143],
['2015-09-04',   91,  237,  133],
['2015-09-05',   91,  249,  122],
['2015-09-06',   90,  264,  107],
['2015-09-07',   91,  264,  107],
['2015-09-08',   91,  268,  103],
['2015-09-09',   91,  261,  110],
['2015-09-10',   90,  234,  138],
['2015-09-11',   89,  217,  155],
['2015-09-12',   90,  219,  154],
['2015-09-13',   90,  223,  148],
['2015-09-14',   90,  224,  147],
['2015-09-15',   91,  208,  163],
['2015-09-16',   90,  206,  165],
['2015-09-17',   91,  223,  148],
['2015-09-18',   91,  209,  162],
['2015-09-19',   89,  213,  159],
['2015-09-20',   90,  240,  132],
['2015-09-21',   89,  241,  131],
['2015-09-22',   90,  213,  159],
['2015-09-23',   90,  224,  148],
['2015-09-24',   90,  215,  157],
['2015-09-25',   89,  210,  163],
['2015-09-26',   89,  217,  156],
['2015-09-27',   89,  230,  142],
['2015-09-28',   90,  236,  136],
['2015-09-29',   90,  230,  142],
['2015-09-30',   90,  205,  167],
['2015-10-01',   90,  210,  162],
['2015-10-02',   89,  232,  141],
['2015-10-03',   89,  250,  122],
['2015-10-04',   89,  265,  108],
['2015-10-05',   106,  249,  108],
['2015-10-06',   102,  249,  110],
['2015-10-07',   101,  253,  107],
['2015-10-08',   101,  244,  116],
['2015-10-09',   99,  225,  138],
['2015-10-10',   98,  213,  150],
['2015-10-11',   98,  236,  128],
['2015-10-12',   98,  243,  120],
['2015-10-13',   99,  241,  123],
['2015-10-14',   99,  241,  122],
['2015-10-15',   98,  232,  131],
['2015-10-16',   98,  227,  137],
['2015-10-17',   98,  222,  142],
['2015-10-18',   98,  238,  126],
['2015-10-19',   98,  243,  121],
['2015-10-20',   98,  244,  120],
['2015-10-21',   98,  251,  113],
['2015-10-22',   97,  248,  118],
['2015-10-23',   95,  251,  115],
['2015-10-24',   95,  243,  124],
['2015-10-25',   94,  256,  112],
['2015-10-26',   94,  261,  107],
['2015-10-27',   94,  259,  109],
['2015-10-28',   93,  252,  117],
['2015-10-29',   91,  239,  132],
['2015-10-30',   86,  224,  152],
['2015-10-31',   78,  235,  148],
['2015-11-01',   73,  253,  135],
['2015-11-02',   71,  253,  137],
['2015-11-03',   70,  251,  140],
['2015-11-04',   70,  241,  150],
['2015-11-05',   70,  253,  139],
['2015-11-06',   70,  252,  140],
['2015-11-07',   70,  232,  161],
['2015-11-08',   70,  263,  130],
['2015-11-09',   70,  275,  117],
['2015-11-13',   71,  241,  150],
['2015-11-14',   72,  228,  163],
['2015-11-15',   72,  244,  147],
['2015-11-16',   72,  255,  136],
['2015-11-17',   71,  268,  123],
['2015-11-18',   71,  255,  137],
['2015-11-19',   70,  256,  137],
['2015-11-20',   71,  250,  142],
['2015-11-21',   71,  241,  150],
['2015-11-22',   71,  246,  146],
['2015-11-23',   71,  248,  144],
['2015-11-24',   71,  248,  143],
['2015-11-25',   72,  261,  131],
['2015-11-26',   72,  249,  142],
['2015-11-27',   72,  251,  140],
['2015-11-28',   72,  237,  155],
['2015-11-29',   72,  246,  145],
['2015-11-30',   72,  253,  138],
['2015-12-01',   72,  255,  136],
['2015-12-02',   72,  260,  131],
['2015-12-03',   72,  256,  135],
['2015-12-04',   72,  251,  139],
['2015-12-05',   71,  226,  165],
['2015-12-06',   71,  211,  181],
['2015-12-07',   71,  216,  176],
['2015-12-08',   71,  209,  182],
['2015-12-09',   72,  210,  181],
['2015-12-10',   73,  240,  150],
['2015-12-11',   73,  245,  145],
['2015-12-12',   73,  252,  138],
['2015-12-13',   73,  257,  133],
['2015-12-14',   73,  261,  128],
['2015-12-15',   73,  265,  124],
['2015-12-16',   73,  263,  126],
['2015-12-17',   73,  244,  146],
['2015-12-18',   73,  241,  149],
['2015-12-19',   73,  231,  159],
['2015-12-20',   75,  249,  139],
['2015-12-21',   75,  250,  138],
['2015-12-22',   75,  253,  135],
['2015-12-23',   75,  261,  127],
['2015-12-24',   76,  251,  136],
['2015-12-25',   79,  245,  139],
['2015-12-26',   79,  223,  161],
['2015-12-27',   81,  243,  139],
['2015-12-28',   82,  242,  139],
['2015-12-29',   82,  237,  144],
['2015-12-30',   82,  238,  142],
['2015-12-31',   82,  201,  179],
['2016-01-01',   82,  196,  185],
['2016-01-02',   82,  201,  180],
['2016-01-03',   82,  236,  145],
['2016-01-04',   81,  223,  159],
['2016-01-05',   82,  208,  173],
['2016-01-06',   81,  196,  186],
['2016-01-07',   81,  215,  167],
['2016-01-08',   81,  223,  159],
['2016-01-09',   80,  208,  175],
['2016-01-10',   81,  234,  147],
['2016-01-11',   82,  236,  145],
['2016-01-12',   82,  253,  127],
['2016-01-13',   82,  251,  130],
['2016-01-14',   81,  242,  139],
['2016-01-15',   81,  222,  160],
['2016-01-16',   81,  221,  161],
['2016-01-17',   82,  240,  141],
['2016-01-18',   82,  250,  131],
['2016-01-19',   82,  250,  130],
['2016-01-20',   81,  224,  158],
['2016-01-21',   81,  228,  153],
['2016-01-22',   81,  223,  159],
['2016-01-23',   81,  230,  152],
['2016-01-24',   81,  254,  128],
['2016-01-25',   81,  259,  123],
['2016-01-26',   81,  258,  123],
['2016-01-27',   81,  258,  123],
['2016-01-28',   81,  237,  145],
['2016-01-29',   81,  207,  175],
['2016-01-30',   81,  206,  176],
['2016-01-31',   82,  241,  140],
['2016-02-01',   82,  256,  125],
['2016-02-02',   82,  254,  127],
['2016-02-03',   82,  254,  127],
['2016-02-04',   81,  225,  156],
['2016-02-05',   81,  217,  165],
['2016-02-06',   82,  259,  122],
['2016-02-07',   80,  247,  136],
['2016-02-08',   80,  221,  162],
['2016-02-09',   78,  224,  160],
['2016-02-10',   81,  203,  178],
['2016-02-11',   82,  225,  156],
['2016-02-12',   83,  255,  125],
['2016-02-13',   83,  255,  125],
['2016-02-14',   82,  264,  116],
['2016-02-15',   82,  256,  125],
['2016-02-16',   82,  250,  132],
['2016-02-17',   80,  250,  132],
['2016-02-18',   77,  230,  155],
['2016-02-19',   76,  226,  160],
['2016-02-20',   73,  253,  136],
['2016-02-21',   71,  275,  116],
['2016-02-22',   71,  269,  123],
['2016-02-23',   71,  273,  118],
['2016-02-24',   71,  275,  117],
['2016-02-25',   71,  277,  118],
['2016-02-26',   71,  277,  118],
['2016-02-27',   71,  277,  118],
['2016-02-28',   71,  277,  118],
['2016-02-29',   71,  276,  118],
['2016-03-01',   71,  271,  123],
['2016-03-02',   72,  268,  125],
['2016-03-03',   72,  239,  154],
['2016-03-04',   72,  238,  156],
['2016-03-05',   72,  238,  155],
['2016-03-06',   71,  227,  167],
['2016-03-07',   70,  203,  192],
['2016-03-08',   70,  203,  192],
['2016-03-09',   70,  146,  250],
['2016-03-10',   70,  161,  234],
['2016-03-11',   70,  207,  187],
['2016-03-12',   70,  212,  182],
['2016-03-13',   73,  263,  129],
['2016-03-14',   73,  261,  131],
['2016-03-15',   73,  253,  139],
['2016-03-16',   73,  247,  145],
['2016-03-17',   72,  215,  178],
['2016-03-18',   73,  209,  184],
['2016-03-19',   72,  213,  179],
['2016-03-20',   74,  269,  122],
['2016-03-21',   75,  269,  121],
['2016-03-22',   75,  247,  143],
['2016-03-23',   74,  182,  209],
['2016-03-24',   74,  205,  186],
['2016-03-25',   75,  215,  174],
['2016-03-26',   76,  213,  176],
['2016-03-27',   81,  268,  116],
['2016-03-28',   80,  256,  129],
['2016-03-29',   79,  250,  137],
['2016-03-30',   79,  242,  144],
['2016-03-31',   78,  190,  198],
['2016-04-01',   78,  208,  179],
['2016-04-02',   76,  210,  179],
['2016-04-03',   69,  213,  183],
['2016-04-04',   64,  194,  207],
['2016-04-05',   65,  132,  268],
['2016-04-06',   65,  131,  269],
['2016-04-07',   65,  185,  215],
['2016-04-08',   65,  214,  186],
['2016-04-09',   65,  213,  187],
['2016-04-10',   67,  269,  130],
['2016-04-11',   67,  275,  123],
['2016-04-12',   67,  259,  139],
['2016-04-13',   67,  162,  236],
['2016-04-14',   67,  210,  189],
['2016-04-15',   67,  218,  181],
['2016-04-16',   67,  216,  182],
['2016-04-17',   67,  275,  123],
['2016-04-18',   68,  254,  143],
['2016-04-19',   69,  252,  144],
['2016-04-20',   69,  251,  145],
['2016-04-21',   69,  198,  199],
['2016-04-22',   69,  217,  180],
['2016-04-23',   68,  216,  181],
['2016-04-24',   69,  274,  122],
['2016-04-25',   69,  274,  122],
['2016-04-26',   69,  253,  143],
['2016-04-27',   69,  251,  145],
['2016-04-28',   69,  233,  163],
['2016-04-29',   69,  217,  179],
['2016-04-30',   68,  217,  180],
['2016-05-01',   65,  185,  215],
['2016-05-02',   64,  162,  239],
['2016-05-03',   64,  134,  267],
['2016-05-04',   64,  132,  269],
['2016-05-05',   66,  201,  199],
['2016-05-06',   66,  217,  183],
['2016-05-07',   65,  216,  184],
['2016-05-08',   67,  277,  121],
['2016-05-09',   67,  255,  143],
['2016-05-10',   67,  255,  143],
['2016-05-11',   67,  254,  144],
['2016-05-12',   66,  217,  182],
['2016-05-13',   68,  219,  180],
['2016-05-14',   67,  221,  180],
['2016-05-15',   66,  270,  130],
['2016-05-16',   67,  274,  130],
['2016-05-17',   67,  280,  124],
['2016-05-18',   67,  268,  135],
['2016-05-19',   67,  240,  163],
['2016-05-20',   75,  256,  140],
['2016-05-21',   74,  267,  131],
['2016-05-22',   75,  277,  119],
['2016-05-23',   76,  280,  115],
['2016-05-24',   76,  282,  113],
['2016-05-25',   75,  214,  182],
['2016-05-26',   75,  187,  209],
['2016-05-27',   75,  193,  204],
['2016-05-28',   75,  204,  193],
['2016-05-29',   76,  270,  125],
['2016-05-30',   78,  264,  129],
['2016-05-31',   79,  257,  135],
['2016-06-01',   78,  250,  143],
['2016-06-02',   77,  238,  156],
['2016-06-03',   76,  222,  173],
['2016-06-04',   76,  208,  188],
['2016-06-05',   76,  212,  183],
['2016-06-06',   75,  160,  237],
['2016-06-07',   75,  127,  268],
['2016-06-08',   75,  123,  273],
['2016-06-09',   75,  181,  215],
['2016-06-10',   76,  202,  193],
['2016-06-11',   76,  215,  181],
['2016-06-12',   77,  265,  128],
['2016-06-13',   77,  276,  118],
['2016-06-14',   77,  270,  124],
['2016-06-15',   76,  182,  213],
['2016-06-16',   76,  191,  204],
['2016-06-17',   76,  214,  182],
['2016-06-18',   76,  212,  183],
['2016-06-19',   78,  267,  127],
['2016-06-20',   78,  259,  134],
['2016-06-21',   78,  260,  133],
['2016-06-22',   78,  260,  133],
['2016-06-23',   78,  259,  135],
['2016-06-24',   78,  253,  140],
['2016-06-25',   76,  216,  179],
['2016-06-26',   77,  222,  172],
['2016-06-27',   77,  228,  165],
['2016-06-28',   77,  240,  154],
['2016-06-29',   78,  250,  144],
['2016-06-30',   77,  240,  153],
['2016-07-01',   77,  222,  172],
['2016-07-02',   77,  211,  183],
['2016-07-03',   77,  193,  201],
['2016-07-04',   77,  159,  235],
['2016-07-05',   77,  149,  245],
['2016-07-06',   76,  127,  268],
['2016-07-07',   77,  186,  208],
['2016-07-08',   77,  206,  188],
['2016-07-09',   77,  211,  183],
['2016-07-10',   78,  266,  127],
['2016-07-11',   78,  266,  127],
['2016-07-12',   78,  248,  145],
['2016-07-13',   78,  248,  145],
['2016-07-14',   77,  205,  189],
['2016-07-15',   77,  210,  184],
['2016-07-16',   77,  214,  180],
['2016-07-17',   75,  273,  123],
['2016-07-18',   76,  267,  129],
['2016-07-19',   75,  254,  141],
['2016-07-20',   75,  253,  144],
['2016-07-21',   74,  226,  170],
['2016-07-22',   73,  215,  182],
['2016-07-23',   71,  221,  179],
['2016-07-24',   70,  282,  119],
['2016-07-25',   70,  282,  119],
['2016-07-26',   70,  265,  136],
['2016-07-27',   70,  220,  180],
['2016-07-28',   70,  207,  195],
['2016-07-29',   70,  222,  179],
['2016-07-30',   70,  221,  180],
['2016-07-31',   70,  283,  118],
['2016-08-01',   70,  270,  131],
['2016-08-02',   70,  263,  138],
['2016-08-03',   70,  261,  140],
['2016-08-04',   70,  219,  182],
['2016-08-05',   69,  216,  186],
['2016-08-06',   69,  217,  185],
['2016-08-07',   66,  223,  182],
['2016-08-08',   66,  167,  238],
['2016-08-09',   66,  142,  263],
['2016-08-10',   66,  134,  270],
['2016-08-11',   66,  201,  204],
['2016-08-12',   67,  215,  190],
['2016-08-13',   67,  220,  185],
['2016-08-14',   68,  265,  138],
['2016-08-15',   68,  273,  130],
['2016-08-16',   68,  277,  126],
['2016-08-17',   68,  254,  149],
['2016-08-18',   68,  240,  163],
['2016-08-19',   68,  209,  194],
['2016-08-20',   68,  222,  182],
['2016-08-21',   70,  267,  134],
['2016-08-22',   70,  257,  144],
['2016-08-23',   71,  262,  138],
['2016-08-24',   71,  263,  138],
['2016-08-25',   70,  253,  148],
['2016-08-26',   70,  213,  187],
['2016-08-27',   70,  222,  179],
['2016-08-28',   70,  279,  122],
['2016-08-29',   70,  281,  119],
['2016-08-30',   70,  278,  123],
['2016-08-31',   70,  261,  140],
['2016-09-01',   70,  264,  137],
['2016-09-02',   70,  245,  156],
['2016-09-03',   70,  227,  174],
['2016-09-04',   70,  210,  191],
['2016-09-05',   70,  169,  232],
['2016-09-06',   70,  164,  237],
['2016-09-07',   70,  141,  261],
['2016-09-08',   70,  200,  202],
['2016-09-09',   70,  210,  191],
['2016-09-10',   70,  222,  179],
['2016-09-11',   71,  284,  116],
['2016-09-12',   71,  270,  129],
['2016-09-13',   72,  260,  139],
['2016-09-14',   71,  261,  139],
['2016-09-15',   71,  228,  172],
['2016-09-16',   71,  214,  187],
['2016-09-17',   71,  224,  176],
['2016-09-18',   72,  280,  119],
['2016-09-19',   72,  287,  112],
['2016-09-20',   72,  269,  130],
['2016-09-21',   72,  268,  132],
['2016-09-22',   72,  232,  168],
['2016-09-23',   71,  227,  173],
['2016-09-24',   71,  226,  175],
['2016-09-25',   72,  284,  115],
['2016-09-26',   80,  277,  115],
['2016-09-27',   78,  279,  114],
['2016-09-28',   77,  262,  132],
['2016-09-29',   77,  259,  135],
['2016-09-30',   76,  246,  149],
['2016-10-01',   75,  221,  176],
['2016-10-02',   73,  225,  173],
['2016-10-03',   72,  152,  247],
['2016-10-04',   72,  144,  255],
['2016-10-05',   72,  137,  262],
['2016-10-06',   72,  180,  219],
['2016-10-07',   72,  218,  181],
['2016-10-08',   73,  220,  179],
['2016-10-09',   75,  284,  112],
['2016-10-10',   75,  285,  111],
['2016-10-11',   75,  269,  127],
['2016-10-12',   75,  266,  130],
['2016-10-13',   74,  233,  164],
['2016-10-14',   74,  223,  174],
['2016-10-15',   74,  227,  170],
['2016-10-16',   75,  284,  112],
['2016-10-17',   75,  286,  110],
['2016-10-18',   75,  274,  126],
['2016-10-19',   84,  165,  227],
['2016-10-20',   81,  207,  188],
['2016-10-21',   75,  230,  170],
['2016-10-22',   74,  232,  169],
['2016-10-23',   76,  292,  108],
['2016-10-24',   75,  273,  128],
['2016-10-25',   74,  268,  134],
['2016-10-26',   74,  264,  138],
['2016-10-27',   73,  221,  181],
['2016-10-28',   73,  225,  178],
['2016-10-29',   72,  229,  175],
['2016-10-30',   74,  286,  116],
['2016-10-31',   74,  274,  128],
['2016-11-01',   74,  266,  136],
['2016-11-02',   74,  261,  141],
['2016-11-03',   73,  235,  167],
['2016-11-04',   73,  226,  177],
['2016-11-05',   73,  225,  178],
['2016-11-06',   70,  207,  199],
['2016-11-07',   69,  177,  231],
['2016-11-08',   69,  163,  244],
['2016-11-09',   70,  149,  258],
['2016-11-10',   69,  190,  217],
['2016-11-11',   69,  230,  177],
['2016-11-12',   69,  231,  176],
['2016-11-13',   71,  290,  115],
['2016-11-14',   71,  267,  139],
['2016-11-15',   71,  266,  139],
['2016-11-16',   71,  265,  140],
['2016-11-17',   71,  226,  179],
['2016-11-18',   71,  233,  172],
['2016-11-19',   71,  232,  173],
['2016-11-20',   73,  289,  115],
['2016-11-21',   73,  278,  126],
['2016-11-22',   74,  264,  139],
['2016-11-23',   74,  264,  139],
['2016-11-24',   74,  249,  154],
['2016-11-25',   75,  232,  170],
['2016-11-26',   75,  230,  172],
['2016-11-27',   79,  284,  114],
['2016-11-28',   79,  284,  114],
['2016-11-29',   79,  265,  133],
['2016-11-30',   78,  197,  201],
['2016-12-01',   78,  206,  193],
['2016-12-02',   78,  231,  168],
['2016-12-03',   78,  231,  168],
['2016-12-04',   77,  233,  168],
['2016-12-05',   77,  151,  249],
['2016-12-06',   77,  149,  251],
['2016-12-07',   77,  139,  261],
['2016-12-08',   77,  161,  239],
['2016-12-09',   77,  210,  190],
['2016-12-10',   77,  220,  179],
['2016-12-11',   79,  276,  122],
['2016-12-12',   79,  278,  120],
['2016-12-13',   79,  258,  140],
['2016-12-14',   79,  254,  145],
['2016-12-15',   78,  214,  185],
['2016-12-16',   78,  228,  172],
['2016-12-17',   78,  226,  173],
['2016-12-18',   81,  280,  117],
['2016-12-19',   82,  280,  116],
['2016-12-20',   81,  275,  121],
['2016-12-21',   80,  244,  153],
['2016-12-22',   79,  193,  205],
['2016-12-23',   79,  225,  173],
['2016-12-24',   79,  225,  173],
['2016-12-25',   79,  283,  116],
['2016-12-26',   81,  260,  137],
['2016-12-27',   81,  253,  144],
['2016-12-28',   81,  252,  144],
['2016-12-29',   80,  210,  187],
['2016-12-30',   81,  222,  175],
['2016-12-31',   79,  226,  173],
['2017-01-01',   78,  226,  173],
['2017-01-02',   79,  174,  225],
['2017-01-03',   78,  162,  237],
['2017-01-04',   78,  154,  245],
['2017-01-05',   78,  187,  213],
['2017-01-06',   79,  227,  172],
['2017-01-07',   79,  261,  138],
['2017-01-08',   79,  265,  133],
['2017-01-09',   80,  289,  109],
['2017-01-10',   80,  269,  128],
['2017-01-11',   80,  229,  169],
['2017-01-12',   79,  201,  198],
['2017-01-13',   78,  212,  187],
['2017-01-14',   79,  222,  177],
['2017-01-15',   85,  267,  125],
['2017-01-16',   86,  249,  143],
['2017-01-17',   86,  246,  145],
['2017-01-18',   87,  246,  145],
['2017-01-19',   85,  200,  193],
['2017-01-20',   84,  212,  182],
['2017-01-21',   82,  217,  178],
['2017-01-22',   83,  272,  123],
['2017-01-23',   82,  263,  133],
['2017-01-24',   82,  251,  145],
['2017-01-25',   82,  251,  144],
['2017-01-26',   81,  217,  180],
['2017-01-27',   81,  219,  178],
['2017-01-28',   79,  222,  177],
['2017-01-29',   80,  276,  122],
['2017-01-30',   80,  277,  121],
['2017-01-31',   80,  269,  129],
['2017-02-01',   80,  240,  158],
['2017-02-02',   79,  222,  176],
['2017-02-03',   80,  223,  175],
['2017-02-04',   80,  222,  176],
['2017-02-05',   79,  222,  177],
['2017-02-06',   79,  150,  249],
['2017-02-07',   79,  145,  253],
['2017-02-08',   79,  143,  255],
['2017-02-09',   80,  206,  192],
['2017-02-10',   80,  218,  179],
['2017-02-11',   80,  219,  178],
['2017-02-12',   84,  274,  120],
['2017-02-13',   85,  262,  131],
['2017-02-14',   85,  256,  137],
['2017-02-15',   84,  254,  139],
['2017-02-16',   83,  215,  180],
['2017-02-17',   83,  224,  171],
['2017-02-18',   82,  220,  176],
['2017-02-19',   84,  273,  121],
['2017-02-20',   84,  273,  120],
['2017-02-21',   84,  256,  137],
['2017-02-22',   83,  200,  195],
['2017-02-23',   82,  202,  194],
['2017-02-24',   82,  218,  178],
['2017-02-25',   81,  219,  177],
['2017-02-26',   84,  272,  122],
['2017-02-27',   84,  254,  140],
['2017-02-28',   84,  250,  144],
['2017-03-01',   84,  250,  144],
['2017-03-02',   82,  205,  190],
['2017-03-03',   82,  221,  175],
['2017-03-04',   82,  222,  174],
['2017-03-05',   81,  221,  176],
['2017-03-06',   81,  207,  189],
['2017-03-07',   81,  147,  249],
['2017-03-08',   81,  146,  251],
['2017-03-09',   81,  181,  215],
['2017-03-10',   81,  213,  184],
['2017-03-11',   81,  220,  176],
['2017-03-12',   84,  270,  123],
['2017-03-13',   86,  273,  119],
['2017-03-14',   86,  266,  126],
['2017-03-15',   84,  213,  181],
['2017-03-16',   83,  198,  197],
['2017-03-17',   83,  224,  171],
['2017-03-18',   83,  225,  171],
['2017-03-19',   84,  279,  115],
['2017-03-20',   86,  267,  126],
['2017-03-21',   86,  252,  140],
['2017-03-22',   86,  252,  141],
['2017-03-23',   84,  208,  187],
['2017-03-24',   86,  218,  175],
['2017-03-25',   84,  222,  174],
['2017-03-26',   85,  268,  127],
['2017-03-27',   86,  261,  132],
['2017-03-28',   85,  254,  140],
['2017-03-29',   85,  254,  141],
['2017-03-30',   84,  213,  184],
['2017-03-31',   83,  225,  172],
['2017-04-01',   82,  226,  172],
['2017-04-02',   81,  197,  202],
['2017-04-03',   82,  175,  223],
['2017-04-04',   81,  148,  251],
['2017-04-05',   81,  146,  253],
['2017-04-06',   81,  205,  194],
['2017-04-07',   81,  219,  181],
['2017-04-08',   81,  224,  175],
['2017-04-09',   83,  281,  117],
['2017-04-10',   82,  269,  130],
['2017-04-11',   82,  261,  138],
['2017-04-12',   82,  262,  138],
['2017-04-13',   81,  240,  162],
['2017-04-14',   81,  215,  186],
['2017-04-15',   80,  228,  173],
['2017-04-16',   84,  269,  129],
['2017-04-17',   85,  274,  124],
['2017-04-18',   85,  264,  133],
['2017-04-19',   84,  263,  135],
['2017-04-20',   84,  235,  163],
['2017-04-21',   84,  228,  171],
['2017-04-22',   83,  228,  171],
['2017-04-23',   83,  265,  133],
['2017-04-24',   85,  281,  116],
['2017-04-25',   85,  270,  128],
['2017-04-26',   83,  221,  177],
['2017-04-27',   83,  204,  196],
['2017-04-28',   83,  229,  171],
['2017-04-29',   80,  233,  169],
['2017-04-30',   78,  281,  123],
['2017-05-01',   79,  268,  136],
['2017-05-02',   79,  268,  135],
['2017-05-03',   79,  264,  139],
['2017-05-04',   78,  217,  187],
['2017-05-05',   78,  233,  170],
['2017-05-06',   78,  232,  172],
['2017-05-07',   77,  232,  173],
['2017-05-08',   77,  215,  190],
['2017-05-09',   78,  183,  221],
['2017-05-10',   78,  166,  238],
['2017-05-11',   77,  204,  201],
['2017-05-12',   77,  228,  177],
['2017-05-13',   77,  227,  178],
['2017-05-14',   79,  280,  123],
['2017-05-15',   81,  282,  119],
['2017-05-16',   81,  269,  133],
['2017-05-17',   79,  206,  197],
['2017-05-18',   79,  207,  197],
['2017-05-19',   79,  226,  177],
['2017-05-20',   78,  228,  176],
['2017-05-21',   79,  282,  121],
['2017-05-22',   80,  272,  131],
['2017-05-23',   80,  263,  140],
['2017-05-24',   79,  263,  140],
['2017-05-25',   78,  205,  199],
['2017-05-26',   76,  226,  180],
['2017-05-27',   75,  231,  176],
['2017-05-28',   78,  286,  118],
['2017-05-29',   79,  271,  132],
['2017-05-30',   78,  264,  140],
['2017-05-31',   78,  265,  139],
['2017-06-01',   78,  260,  145],
['2017-06-02',   77,  234,  172],
['2017-06-03',   76,  236,  171],
['2017-06-04',   75,  225,  181],
['2017-06-05',   75,  180,  227],
['2017-06-06',   76,  163,  244],
['2017-06-07',   75,  153,  254],
['2017-06-08',   75,  149,  258],
['2017-06-09',   75,  169,  237],
['2017-06-10',   74,  173,  234],
['2017-06-11',   76,  284,  123],
['2017-06-12',   77,  265,  140],
['2017-06-13',   77,  263,  142],
['2017-06-14',   77,  263,  143],
['2017-06-15',   76,  229,  177],
['2017-06-16',   76,  228,  179],
['2017-06-17',   74,  231,  177],
['2017-06-18',   76,  286,  120],
['2017-06-19',   77,  283,  123],
['2017-06-20',   77,  264,  142],
['2017-06-21',   76,  264,  142],
['2017-06-22',   75,  247,  160],
['2017-06-23',   75,  231,  176],
['2017-06-24',   73,  233,  176],
['2017-06-25',   73,  277,  132],
['2017-06-26',   74,  289,  119],
['2017-06-27',   74,  270,  138],
['2017-06-28',   73,  249,  160],
['2017-06-29',   73,  222,  187],
['2017-06-30',   73,  233,  177],
['2017-07-01',   69,  239,  175],
['2017-07-02',   58,  248,  177],
['2017-07-03',   60,  189,  233],
['2017-07-04',   61,  164,  257],
['2017-07-05',   61,  162,  259],
['2017-07-06',   61,  224,  197],
['2017-07-07',   61,  244,  177],
['2017-07-08',   61,  246,  175],
['2017-07-09',   62,  302,  118],
['2017-07-10',   62,  290,  131],
['2017-07-11',   62,  284,  136],
['2017-07-12',   62,  278,  142],
['2017-07-13',   62,  254,  166],
['2017-07-14',   61,  243,  177],
['2017-07-15',   62,  244,  176],
['2017-07-16',   62,  292,  128],
['2017-07-17',   62,  301,  120],
['2017-07-18',   63,  283,  137],
['2017-07-19',   63,  237,  183],
['2017-07-20',   63,  193,  227],
['2017-07-21',   62,  240,  180],
['2017-07-22',   62,  246,  174],
['2017-07-23',   63,  288,  131],
['2017-07-24',   64,  282,  137],
['2017-07-25',   63,  284,  135],
['2017-07-26',   63,  282,  138],
['2017-07-27',   63,  234,  187],
['2017-07-28',   62,  250,  176],
['2017-07-29',   62,  252,  175],
['2017-07-30',   62,  309,  119],
['2017-07-31',   62,  308,  119],
['2017-08-01',   62,  291,  136],
['2017-08-02',   58,  291,  140],
['2017-08-03',   58,  268,  164],
['2017-08-04',   58,  256,  176],
['2017-08-05',   57,  257,  176],
['2017-08-06',   55,  231,  205],
['2017-08-07',   54,  204,  233],
['2017-08-08',   55,  191,  245],
['2017-08-09',   49,  200,  242],
['2017-08-10',   47,  239,  205],
['2017-08-11',   46,  263,  182],
['2017-08-12',   46,  260,  185],
['2017-08-13',   48,  326,  118],
['2017-08-14',   48,  326,  117],
['2017-08-15',   48,  314,  129],
['2017-08-16',   48,  307,  136],
['2017-08-17',   48,  241,  204],
['2017-08-18',   47,  233,  212],
['2017-08-19',   46,  231,  215],
['2017-08-20',   48,  281,  163],
['2017-08-21',   49,  309,  134],
['2017-08-22',   49,  301,  142],
['2017-08-23',   49,  301,  143],
['2017-08-24',   48,  265,  180],
['2017-08-25',   48,  247,  198],
['2017-08-26',   48,  244,  201],
['2017-08-27',   50,  325,  119],
['2017-08-28',   50,  325,  118],
['2017-08-29',   49,  311,  133],
['2017-08-30',   49,  252,  192],
['2017-08-31',   48,  226,  219],
['2017-09-01',   47,  249,  197],
['2017-09-02',   45,  253,  195],
['2017-09-03',   42,  255,  196],
['2017-09-04',   44,  224,  225],
['2017-09-05',   45,  174,  274],
['2017-09-06',   45,  170,  277],
['2017-09-07',   44,  196,  254],
['2017-09-08',   44,  234,  215],
['2017-09-09',   44,  233,  216],
['2017-09-10',   47,  270,  176],
['2017-09-11',   48,  292,  153],
['2017-09-12',   48,  292,  153],
['2017-09-13',   48,  288,  157],
['2017-09-14',   48,  302,  143],
['2017-09-15',   48,  300,  145],
['2017-09-16',   48,  267,  178],
['2017-09-17',   49,  323,  121],
['2017-09-18',   50,  323,  120],
['2017-09-19',   51,  277,  165],
['2017-09-20',   51,  277,  165],
['2017-09-21',   51,  241,  202],
['2017-09-22',   50,  188,  255],
['2017-09-23',   49,  148,  296],
['2017-09-24',   50,  174,  270],
['2017-09-25',   50,  173,  270],
['2017-09-26',   50,  154,  289],
['2017-09-27',   49,  152,  291],
['2017-09-28',   49,  177,  267],
['2017-09-29',   49,  175,  269],
['2017-09-30',   49,  154,  290],
['2017-10-01',   45,  137,  311],
['2017-10-02',   45,  138,  309],
['2017-10-03',   47,  143,  302],
['2017-10-04',   47,  143,  303],
['2017-10-05',   47,  179,  271],
['2017-10-06',   47,  164,  286],
['2017-10-07',   46,  153,  298],
['2017-10-08',   47,  184,  266],
['2017-10-09',   47,  180,  270],
['2017-10-10',   47,  159,  291],
['2017-10-11',   47,  153,  297],
['2017-10-12',   46,  185,  266],
['2017-10-13',   46,  156,  295],
['2017-10-14',   44,  150,  304],
['2017-10-15',   49,  200,  248],
['2017-10-16',   49,  180,  269],
['2017-10-17',   49,  161,  287],
['2017-10-18',   49,  154,  295],
['2017-10-19',   48,  181,  269],
['2017-10-20',   48,  167,  283],
['2017-10-21',   48,  162,  288],
['2017-10-22',   49,  282,  166],
['2017-10-23',   49,  284,  165],
['2017-10-24',   49,  284,  164],
['2017-10-25',   49,  287,  162],
['2017-10-26',   48,  275,  175],
['2017-10-27',   48,  367,  83],
['2017-10-28',   43,  426,  29],
['2017-10-29',   38,  434,  27],
['2017-10-30',   17,  455,  26],
['2017-10-31',   9,  288,  201],
['2017-11-01',   8,  134,  355],
['2017-11-02',   8,  106,  384],
['2017-11-03',   3,  74,  421],
['2017-11-04',   2,  64,  431],
['2017-11-05',   2,  53,  443],
['2017-11-06',   2,  47,  449],
['2017-11-07',   2,  45,  451],
['2017-11-08',   2,  39,  457],
['2017-11-09',   0,  36,  461],
['2017-11-10',   0,  32,  465],
['2017-11-11',   0,  31,  467],
['2017-11-12',   0,  29,  469],
['2017-11-13',   0,  28,  469],
['2017-11-14',   0,  28,  470],
['2017-11-15',   0,  27,  471],
['2017-11-16',   0,  26,  471]
        ]);
        var options = {
          title: 'VMAX FAST association report for tepr2e01_SG',
          chartArea:{left:50,top:50},vAxis:{title:'Gigabytes'},hAxis:{title:'DateTime'}
        };

        var chart = new google.visualization.LineChart(document.getElementById('chart_div'));
        chart.draw(data, options);
      }
    </script>
  </head>
  <body>
    <div id="chart_div" style="width: 1500px; height: 900px;"></div>
  </body>
</html>


^Date^EFD^FC^SATA^
|2017-11-16|0|26|471|
|2017-11-15|0|27|471|
|2017-11-14|0|28|470|
|2017-11-13|0|28|469|
|2017-11-12|0|29|469|
|2017-11-11|0|31|467|
|2017-11-10|0|32|465|
|2017-11-09|0|36|461|
|2017-11-08|2|39|457|
|2017-11-07|2|45|451|
|2017-11-06|2|47|449|
|2017-11-05|2|53|443|
|2017-11-04|2|64|431|
|2017-11-03|3|74|421|
|2017-11-02|8|106|384|
|2017-11-01|8|134|355|
|2017-10-31|9|288|201|
|2017-10-30|17|455|26|
|2017-10-29|38|434|27|
|2017-10-28|43|426|29|
|2017-10-27|48|367|83|
|2017-10-26|48|275|175|
|2017-10-25|49|287|162|
|2017-10-24|49|284|164|
|2017-10-23|49|284|165|
|2017-10-22|49|282|166|
|2017-10-21|48|162|288|
|2017-10-20|48|167|283|
|2017-10-19|48|181|269|
|2017-10-18|49|154|295|
|2017-10-17|49|161|287|
|2017-10-16|49|180|269|
|2017-10-15|49|200|248|
|2017-10-14|44|150|304|
|2017-10-13|46|156|295|
|2017-10-12|46|185|266|
|2017-10-11|47|153|297|
|2017-10-10|47|159|291|
|2017-10-09|47|180|270|
|2017-10-08|47|184|266|
|2017-10-07|46|153|298|
|2017-10-06|47|164|286|
|2017-10-05|47|179|271|
|2017-10-04|47|143|303|
|2017-10-03|47|143|302|
|2017-10-02|45|138|309|
|2017-10-01|45|137|311|
|2017-09-30|49|154|290|
|2017-09-29|49|175|269|
|2017-09-28|49|177|267|
|2017-09-27|49|152|291|
|2017-09-26|50|154|289|
|2017-09-25|50|173|270|
|2017-09-24|50|174|270|
|2017-09-23|49|148|296|
|2017-09-22|50|188|255|
|2017-09-21|51|241|202|
|2017-09-20|51|277|165|
|2017-09-19|51|277|165|
|2017-09-18|50|323|120|
|2017-09-17|49|323|121|
|2017-09-16|48|267|178|
|2017-09-15|48|300|145|
|2017-09-14|48|302|143|
|2017-09-13|48|288|157|
|2017-09-12|48|292|153|
|2017-09-11|48|292|153|
|2017-09-10|47|270|176|
|2017-09-09|44|233|216|
|2017-09-08|44|234|215|
|2017-09-07|44|196|254|
|2017-09-06|45|170|277|
|2017-09-05|45|174|274|
|2017-09-04|44|224|225|
|2017-09-03|42|255|196|
|2017-09-02|45|253|195|
|2017-09-01|47|249|197|
|2017-08-31|48|226|219|
|2017-08-30|49|252|192|
|2017-08-29|49|311|133|
|2017-08-28|50|325|118|
|2017-08-27|50|325|119|
|2017-08-26|48|244|201|
|2017-08-25|48|247|198|
|2017-08-24|48|265|180|
|2017-08-23|49|301|143|
|2017-08-22|49|301|142|
|2017-08-21|49|309|134|
|2017-08-20|48|281|163|
|2017-08-19|46|231|215|
|2017-08-18|47|233|212|
|2017-08-17|48|241|204|
|2017-08-16|48|307|136|
|2017-08-15|48|314|129|
|2017-08-14|48|326|117|
|2017-08-13|48|326|118|
|2017-08-12|46|260|185|
|2017-08-11|46|263|182|
|2017-08-10|47|239|205|
|2017-08-09|49|200|242|
|2017-08-08|55|191|245|
|2017-08-07|54|204|233|
|2017-08-06|55|231|205|
|2017-08-05|57|257|176|
|2017-08-04|58|256|176|
|2017-08-03|58|268|164|
|2017-08-02|58|291|140|
|2017-08-01|62|291|136|
|2017-07-31|62|308|119|
|2017-07-30|62|309|119|
|2017-07-29|62|252|175|
|2017-07-28|62|250|176|
|2017-07-27|63|234|187|
|2017-07-26|63|282|138|
|2017-07-25|63|284|135|
|2017-07-24|64|282|137|
|2017-07-23|63|288|131|
|2017-07-22|62|246|174|
|2017-07-21|62|240|180|
|2017-07-20|63|193|227|
|2017-07-19|63|237|183|
|2017-07-18|63|283|137|
|2017-07-17|62|301|120|
|2017-07-16|62|292|128|
|2017-07-15|62|244|176|
|2017-07-14|61|243|177|
|2017-07-13|62|254|166|
|2017-07-12|62|278|142|
|2017-07-11|62|284|136|
|2017-07-10|62|290|131|
|2017-07-09|62|302|118|
|2017-07-08|61|246|175|
|2017-07-07|61|244|177|
|2017-07-06|61|224|197|
|2017-07-05|61|162|259|
|2017-07-04|61|164|257|
|2017-07-03|60|189|233|
|2017-07-02|58|248|177|
|2017-07-01|69|239|175|
|2017-06-30|73|233|177|
|2017-06-29|73|222|187|
|2017-06-28|73|249|160|
|2017-06-27|74|270|138|
|2017-06-26|74|289|119|
|2017-06-25|73|277|132|
|2017-06-24|73|233|176|
|2017-06-23|75|231|176|
|2017-06-22|75|247|160|
|2017-06-21|76|264|142|
|2017-06-20|77|264|142|
|2017-06-19|77|283|123|
|2017-06-18|76|286|120|
|2017-06-17|74|231|177|
|2017-06-16|76|228|179|
|2017-06-15|76|229|177|
|2017-06-14|77|263|143|
|2017-06-13|77|263|142|
|2017-06-12|77|265|140|
|2017-06-11|76|284|123|
|2017-06-10|74|173|234|
|2017-06-09|75|169|237|
|2017-06-08|75|149|258|
|2017-06-07|75|153|254|
|2017-06-06|76|163|244|
|2017-06-05|75|180|227|
|2017-06-04|75|225|181|
|2017-06-03|76|236|171|
|2017-06-02|77|234|172|
|2017-06-01|78|260|145|
|2017-05-31|78|265|139|
|2017-05-30|78|264|140|
|2017-05-29|79|271|132|
|2017-05-28|78|286|118|
|2017-05-27|75|231|176|
|2017-05-26|76|226|180|
|2017-05-25|78|205|199|
|2017-05-24|79|263|140|
|2017-05-23|80|263|140|
|2017-05-22|80|272|131|
|2017-05-21|79|282|121|
|2017-05-20|78|228|176|
|2017-05-19|79|226|177|
|2017-05-18|79|207|197|
|2017-05-17|79|206|197|
|2017-05-16|81|269|133|
|2017-05-15|81|282|119|
|2017-05-14|79|280|123|
|2017-05-13|77|227|178|
|2017-05-12|77|228|177|
|2017-05-11|77|204|201|
|2017-05-10|78|166|238|
|2017-05-09|78|183|221|
|2017-05-08|77|215|190|
|2017-05-07|77|232|173|
|2017-05-06|78|232|172|
|2017-05-05|78|233|170|
|2017-05-04|78|217|187|
|2017-05-03|79|264|139|
|2017-05-02|79|268|135|
|2017-05-01|79|268|136|
|2017-04-30|78|281|123|
|2017-04-29|80|233|169|
|2017-04-28|83|229|171|
|2017-04-27|83|204|196|
|2017-04-26|83|221|177|
|2017-04-25|85|270|128|
|2017-04-24|85|281|116|
|2017-04-23|83|265|133|
|2017-04-22|83|228|171|
|2017-04-21|84|228|171|
|2017-04-20|84|235|163|
|2017-04-19|84|263|135|
|2017-04-18|85|264|133|
|2017-04-17|85|274|124|
|2017-04-16|84|269|129|
|2017-04-15|80|228|173|
|2017-04-14|81|215|186|
|2017-04-13|81|240|162|
|2017-04-12|82|262|138|
|2017-04-11|82|261|138|
|2017-04-10|82|269|130|
|2017-04-09|83|281|117|
|2017-04-08|81|224|175|
|2017-04-07|81|219|181|
|2017-04-06|81|205|194|
|2017-04-05|81|146|253|
|2017-04-04|81|148|251|
|2017-04-03|82|175|223|
|2017-04-02|81|197|202|
|2017-04-01|82|226|172|
|2017-03-31|83|225|172|
|2017-03-30|84|213|184|
|2017-03-29|85|254|141|
|2017-03-28|85|254|140|
|2017-03-27|86|261|132|
|2017-03-26|85|268|127|
|2017-03-25|84|222|174|
|2017-03-24|86|218|175|
|2017-03-23|84|208|187|
|2017-03-22|86|252|141|
|2017-03-21|86|252|140|
|2017-03-20|86|267|126|
|2017-03-19|84|279|115|
|2017-03-18|83|225|171|
|2017-03-17|83|224|171|
|2017-03-16|83|198|197|
|2017-03-15|84|213|181|
|2017-03-14|86|266|126|
|2017-03-13|86|273|119|
|2017-03-12|84|270|123|
|2017-03-11|81|220|176|
|2017-03-10|81|213|184|
|2017-03-09|81|181|215|
|2017-03-08|81|146|251|
|2017-03-07|81|147|249|
|2017-03-06|81|207|189|
|2017-03-05|81|221|176|
|2017-03-04|82|222|174|
|2017-03-03|82|221|175|
|2017-03-02|82|205|190|
|2017-03-01|84|250|144|
|2017-02-28|84|250|144|
|2017-02-27|84|254|140|
|2017-02-26|84|272|122|
|2017-02-25|81|219|177|
|2017-02-24|82|218|178|
|2017-02-23|82|202|194|
|2017-02-22|83|200|195|
|2017-02-21|84|256|137|
|2017-02-20|84|273|120|
|2017-02-19|84|273|121|
|2017-02-18|82|220|176|
|2017-02-17|83|224|171|
|2017-02-16|83|215|180|
|2017-02-15|84|254|139|
|2017-02-14|85|256|137|
|2017-02-13|85|262|131|
|2017-02-12|84|274|120|
|2017-02-11|80|219|178|
|2017-02-10|80|218|179|
|2017-02-09|80|206|192|
|2017-02-08|79|143|255|
|2017-02-07|79|145|253|
|2017-02-06|79|150|249|
|2017-02-05|79|222|177|
|2017-02-04|80|222|176|
|2017-02-03|80|223|175|
|2017-02-02|79|222|176|
|2017-02-01|80|240|158|
|2017-01-31|80|269|129|
|2017-01-30|80|277|121|
|2017-01-29|80|276|122|
|2017-01-28|79|222|177|
|2017-01-27|81|219|178|
|2017-01-26|81|217|180|
|2017-01-25|82|251|144|
|2017-01-24|82|251|145|
|2017-01-23|82|263|133|
|2017-01-22|83|272|123|
|2017-01-21|82|217|178|
|2017-01-20|84|212|182|
|2017-01-19|85|200|193|
|2017-01-18|87|246|145|
|2017-01-17|86|246|145|
|2017-01-16|86|249|143|
|2017-01-15|85|267|125|
|2017-01-14|79|222|177|
|2017-01-13|78|212|187|
|2017-01-12|79|201|198|
|2017-01-11|80|229|169|
|2017-01-10|80|269|128|
|2017-01-09|80|289|109|
|2017-01-08|79|265|133|
|2017-01-07|79|261|138|
|2017-01-06|79|227|172|
|2017-01-05|78|187|213|
|2017-01-04|78|154|245|
|2017-01-03|78|162|237|
|2017-01-02|79|174|225|
|2017-01-01|78|226|173|
|2016-12-31|79|226|173|
|2016-12-30|81|222|175|
|2016-12-29|80|210|187|
|2016-12-28|81|252|144|
|2016-12-27|81|253|144|
|2016-12-26|81|260|137|
|2016-12-25|79|283|116|
|2016-12-24|79|225|173|
|2016-12-23|79|225|173|
|2016-12-22|79|193|205|
|2016-12-21|80|244|153|
|2016-12-20|81|275|121|
|2016-12-19|82|280|116|
|2016-12-18|81|280|117|
|2016-12-17|78|226|173|
|2016-12-16|78|228|172|
|2016-12-15|78|214|185|
|2016-12-14|79|254|145|
|2016-12-13|79|258|140|
|2016-12-12|79|278|120|
|2016-12-11|79|276|122|
|2016-12-10|77|220|179|
|2016-12-09|77|210|190|
|2016-12-08|77|161|239|
|2016-12-07|77|139|261|
|2016-12-06|77|149|251|
|2016-12-05|77|151|249|
|2016-12-04|77|233|168|
|2016-12-03|78|231|168|
|2016-12-02|78|231|168|
|2016-12-01|78|206|193|
|2016-11-30|78|197|201|
|2016-11-29|79|265|133|
|2016-11-28|79|284|114|
|2016-11-27|79|284|114|
|2016-11-26|75|230|172|
|2016-11-25|75|232|170|
|2016-11-24|74|249|154|
|2016-11-23|74|264|139|
|2016-11-22|74|264|139|
|2016-11-21|73|278|126|
|2016-11-20|73|289|115|
|2016-11-19|71|232|173|
|2016-11-18|71|233|172|
|2016-11-17|71|226|179|
|2016-11-16|71|265|140|
|2016-11-15|71|266|139|
|2016-11-14|71|267|139|
|2016-11-13|71|290|115|
|2016-11-12|69|231|176|
|2016-11-11|69|230|177|
|2016-11-10|69|190|217|
|2016-11-09|70|149|258|
|2016-11-08|69|163|244|
|2016-11-07|69|177|231|
|2016-11-06|70|207|199|
|2016-11-05|73|225|178|
|2016-11-04|73|226|177|
|2016-11-03|73|235|167|
|2016-11-02|74|261|141|
|2016-11-01|74|266|136|
|2016-10-31|74|274|128|
|2016-10-30|74|286|116|
|2016-10-29|72|229|175|
|2016-10-28|73|225|178|
|2016-10-27|73|221|181|
|2016-10-26|74|264|138|
|2016-10-25|74|268|134|
|2016-10-24|75|273|128|
|2016-10-23|76|292|108|
|2016-10-22|74|232|169|
|2016-10-21|75|230|170|
|2016-10-20|81|207|188|
|2016-10-19|84|165|227|
|2016-10-18|75|274|126|
|2016-10-17|75|286|110|
|2016-10-16|75|284|112|
|2016-10-15|74|227|170|
|2016-10-14|74|223|174|
|2016-10-13|74|233|164|
|2016-10-12|75|266|130|
|2016-10-11|75|269|127|
|2016-10-10|75|285|111|
|2016-10-09|75|284|112|
|2016-10-08|73|220|179|
|2016-10-07|72|218|181|
|2016-10-06|72|180|219|
|2016-10-05|72|137|262|
|2016-10-04|72|144|255|
|2016-10-03|72|152|247|
|2016-10-02|73|225|173|
|2016-10-01|75|221|176|
|2016-09-30|76|246|149|
|2016-09-29|77|259|135|
|2016-09-28|77|262|132|
|2016-09-27|78|279|114|
|2016-09-26|80|277|115|
|2016-09-25|72|284|115|
|2016-09-24|71|226|175|
|2016-09-23|71|227|173|
|2016-09-22|72|232|168|
|2016-09-21|72|268|132|
|2016-09-20|72|269|130|
|2016-09-19|72|287|112|
|2016-09-18|72|280|119|
|2016-09-17|71|224|176|
|2016-09-16|71|214|187|
|2016-09-15|71|228|172|
|2016-09-14|71|261|139|
|2016-09-13|72|260|139|
|2016-09-12|71|270|129|
|2016-09-11|71|284|116|
|2016-09-10|70|222|179|
|2016-09-09|70|210|191|
|2016-09-08|70|200|202|
|2016-09-07|70|141|261|
|2016-09-06|70|164|237|
|2016-09-05|70|169|232|
|2016-09-04|70|210|191|
|2016-09-03|70|227|174|
|2016-09-02|70|245|156|
|2016-09-01|70|264|137|
|2016-08-31|70|261|140|
|2016-08-30|70|278|123|
|2016-08-29|70|281|119|
|2016-08-28|70|279|122|
|2016-08-27|70|222|179|
|2016-08-26|70|213|187|
|2016-08-25|70|253|148|
|2016-08-24|71|263|138|
|2016-08-23|71|262|138|
|2016-08-22|70|257|144|
|2016-08-21|70|267|134|
|2016-08-20|68|222|182|
|2016-08-19|68|209|194|
|2016-08-18|68|240|163|
|2016-08-17|68|254|149|
|2016-08-16|68|277|126|
|2016-08-15|68|273|130|
|2016-08-14|68|265|138|
|2016-08-13|67|220|185|
|2016-08-12|67|215|190|
|2016-08-11|66|201|204|
|2016-08-10|66|134|270|
|2016-08-09|66|142|263|
|2016-08-08|66|167|238|
|2016-08-07|66|223|182|
|2016-08-06|69|217|185|
|2016-08-05|69|216|186|
|2016-08-04|70|219|182|
|2016-08-03|70|261|140|
|2016-08-02|70|263|138|
|2016-08-01|70|270|131|
|2016-07-31|70|283|118|
|2016-07-30|70|221|180|
|2016-07-29|70|222|179|
|2016-07-28|70|207|195|
|2016-07-27|70|220|180|
|2016-07-26|70|265|136|
|2016-07-25|70|282|119|
|2016-07-24|70|282|119|
|2016-07-23|71|221|179|
|2016-07-22|73|215|182|
|2016-07-21|74|226|170|
|2016-07-20|75|253|144|
|2016-07-19|75|254|141|
|2016-07-18|76|267|129|
|2016-07-17|75|273|123|
|2016-07-16|77|214|180|
|2016-07-15|77|210|184|
|2016-07-14|77|205|189|
|2016-07-13|78|248|145|
|2016-07-12|78|248|145|
|2016-07-11|78|266|127|
|2016-07-10|78|266|127|
|2016-07-09|77|211|183|
|2016-07-08|77|206|188|
|2016-07-07|77|186|208|
|2016-07-06|76|127|268|
|2016-07-05|77|149|245|
|2016-07-04|77|159|235|
|2016-07-03|77|193|201|
|2016-07-02|77|211|183|
|2016-07-01|77|222|172|
|2016-06-30|77|240|153|
|2016-06-29|78|250|144|
|2016-06-28|77|240|154|
|2016-06-27|77|228|165|
|2016-06-26|77|222|172|
|2016-06-25|76|216|179|
|2016-06-24|78|253|140|
|2016-06-23|78|259|135|
|2016-06-22|78|260|133|
|2016-06-21|78|260|133|
|2016-06-20|78|259|134|
|2016-06-19|78|267|127|
|2016-06-18|76|212|183|
|2016-06-17|76|214|182|
|2016-06-16|76|191|204|
|2016-06-15|76|182|213|
|2016-06-14|77|270|124|
|2016-06-13|77|276|118|
|2016-06-12|77|265|128|
|2016-06-11|76|215|181|
|2016-06-10|76|202|193|
|2016-06-09|75|181|215|
|2016-06-08|75|123|273|
|2016-06-07|75|127|268|
|2016-06-06|75|160|237|
|2016-06-05|76|212|183|
|2016-06-04|76|208|188|
|2016-06-03|76|222|173|
|2016-06-02|77|238|156|
|2016-06-01|78|250|143|
|2016-05-31|79|257|135|
|2016-05-30|78|264|129|
|2016-05-29|76|270|125|
|2016-05-28|75|204|193|
|2016-05-27|75|193|204|
|2016-05-26|75|187|209|
|2016-05-25|75|214|182|
|2016-05-24|76|282|113|
|2016-05-23|76|280|115|
|2016-05-22|75|277|119|
|2016-05-21|74|267|131|
|2016-05-20|75|256|140|
|2016-05-19|67|240|163|
|2016-05-18|67|268|135|
|2016-05-17|67|280|124|
|2016-05-16|67|274|130|
|2016-05-15|66|270|130|
|2016-05-14|67|221|180|
|2016-05-13|68|219|180|
|2016-05-12|66|217|182|
|2016-05-11|67|254|144|
|2016-05-10|67|255|143|
|2016-05-09|67|255|143|
|2016-05-08|67|277|121|
|2016-05-07|65|216|184|
|2016-05-06|66|217|183|
|2016-05-05|66|201|199|
|2016-05-04|64|132|269|
|2016-05-03|64|134|267|
|2016-05-02|64|162|239|
|2016-05-01|65|185|215|
|2016-04-30|68|217|180|
|2016-04-29|69|217|179|
|2016-04-28|69|233|163|
|2016-04-27|69|251|145|
|2016-04-26|69|253|143|
|2016-04-25|69|274|122|
|2016-04-24|69|274|122|
|2016-04-23|68|216|181|
|2016-04-22|69|217|180|
|2016-04-21|69|198|199|
|2016-04-20|69|251|145|
|2016-04-19|69|252|144|
|2016-04-18|68|254|143|
|2016-04-17|67|275|123|
|2016-04-16|67|216|182|
|2016-04-15|67|218|181|
|2016-04-14|67|210|189|
|2016-04-13|67|162|236|
|2016-04-12|67|259|139|
|2016-04-11|67|275|123|
|2016-04-10|67|269|130|
|2016-04-09|65|213|187|
|2016-04-08|65|214|186|
|2016-04-07|65|185|215|
|2016-04-06|65|131|269|
|2016-04-05|65|132|268|
|2016-04-04|64|194|207|
|2016-04-03|69|213|183|
|2016-04-02|76|210|179|
|2016-04-01|78|208|179|
|2016-03-31|78|190|198|
|2016-03-30|79|242|144|
|2016-03-29|79|250|137|
|2016-03-28|80|256|129|
|2016-03-27|81|268|116|
|2016-03-26|76|213|176|
|2016-03-25|75|215|174|
|2016-03-24|74|205|186|
|2016-03-23|74|182|209|
|2016-03-22|75|247|143|
|2016-03-21|75|269|121|
|2016-03-20|74|269|122|
|2016-03-19|72|213|179|
|2016-03-18|73|209|184|
|2016-03-17|72|215|178|
|2016-03-16|73|247|145|
|2016-03-15|73|253|139|
|2016-03-14|73|261|131|
|2016-03-13|73|263|129|
|2016-03-12|70|212|182|
|2016-03-11|70|207|187|
|2016-03-10|70|161|234|
|2016-03-09|70|146|250|
|2016-03-08|70|203|192|
|2016-03-07|70|203|192|
|2016-03-06|71|227|167|
|2016-03-05|72|238|155|
|2016-03-04|72|238|156|
|2016-03-03|72|239|154|
|2016-03-02|72|268|125|
|2016-03-01|71|271|123|
|2016-02-29|71|276|118|
|2016-02-28|71|277|118|
|2016-02-27|71|277|118|
|2016-02-26|71|277|118|
|2016-02-25|71|277|118|
|2016-02-24|71|275|117|
|2016-02-23|71|273|118|
|2016-02-22|71|269|123|
|2016-02-21|71|275|116|
|2016-02-20|73|253|136|
|2016-02-19|76|226|160|
|2016-02-18|77|230|155|
|2016-02-17|80|250|132|
|2016-02-16|82|250|132|
|2016-02-15|82|256|125|
|2016-02-14|82|264|116|
|2016-02-13|83|255|125|
|2016-02-12|83|255|125|
|2016-02-11|82|225|156|
|2016-02-10|81|203|178|
|2016-02-09|78|224|160|
|2016-02-08|80|221|162|
|2016-02-07|80|247|136|
|2016-02-06|82|259|122|
|2016-02-05|81|217|165|
|2016-02-04|81|225|156|
|2016-02-03|82|254|127|
|2016-02-02|82|254|127|
|2016-02-01|82|256|125|
|2016-01-31|82|241|140|
|2016-01-30|81|206|176|
|2016-01-29|81|207|175|
|2016-01-28|81|237|145|
|2016-01-27|81|258|123|
|2016-01-26|81|258|123|
|2016-01-25|81|259|123|
|2016-01-24|81|254|128|
|2016-01-23|81|230|152|
|2016-01-22|81|223|159|
|2016-01-21|81|228|153|
|2016-01-20|81|224|158|
|2016-01-19|82|250|130|
|2016-01-18|82|250|131|
|2016-01-17|82|240|141|
|2016-01-16|81|221|161|
|2016-01-15|81|222|160|
|2016-01-14|81|242|139|
|2016-01-13|82|251|130|
|2016-01-12|82|253|127|
|2016-01-11|82|236|145|
|2016-01-10|81|234|147|
|2016-01-09|80|208|175|
|2016-01-08|81|223|159|
|2016-01-07|81|215|167|
|2016-01-06|81|196|186|
|2016-01-05|82|208|173|
|2016-01-04|81|223|159|
|2016-01-03|82|236|145|
|2016-01-02|82|201|180|
|2016-01-01|82|196|185|
|2015-12-31|82|201|179|
|2015-12-30|82|238|142|
|2015-12-29|82|237|144|
|2015-12-28|82|242|139|
|2015-12-27|81|243|139|
|2015-12-26|79|223|161|
|2015-12-25|79|245|139|
|2015-12-24|76|251|136|
|2015-12-23|75|261|127|
|2015-12-22|75|253|135|
|2015-12-21|75|250|138|
|2015-12-20|75|249|139|
|2015-12-19|73|231|159|
|2015-12-18|73|241|149|
|2015-12-17|73|244|146|
|2015-12-16|73|263|126|
|2015-12-15|73|265|124|
|2015-12-14|73|261|128|
|2015-12-13|73|257|133|
|2015-12-12|73|252|138|
|2015-12-11|73|245|145|
|2015-12-10|73|240|150|
|2015-12-09|72|210|181|
|2015-12-08|71|209|182|
|2015-12-07|71|216|176|
|2015-12-06|71|211|181|
|2015-12-05|71|226|165|
|2015-12-04|72|251|139|
|2015-12-03|72|256|135|
|2015-12-02|72|260|131|
|2015-12-01|72|255|136|
|2015-11-30|72|253|138|
|2015-11-29|72|246|145|
|2015-11-28|72|237|155|
|2015-11-27|72|251|140|
|2015-11-26|72|249|142|
|2015-11-25|72|261|131|
|2015-11-24|71|248|143|
|2015-11-23|71|248|144|
|2015-11-22|71|246|146|
|2015-11-21|71|241|150|
|2015-11-20|71|250|142|
|2015-11-19|70|256|137|
|2015-11-18|71|255|137|
|2015-11-17|71|268|123|
|2015-11-16|72|255|136|
|2015-11-15|72|244|147|
|2015-11-14|72|228|163|
|2015-11-13|71|241|150|
|2015-11-09|70|275|117|
|2015-11-08|70|263|130|
|2015-11-07|70|232|161|
|2015-11-06|70|252|140|
|2015-11-05|70|253|139|
|2015-11-04|70|241|150|
|2015-11-03|70|251|140|
|2015-11-02|71|253|137|
|2015-11-01|73|253|135|
|2015-10-31|78|235|148|
|2015-10-30|86|224|152|
|2015-10-29|91|239|132|
|2015-10-28|93|252|117|
|2015-10-27|94|259|109|
|2015-10-26|94|261|107|
|2015-10-25|94|256|112|
|2015-10-24|95|243|124|
|2015-10-23|95|251|115|
|2015-10-22|97|248|118|
|2015-10-21|98|251|113|
|2015-10-20|98|244|120|
|2015-10-19|98|243|121|
|2015-10-18|98|238|126|
|2015-10-17|98|222|142|
|2015-10-16|98|227|137|
|2015-10-15|98|232|131|
|2015-10-14|99|241|122|
|2015-10-13|99|241|123|
|2015-10-12|98|243|120|
|2015-10-11|98|236|128|
|2015-10-10|98|213|150|
|2015-10-09|99|225|138|
|2015-10-08|101|244|116|
|2015-10-07|101|253|107|
|2015-10-06|102|249|110|
|2015-10-05|106|249|108|
|2015-10-04|89|265|108|
|2015-10-03|89|250|122|
|2015-10-02|89|232|141|
|2015-10-01|90|210|162|
|2015-09-30|90|205|167|
|2015-09-29|90|230|142|
|2015-09-28|90|236|136|
|2015-09-27|89|230|142|
|2015-09-26|89|217|156|
|2015-09-25|89|210|163|
|2015-09-24|90|215|157|
|2015-09-23|90|224|148|
|2015-09-22|90|213|159|
|2015-09-21|89|241|131|
|2015-09-20|90|240|132|
|2015-09-19|89|213|159|
|2015-09-18|91|209|162|
|2015-09-17|91|223|148|
|2015-09-16|90|206|165|
|2015-09-15|91|208|163|
|2015-09-14|90|224|147|
|2015-09-13|90|223|148|
|2015-09-12|90|219|154|
|2015-09-11|89|217|155|
|2015-09-10|90|234|138|
|2015-09-09|91|261|110|
|2015-09-08|91|268|103|
|2015-09-07|91|264|107|
|2015-09-06|90|264|107|
|2015-09-05|91|249|122|
|2015-09-04|91|237|133|
|2015-09-03|90|229|143|
|2015-09-02|91|184|188|
|2015-09-01|91|218|153|
|2015-08-17|92|264|106|
|2015-08-16|92|266|104|
|2015-08-15|91|261|109|
|2015-08-14|92|239|131|
|2015-08-13|89|246|127|
|2015-08-12|89|255|118|
|2015-08-11|89|256|117|
|2015-08-10|89|262|111|
|2015-08-09|89|255|118|
|2015-08-08|87|234|141|
|2015-08-07|87|217|158|
|2015-08-06|88|242|132|
|2015-08-05|88|260|114|
|2015-08-04|88|263|111|
|2015-08-03|88|261|112|
|2015-08-02|87|254|120|
|2015-08-01|87|221|154|
|2015-07-31|88|231|143|
|2015-07-30|88|244|129|
|2015-07-29|89|246|127|
|2015-07-28|89|259|114|
|2015-07-27|89|258|115|
|2015-07-26|88|251|122|
|2015-07-25|88|243|131|
|2015-07-24|87|236|139|
|2015-07-23|88|233|141|
|2015-07-22|89|253|120|
|2015-07-21|88|263|110|
|2015-07-20|88|262|112|
|2015-07-19|88|255|119|
|2015-07-18|88|231|142|
|2015-07-17|88|210|164|
|2015-07-16|87|214|161|
|2015-07-15|88|258|116|
|2015-07-14|88|266|108|
|2015-07-13|88|266|108|
|2015-07-12|88|259|115|
|2015-07-11|87|212|163|
|2015-07-10|86|204|172|
|2015-07-09|87|248|126|
|2015-07-08|87|257|118|
|2015-07-07|88|260|114|
|2015-07-06|88|260|114|
|2015-07-05|87|253|121|
|2015-07-04|86|210|166|
|2015-07-03|86|199|177|
|2015-07-02|86|238|137|
|2015-07-01|87|259|115|
|2015-06-30|87|261|114|
|2015-06-29|87|262|113|
|2015-06-28|86|260|116|
|2015-06-27|86|238|138|
|2015-06-26|86|216|160|
|2015-06-25|86|234|142|
|2015-06-24|85|232|144|
|2015-06-23|85|264|112|
|2015-06-22|85|255|122|
|2015-06-21|85|251|126|
|2015-06-20|84|234|144|
|2015-06-19|85|257|119|
|2015-06-18|85|260|117|
|2015-06-17|85|255|121|
|2015-06-16|85|255|122|
|2015-06-15|84|256|121|
|2015-06-14|83|248|130|
|2015-06-13|85|229|148|
|2015-06-12|86|237|140|
|2015-06-11|86|243|134|
|2015-06-10|87|260|115|
|2015-06-09|87|257|118|
|2015-06-08|87|257|118|
|2015-06-07|86|248|127|
|2015-06-06|86|223|153|
|2015-06-05|86|213|163|
|2015-06-04|87|234|141|
|2015-06-03|87|252|122|
|2015-06-02|88|255|119|
|2015-06-01|89|256|117|
|2015-05-31|89|249|124|
|2015-05-30|88|232|142|
|2015-05-29|87|231|143|
|2015-05-28|88|246|128|
|2015-05-27|89|247|126|
|2015-05-26|89|247|126|
|2015-05-25|89|255|118|
|2015-05-24|88|242|132|
|2015-05-23|88|225|149|
|2015-05-22|88|231|143|
|2015-05-21|88|245|128|
|2015-05-20|89|261|112|
|2015-05-19|90|255|116|
|2015-05-18|90|249|122|
|2015-05-17|90|241|130|
|2015-05-16|90|234|138|
|2015-05-15|90|219|153|
|2015-05-14|90|213|159|
|2015-05-13|91|207|164|
|2015-05-12|91|259|111|
|2015-05-11|91|257|113|
|2015-05-10|90|256|116|
|2015-05-09|89|226|147|
|2015-05-08|89|249|124|
|2015-05-07|89|254|119|
|2015-05-06|89|257|116|
|2015-05-05|89|253|120|
|2015-05-04|89|252|121|
|2015-05-03|90|251|121|
|2015-05-02|88|232|142|
|2015-05-01|89|234|139|
|2015-04-30|88|220|154|
|2015-04-29|88|246|128|
|2015-04-28|89|245|128|
|2015-04-27|89|251|121|
|2015-04-26|87|252|123|
|2015-04-25|86|235|141|
|2015-04-24|86|228|147|
|2015-04-23|86|238|138|
|2015-04-22|86|261|115|
|2015-04-21|86|268|108|
|2015-04-20|86|257|119|
|2015-04-19|85|249|127|
|2015-04-18|85|233|144|
|2015-04-17|86|245|131|
|2015-04-16|86|246|129|
|2015-04-15|86|257|119|
|2015-04-14|86|258|117|
|2015-04-13|85|253|124|
|2015-04-12|84|236|141|
|2015-04-11|84|205|172|
|2015-04-10|84|221|156|
|2015-04-09|85|244|133|
|2015-04-08|86|252|124|
|2015-04-07|89|254|119|
|2015-04-06|89|248|125|
|2015-04-05|87|247|128|
|2015-04-04|84|219|158|
|2015-04-03|85|211|166|
|2015-04-02|85|225|152|
|2015-04-01|85|233|143|
|2015-03-31|85|253|124|
|2015-03-30|85|239|138|
|2015-03-29|84|236|142|
|2015-03-28|83|227|151|
|2015-03-27|84|244|134|
|2015-03-26|84|253|125|
|2015-03-25|84|249|129|
|2015-03-24|84|246|132|
|2015-03-23|84|237|141|
|2015-03-22|84|239|139|
|2015-03-21|82|231|148|
|2015-03-20|83|244|135|
|2015-03-19|82|239|140|
|2015-03-18|82|249|131|
|2015-03-17|81|252|129|
|2015-03-16|81|239|141|
|2015-03-15|81|238|142|
|2015-03-14|80|222|160|
|2015-03-13|80|213|168|
|2015-03-12|80|231|151|
|2015-03-11|80|228|154|
|2015-03-10|81|255|126|
|2015-03-09|84|259|119|
|2015-03-08|83|238|141|
|2015-03-07|83|241|138|
|2015-03-06|83|242|136|
|2015-03-05|83|251|127|
|2015-03-04|83|261|117|
|2015-03-03|84|263|115|
|2015-03-02|83|267|111|
|2015-03-01|83|260|118|
|2015-02-28|82|217|162|
|2015-02-27|83|236|143|
|2015-02-26|82|230|149|
|2015-02-25|84|262|116|
|2015-02-24|84|270|107|
|2015-02-23|84|266|111|
|2015-02-22|84|265|112|
|2015-02-21|84|257|121|
|2015-02-20|83|236|143|
|2015-02-19|83|232|147|
|2015-02-18|83|253|126|
|2015-02-17|84|263|115|
|2015-02-16|84|268|110|
|2015-02-15|83|267|112|
|2015-02-14|83|265|114|
|2015-02-13|83|257|122|
|2015-02-12|83|258|121|
|2015-02-11|83|258|121|
|2015-02-10|83|245|133|
|2015-02-09|83|238|141|
|2015-02-08|83|240|138|
|2015-02-07|82|239|140|
|2015-02-06|82|231|149|
|2015-02-05|83|239|140|
|2015-02-04|83|291|87|
|2015-02-03|83|290|88|
|2015-02-02|83|282|96|
|2015-02-01|82|277|102|
|2015-01-31|83|271|108|
|2015-01-30|83|277|102|
|2015-01-29|83|272|107|
|2015-01-28|83|270|109|
|2015-01-27|82|298|81|
|2015-01-26|82|298|82|
|2015-01-25|82|290|90|
|2015-01-24|81|279|101|
|2015-01-23|82|283|97|
|2015-01-22|82|286|94|
|2015-01-21|82|293|87|
|2015-01-20|82|293|86|
|2015-01-19|82|281|98|
|2015-01-18|82|266|114|
|2015-01-17|81|252|128|
|2015-01-16|82|271|108|
|2015-01-15|82|268|111|
|2015-01-14|82|294|85|
|2015-01-13|82|292|87|
|2015-01-12|83|291|88|
|2015-01-11|82|281|99|
|2015-01-10|82|286|94|
|2015-01-09|82|286|94|
|2015-01-08|83|296|83|
|2015-01-07|83|299|80|
|2015-01-06|83|299|79|
|2015-01-05|84|281|96|
|2015-01-04|83|278|100|
|2015-01-03|83|257|122|
|2015-01-02|84|291|87|
|2015-01-01|84|293|84|
|2014-12-31|84|296|82|
|2014-12-30|82|274|105|
|2014-12-29|82|279|101|
|2014-12-28|82|290|89|
|2014-12-27|80|316|66|
|2014-12-26|79|340|43|
|2014-12-25|78|347|37|
|2014-12-24|74|362|26|
|2014-12-23|71|356|34|
|2014-12-22|71|323|68|
|2014-12-21|69|292|100|
|2014-12-20|69|280|112|
|2014-12-19|69|275|117|
|2014-12-18|69|275|117|
|2014-12-17|69|269|124|
|2014-12-16|69|286|107|
|2014-12-15|69|285|107|
|2014-12-14|68|269|124|
|2014-12-13|68|257|136|
|2014-12-12|68|266|127|
|2014-12-11|68|287|106|
|2014-12-10|70|288|104|
|2014-12-09|70|282|110|
|2014-12-08|71|287|104|
|2014-12-07|71|283|108|
|2014-12-06|75|238|148|
|2014-12-05|74|248|139|
|2014-12-04|75|265|122|
|2014-12-03|76|284|102|
|2014-12-02|77|282|103|
|2014-12-01|77|281|103|
|2014-11-30|78|283|101|
|2014-11-29|77|275|109|
|2014-11-28|77|277|107|
|2014-11-27|77|279|105|
|2014-11-26|76|290|95|
|2014-11-25|77|291|94|
|2014-11-24|77|289|95|
|2014-11-23|77|289|95|
|2014-11-22|76|288|97|
|2014-11-21|76|288|96|
|2014-11-20|76|284|100|
|2014-11-19|77|277|97|
|2014-11-18|77|277|97|
|2014-11-17|77|285|89|
|2014-11-16|78|285|88|
|2014-11-15|78|286|87|
|2014-11-14|0|12|1|
|2014-11-13|0|9|0|
|2014-11-12|0|9|0|
|2014-11-11|0|9|0|
|2014-11-10|0|9|0|
|2014-11-09|0|9|0|
|2014-11-08|0|9|0|
|2014-11-07|0|9|0|
|2014-11-06|0|9|0|
|2014-11-05|0|10|0|
|2014-11-04|0|10|0|
|2014-11-03|0|0|0|
|2014-11-02|0|0|0|
|2014-11-01|0|0|0|
|2014-10-31|0|0|0|
