<html>
 <head>
   <script type="text/javascript" src="https://www.google.com/jsapi"></script>
   <script type="text/javascript">
     google.load("visualization", "1", {packages:["corechart"]});
     google.setOnLoadCallback(drawChart);
     function drawChart() {
       var data = google.visualization.arrayToDataTable([
['Date','Total Avail','Total Used','Total EFD','Total FC','Total SATA'],
['2014-09-28',   79.47 ,  23.836,  2.00195,  30.4297,  12.1836],
['2014-09-29',   79.47 ,  23.836,  2.00195,  30.4297,  12.1836],
['2014-09-30',   79.47 ,  23.836,  2.00195,  30.4297,  12.1836],
['2014-10-01',   79.47 ,  23.836,  2.00195,  30.4297,  12.1836],
['2014-10-02',   79.47 ,  23.836,  2.00098,  30.4199,  12.1953],
['2014-10-03',   79.47 ,  23.836,  2.03906,  30.6777,  11.9053],
['2014-10-04',   79.47 ,  23.836,  1.99707,  30.9717,  11.6514],
['2014-10-05',   79.47 ,  23.836,  1.98633,  30.9033,  11.7324],
['2014-10-06',   79.47 ,  23.836,  1.99902,  30.7549,  11.8682],
['2014-10-07',   79.47 ,  23.836,  1.99316,  30.7109,  11.9219],
['2014-10-08',   79.47 ,  23.836,  1.9873,  30.5078,  12.1357],
['2014-10-09',   79.47 ,  23.836,  1.99512,  29.9297,  12.7041],
['2014-10-10',   79.47 ,  23.836,  1.99805,  28.2383,  14.3916],
['2014-10-11',   79.47 ,  23.836,  2.00586,  28.1533,  14.4766],
['2014-10-12',   79.47 ,  23.836,  2.00098,  27.6826,  14.9502],
['2014-10-13',   79.47 ,  23.836,  2,  27.5908,  15.0645],
['2014-10-14',   79.47 ,  23.836,  2.00391,  27.4814,  15.167],
['2014-10-15',   79.47 ,  23.836,  1.99902,  27.6387,  15.0166],
['2014-10-16',   79.47 ,  23.836,  2.00586,  27.8877,  14.7637],
['2014-10-17',   79.47 ,  23.836,  2,  27.5879,  15.1123],
['2014-10-18',   79.47 ,  23.4845,  1.99609,  26.2607,  16.4414],
['2014-10-19',   79.47 ,  23.4845,  1.99023,  26.0322,  16.6836],
['2014-10-20',   79.47 ,  23.4845,  2.18555,  25.9404,  16.583],
['2014-10-21',   91.86 ,  35.8745,  2.32617,  27.1963,  15.1865],
['2014-10-22',   91.86 ,  35.8745,  2.46484,  27.5801,  14.7012],
['2014-10-23',   91.86 ,  25.2104,  2.68945,  28.0342,  14.3291],
['2014-10-24',   91.86 ,  25.2104,  2.79297,  28.3369,  14.127],
['2014-10-25',   91.86 ,  25.2104,  3.02148,  29.7451,  12.9209],
['2014-10-26',   91.86 ,  25.2104,  3.02734,  29.6328,  13.1064],
['2014-10-27',   91.86 ,  25.2104,  3.10059,  29.7451,  13.1094],
['2014-10-28',   91.86 ,  25.2104,  3.1084,  30.1504,  12.8096],
['2014-10-29',   91.86 ,  25.2104,  3.09473,  30.1992,  12.8467],
['2014-10-30',   91.86 ,  25.2104,  3.03711,  30.3555,  12.8105],
['2014-10-31',   91.86 ,  25.2104,  3.01855,  30.3516,  12.9209],
['2014-11-01',   91.86 ,  24.8152,  2.99121,  30.2314,  13.0967],
['2014-11-02',   91.86 ,  24.8152,  2.99023,  29.6689,  13.6729],
['2014-11-03',   91.86 ,  24.8152,  2.97852,  29.5488,  14.0039],
['2014-11-04',   91.86 ,  24.8152,  2.99121,  28.0908,  15.5156],
['2014-11-05',   91.86 ,  24.8152,  2.98242,  26.4678,  17.2217],
['2014-11-06',   91.86 ,  24.8152,  2.9873,  25.2246,  18.4902],
['2014-11-07',   91.86 ,  24.8152,  2.97266,  23.4775,  18.4619],
['2014-11-08',   91.86 ,  35.4792,  2.97949,  23.5107,  18.4238],
['2014-11-09',   91.86 ,  35.4792,  3.06348,  23.498,  18.3545],
['2014-11-10',   91.86 ,  35.4792,  3.02539,  23.4609,  18.5342],
['2014-11-11',   91.86 ,  35.4792,  3,  23.5986,  18.4219],
['2014-11-12',   91.86 ,  35.4792,  2.97852,  23.6377,  18.4268],
['2014-11-13',   91.86 ,  35.4792,  2.97266,  23.8613,  18.2207],
['2014-11-14',   91.86 ,  35.4792,  2.97461,  23.8467,  18.248],
['2014-11-15',   91.86 ,  35.4792,  2.97949,  23.9717,  18.0898],
['2014-11-16',   91.86 ,  35.4792,  3.02832,  24.1289,  17.8848],
['2014-11-17',   91.86 ,  35.4792,  2.96289,  24.458,  17.6611],
['2014-11-18',   91.86 ,  35.4792,  2.98145,  24.3916,  17.7139],
['2014-11-19',   91.86 ,  35.4792,  2.97656,  23.6885,  18.4209],
['2014-11-20',   91.86 ,  35.4792,  2.98438,  23.5273,  18.583],
['2014-11-21',   91.86 ,  35.4792,  2.99609,  23.3994,  18.707],
['2014-11-22',   91.86 ,  35.4792,  3.00488,  23.6211,  18.4834],
['2014-11-23',   91.86 ,  35.4792,  3.03516,  23.6621,  18.4102],
['2014-11-24',   91.86 ,  35.4792,  3,  23.709,  18.3936],
['2014-11-25',   91.86 ,  35.4792,  2.99805,  23.9014,  18.2266],
['2014-11-26',   91.86 ,  35.4792,  3.00391,  24.1484,  17.9902],
['2014-11-27',   91.86 ,  35.4792,  3.02637,  24.1748,  17.9512],
['2014-11-28',   91.86 ,  35.4792,  3.07129,  24.0156,  18.0742],
['2014-11-29',   91.86 ,  35.4792,  3.03516,  24.1045,  18.0156],
['2014-11-30',   91.86 ,  35.4792,  3.12988,  23.917,  18.1094],
['2014-12-01',   91.86 ,  35.4792,  3.00195,  24.0059,  18.1504],
['2014-12-02',   91.86 ,  35.4792,  3.00391,  23.8438,  18.3516],
['2014-12-03',   91.86 ,  35.4792,  2.98633,  23.8623,  18.3496],
['2014-12-04',   91.86 ,  35.1277,  2.9707,  24.0225,  18.3115],
['2014-12-05',   91.86 ,  35.1277,  2.98145,  24.208,  18.1484],
['2014-12-06',   91.86 ,  34.5675,  2.99219,  24.2646,  18.0879],
['2014-12-07',   91.86 ,  34.5675,  3.07422,  24.1221,  18.1445],
['2014-12-08',   91.86 ,  34.5675,  3.08594,  24.2666,  18.2725],
['2014-12-09',   91.86 ,  33.843,  3.0791,  24.3027,  18.2959],
['2014-12-10',   91.86 ,  33.843,  3.07812,  24.0547,  18.5557],
['2014-12-11',   91.86 ,  33.843,  2.99902,  24.2549,  18.4756],
['2014-12-12',   91.86 ,  33.7114,  3.00488,  24.6055,  18.2217],
['2014-12-13',   91.86 ,  33.5137,  3.02148,  24.7168,  18.166],
['2014-12-14',   91.86 ,  33.5137,  3.0459,  24.4209,  18.5156],
['2014-12-15',   91.86 ,  33.5137,  2.9707,  24.3691,  18.375],
['2014-12-16',   91.86 ,  33.5137,  2.97754,  24.498,  18.2627],
['2014-12-17',   91.86 ,  33.5137,  2.98535,  24.6152,  18.4219],
['2014-12-18',   91.86 ,  33.5137,  2.99023,  24.2998,  18.7383],
['2014-12-19',   117.42 ,  59.0737,  3.27832,  24.376,  18.3145],
['2014-12-20',   117.42 ,  59.6335,  3.5957,  26.3818,  15.9961],
['2014-12-21',   117.42 ,  59.6335,  3.70703,  28.9053,  13.3623],
['2014-12-22',   117.42 ,  59.6335,  3.85547,  31.0234,  11.0918],
['2014-12-23',   117.42 ,  59.6335,  3.90039,  31.5684,  10.5],
['2014-12-24',   117.42 ,  59.6335,  3.9248,  30.832,  11.2432],
['2014-12-25',   117.42 ,  59.6335,  3.9541,  29.2686,  12.7783],
['2014-12-26',   117.42 ,  59.6335,  3.99023,  28.0576,  13.9492],
['2014-12-27',   117.42 ,  59.6335,  4.01172,  26.79,  15.1973],
['2014-12-28',   117.42 ,  59.6335,  4.00488,  25.3281,  16.666],
['2014-12-29',   117.42 ,  59.6335,  4.01855,  24.8135,  17.168],
['2014-12-30',   117.42 ,  59.6335,  4.0166,  24.9541,  17.0254],
['2014-12-31',   117.42 ,  59.6335,  4.02148,  24.8164,  17.1787],
['2015-01-01',   117.42 ,  59.6335,  4.03809,  24.9658,  17.0186],
['2015-01-02',   117.42 ,  59.6335,  4.05273,  25.3574,  16.6494],
['2015-01-03',   117.42 ,  59.6335,  4.06641,  25.2314,  16.7588],
['2015-01-04',   117.42 ,  59.6335,  4.07812,  24.9297,  17.0664],
['2015-01-05',   117.42 ,  59.6335,  4.09082,  25.4717,  16.5264],
['2015-01-06',   117.42 ,  59.6335,  4.06641,  25.1338,  16.9062],
['2015-01-07',   117.42 ,  59.6335,  4.04199,  25.1006,  16.9609],
['2015-01-08',   117.42 ,  59.6335,  4.04883,  25.4834,  16.5889],
['2015-01-09',   117.42 ,  59.6335,  4.05469,  25.8477,  16.2256],
['2015-01-10',   117.42 ,  59.6335,  4.04785,  26.0059,  16.0742],
['2015-01-11',   117.42 ,  59.6335,  4.02832,  25.6328,  16.4648],
['2015-01-12',   117.42 ,  59.6335,  4.03125,  25.5303,  16.5801],
['2015-01-13',   117.42 ,  59.6335,  4.02832,  25.6631,  16.4707],
['2015-01-14',   117.42 ,  59.6335,  4.02637,  25.4111,  16.7256],
['2015-01-15',   117.42 ,  59.6335,  4.03027,  25.1699,  16.96],
['2015-01-16',   117.42 ,  59.6335,  4.02637,  25.2598,  16.8975],
['2015-01-17',   117.42 ,  59.6335,  4.03125,  25.5537,  16.6006],
['2015-01-18',   117.42 ,  59.6335,  4.03809,  25.4111,  16.7383],
['2015-01-19',   117.42 ,  59.6335,  4.03516,  25.5029,  16.6641],
['2015-01-20',   117.42 ,  59.6335,  4.02148,  25.4941,  16.6855],
['2015-01-21',   117.42 ,  58.5796,  4.0293,  25.4932,  16.6836],
['2015-01-22',   117.42 ,  58.5796,  4.03613,  25.4141,  16.752],
['2015-01-23',   117.42 ,  58.5796,  4.03809,  25.3965,  16.7754],
['2015-01-24',   117.42 ,  58.5796,  4.04395,  25.459,  16.7178],
['2015-01-25',   117.42 ,  58.5796,  4.03906,  25.5713,  16.6191],
['2015-01-26',   117.42 ,  58.5796,  4.01465,  26.0049,  16.2119],
['2015-01-27',   117.42 ,  58.5796,  4.01758,  26.2412,  16.0059],
['2015-01-28',   117.42 ,  46.4218,  4.00391,  25.9902,  16.3711],
['2015-01-29',   117.42 ,  46.4218,  4.00684,  25.2881,  17.0732],
['2015-01-30',   117.42 ,  46.4218,  4.00684,  35.084,  17.6924],
['2015-01-31',   117.42 ,  46.4218,  4.0127,  35.3506,  17.4834],
['2015-02-01',   117.42 ,  46.4218,  4.10547,  35.3467,  17.3916],
['2015-02-02',   117.42 ,  46.4218,  4.14062,  34.4854,  18.2607],
['2015-02-03',   117.42 ,  46.323,  4.09766,  33.8701,  18.9766],
['2015-02-04',   117.42 ,  46.323,  4.1416,  33.0254,  19.791],
['2015-02-05',   117.42 ,  46.323,  4.1377,  30.8887,  21.9453],
['2015-02-06',   117.42 ,  46.323,  4.13184,  29.4531,  23.416],
['2015-02-07',   117.42 ,  45.8619,  4.10742,  29.7334,  23.1592],
['2015-02-08',   117.42 ,  45.8619,  4.08301,  29.418,  23.499],
['2015-02-09',   117.42 ,  45.8619,  4.06055,  29.7344,  23.249],
['2015-02-10',   117.42 ,  45.7632,  4.05664,  31.1992,  21.79],
['2015-02-11',   117.42 ,  45.7632,  4.06738,  30.0576,  22.9414],
['2015-02-12',   117.42 ,  45.7632,  4.05371,  29.4258,  23.5996],
['2015-02-13',   117.42 ,  44.7866,  4.04883,  28.6143,  24.417],
['2015-02-14',   117.42 ,  44.6549,  4.06055,  26.6406,  26.3945],
['2015-02-15',   117.42 ,  44.6549,  4.08301,  25.6367,  27.376],
['2015-02-16',   117.42 ,  44.6549,  4.06738,  26.1182,  27],
['2015-02-17',   117.42 ,  44.556,  4.05273,  25.7734,  27.3613],
['2015-02-18',   117.42 ,  44.556,  4.04492,  25.9004,  27.248],
['2015-02-19',   117.42 ,  44.6878,  4,  25.9678,  27.2344],
['2015-02-20',   117.42 ,  44.6878,  4.01465,  26.3789,  26.8057],
['2015-02-21',   117.42 ,  44.6878,  4.03516,  26.7441,  26.4248],
['2015-02-22',   117.42 ,  44.6878,  4.01953,  26.6914,  26.5127],
['2015-02-23',   117.42 ,  43.5018,  3.99316,  26.1592,  27.0684],
['2015-02-24',   117.42 ,  43.5018,  3.98535,  26.3154,  27.0625],
['2015-02-25',   117.42 ,  43.5018,  4.01465,  26.3027,  26.9805],
['2015-02-26',   117.42 ,  43.4689,  3.99414,  26.3926,  27.0361],
['2015-02-27',   117.42 ,  43.4031,  3.97559,  26.7793,  26.6924],
['2015-02-28',   117.42 ,  43.4031,  3.99414,  27.5889,  25.9189],
['2015-03-01',   117.42 ,  43.4031,  4.05664,  29.6221,  23.8516],
['2015-03-02',   117.42 ,  43.4031,  4.0752,  30.8623,  22.6152],
['2015-03-03',   117.42 ,  43.4031,  4.01562,  31.7627,  21.8018],
['2015-03-04',   117.42 ,  43.4031,  4.0127,  32.1182,  21.5781],
['2015-03-05',   117.42 ,  43.4031,  4.02148,  31.6387,  22.1465],
['2015-03-06',   117.42 ,  42.6609,  4.01758,  31.1768,  22.9463],
['2015-03-07',   117.42 ,  41.8797,  4.04004,  29.7803,  24.3389],
['2015-03-08',   117.42 ,  41.8797,  4.08789,  28.4121,  25.665],
['2015-03-09',   117.42 ,  41.8797,  4.07324,  27.6797,  26.3115],
['2015-03-10',   117.42 ,  42.2703,  4.05176,  27.2197,  27.1895],
['2015-03-11',   117.42 ,  42.2703,  4.04395,  26.9541,  27.4707],
['2015-03-12',   117.42 ,  42.2703,  4.04102,  26.96,  27.5],
['2015-03-13',   117.42 ,  42.2703,  4.03516,  26.7441,  27.7197],
['2015-03-14',   117.42 ,  42.2703,  4.03809,  26.916,  27.5488],
['2015-03-15',   117.42 ,  42.2703,  4.05273,  27.9307,  26.5176],
['2015-03-16',   117.42 ,  42.2703,  4.03613,  28.8955,  25.5693],
['2015-03-17',   117.42 ,  42.2703,  4.02441,  30.3359,  24.2031],
['2015-03-18',   117.42 ,  42.2703,  3.99902,  31.6621,  22.9023],
['2015-03-19',   117.42 ,  41.0185,  3.99219,  31.376,  23.208],
['2015-03-20',   117.42 ,  40.788,  3.99121,  30.9092,  23.7148],
['2015-03-21',   117.42 ,  40.788,  4.01758,  30.2793,  24.3564],
['2015-03-22',   117.42 ,  40.788,  4.05664,  29.5352,  25.0664],
['2015-03-23',   117.42 ,  40.788,  4.04688,  28.167,  26.4785],
['2015-03-24',   117.42 ,  40.788,  4.03516,  27.29,  27.3682],
['2015-03-25',   117.42 ,  40.788,  4.02148,  26.3652,  28.3105],
['2015-03-26',   117.42 ,  40.788,  4.01074,  25.8799,  28.8271],
['2015-03-27',   117.42 ,  40.788,  4.01367,  25.8223,  28.9043],
['2015-03-28',   117.42 ,  40.788,  4.02637,  25.8311,  28.8945],
['2015-03-29',   117.42 ,  40.788,  4.09277,  25.998,  28.7061],
['2015-03-30',   117.42 ,  40.788,  4.04297,  26.4131,  28.3379],
['2015-03-31',   117.42 ,  40.788,  4.04102,  26.5137,  28.2646],
['2015-04-01',   117.42 ,  40.261,  4.02539,  26.8652,  27.9541],
['2015-04-02',   117.42 ,  40.261,  4.0293,  26.6221,  28.2188],
['2015-04-03',   117.42 ,  40.261,  4.03125,  26.499,  28.3604],
['2015-04-04',   117.42 ,  40.261,  4.0459,  26.4824,  28.376],
['2015-04-05',   117.42 ,  40.261,  4.07129,  26.5771,  28.2988],
['2015-04-06',   117.42 ,  39.1739,  4.05176,  27.1201,  28.5186],
['2015-04-07',   117.42 ,  38.6139,  4.0293,  27.3145,  28.6191],
['2015-04-08',   117.42 ,  36.0774,  4.00293,  28.4346,  28.5107],
['2015-04-09',   117.42 ,  35.748,  3.98438,  28.4834,  28.5107],
['2015-04-10',   117.42 ,  35.7809,  3.97461,  28.1895,  28.8301],
['2015-04-11',   117.42 ,  35.7809,  4.00098,  27.9609,  29.0303],
['2015-04-12',   117.42 ,  35.7809,  4.02832,  27.6582,  29.3057],
['2015-04-13',   117.42 ,  35.6821,  4,  27.5283,  29.4844],
['2015-04-14',   117.42 ,  35.4846,  3.99707,  27.1035,  29.9814],
['2015-04-15',   117.42 ,  35.4846,  3.99512,  27.2432,  29.9131],
['2015-04-16',   117.42 ,  34.1999,  4.03711,  27.3164,  29.8086],
['2015-04-17',   117.42 ,  34.1999,  4.04688,  27.457,  29.6826],
['2015-04-18',   117.42 ,  34.1999,  4.04492,  27.5791,  29.6035],
['2015-04-19',   117.42 ,  34.1999,  4.03809,  27.666,  29.5342],
['2015-04-20',   117.42 ,  34.1999,  4.01562,  27.6797,  29.5762],
['2015-04-21',   117.42 ,  34.1999,  4.04688,  27.7285,  29.543],
['2015-04-22',   117.42 ,  34.1999,  4.00195,  27.832,  29.4844],
['2015-04-23',   117.42 ,  34.1999,  4.00977,  27.6943,  29.248],
['2015-04-24',   117.42 ,  34.9811,  4.00684,  27.5479,  29.4424],
['2015-04-25',   117.42 ,  33.3341,  4.02246,  29.0625,  29.5049],
['2015-04-26',   117.42 ,  33.3341,  4.03516,  29.209,  29.3701],
['2015-04-27',   117.42 ,  33.3341,  4.00391,  29.2207,  29.4072],
['2015-04-28',   117.42 ,  33.3341,  3.99902,  29.1514,  29.4873],
['2015-04-29',   117.42 ,  33.3341,  3.99902,  29.0098,  29.6357],
['2015-04-30',   117.42 ,  33.3341,  3.99902,  28.4199,  30.2285],
['2015-05-01',   117.42 ,  32.5436,  3.9873,  27.9014,  30.8047],
['2015-05-02',   117.42 ,  31.7532,  4.00684,  27.4014,  31.291],
['2015-05-03',   117.42 ,  31.7532,  4.09473,  26.7764,  31.8311],
['2015-05-04',   117.42 ,  31.7532,  4.08301,  26.8506,  31.834],
['2015-05-05',   117.42 ,  31.7532,  4.09082,  26.748,  31.9648],
['2015-05-06',   117.42 ,  31.7532,  4.0625,  26.8281,  31.9492],
['2015-05-07',   117.42 ,  31.7532,  4.02344,  27.083,  31.7666],
['2015-05-08',   117.42 ,  31.5188,  4.0166,  28.3525,  31.3574],
['2015-05-09',   117.42 ,  30.4646,  4.0293,  28.459,  31.2393],
['2015-05-10',   117.42 ,  30.4646,  4.04297,  28.3896,  31.2939],
['2015-05-11',   117.42 ,  30.4646,  4.00684,  28.1875,  31.6094],
['2015-05-12',   117.42 ,  30.4646,  4.00391,  27.8154,  32.0098],
['2015-05-13',   117.42 ,  30.3988,  3.97559,  27.3047,  31.8271],
['2015-05-14',   117.42 ,  29.5757,  3.97852,  27.1504,  32.0371],
['2015-05-15',   117.42 ,  27.5991,  3.98535,  27.0547,  32.1885],
['2015-05-16',   117.42 ,  27.3356,  3.99219,  27.0625,  32.2031],
['2015-05-17',   117.42 ,  27.3356,  4.03125,  27.3281,  31.9072],
['2015-05-18',   117.42 ,  27.3356,  3.99609,  27.3076,  31.999],
['2015-05-19',   117.42 ,  27.3356,  3.9873,  27.5605,  31.8096],
['2015-05-20',   117.42 ,  27.3356,  3.99609,  27.7686,  31.6426],
['2015-05-21',   117.42 ,  27.3356,  3.98633,  27.8613,  31.5889],
['2015-05-22',   117.42 ,  28.7192,  3.99121,  27.7295,  31.7197],
['2015-05-23',   117.42 ,  30.4981,  3.98926,  27.4014,  32.0488],
['2015-05-24',   117.42 ,  30.4981,  4.02344,  27.0205,  32.3994],
['2015-05-25',   117.42 ,  30.4981,  4.03516,  26.9922,  32.4404],
['2015-05-26',   117.42 ,  30.4981,  4.01074,  26.9756,  32.5205],
['2015-05-27',   117.42 ,  30.3005,  4.00879,  27.0117,  32.5674],
['2015-05-28',   117.42 ,  30.3005,  4.00293,  27.1299,  32.4863],
['2015-05-29',   117.42 ,  30.3005,  4.00391,  26.9824,  32.6367],
['2015-05-30',   117.42 ,  30.3005,  4.0127,  27.5869,  32.0459],
['2015-05-31',   117.42 ,  30.3005,  4.00879,  27.3818,  32.2793],
['2015-06-01',   117.42 ,  30.3005,  3.98926,  27.5332,  32.1885],
['2015-06-02',   117.42 ,  30.3005,  3.98828,  27.5693,  32.1738],
['2015-06-03',   117.42 ,  30.3005,  3.99023,  27.5439,  32.209],
['2015-06-04',   117.42 ,  30.3005,  4.00977,  27.4805,  32.2988],
['2015-06-05',   117.42 ,  30.3005,  4.00684,  27.499,  32.3008],
['2015-06-06',   117.42 ,  30.3005,  4.01953,  27.375,  32.416],
['2015-06-07',   117.42 ,  30.3005,  4.11816,  26.9912,  32.7002],
['2015-06-08',   117.42 ,  30.3005,  4.06738,  26.8096,  32.957],
['2015-06-09',   117.42 ,  30.3005,  4.04297,  26.4834,  33.3125],
['2015-06-10',   117.42 ,  30.3005,  4.05664,  26.6191,  33.2168],
['2015-06-11',   117.42 ,  30.3005,  4.0166,  26.7432,  33.1348],
['2015-06-12',   117.42 ,  30.3005,  3.99805,  27.21,  32.6895],
['2015-06-13',   117.42 ,  30.3005,  4.01758,  27.4092,  32.4707],
['2015-06-14',   117.42 ,  30.3005,  4.05371,  27.3115,  32.5273],
['2015-06-15',   117.42 ,  30.3005,  4.00879,  27.3252,  32.585],
['2015-06-16',   117.42 ,  30.3005,  3.9707,  27.2959,  32.6729],
['2015-06-17',   117.42 ,  30.3005,  3.98242,  27.04,  32.9395],
['2015-06-18',   117.42 ,  30.2676,  3.98145,  26.7129,  32.4414],
['2015-06-19',   117.42 ,  31.7167,  3.9873,  26.9893,  32.2041],
['2015-06-20',   117.42 ,  31.7167,  4.00879,  26.9893,  32.1807],
['2015-06-21',   117.42 ,  31.7167,  4.06055,  27.002,  32.1191],
['2015-06-22',   117.42 ,  31.7167,  4.0459,  27.3096,  31.8545],
['2015-06-23',   117.42 ,  31.7167,  4.02734,  27.1934,  32.001],
['2015-06-24',   117.42 ,  31.7167,  4.03027,  27.1982,  32.0605],
['2015-06-25',   117.42 ,  31.7167,  4.00488,  26.8662,  32.4238],
['2015-06-26',   117.42 ,  31.7167,  4,  26.459,  32.8486],
['2015-06-27',   117.42 ,  31.7167,  4.00781,  26.8604,  32.4561],
['2015-06-28',   117.42 ,  31.7167,  4.03516,  27.0107,  32.2803],
['2015-06-29',   117.42 ,  31.7167,  3.98242,  27.2578,  32.0801],
['2015-06-30',   117.42 ,  31.7167,  3.98242,  27.1963,  32.1807],
['2015-07-01',   117.42 ,  31.7167,  3.98242,  27.0557,  32.3555],
['2015-07-02',   117.42 ,  31.7167,  3.98633,  27.0039,  32.4473],
['2015-07-03',   117.42 ,  31.7167,  4.00195,  27.1582,  32.3096],
['2015-07-04',   117.42 ,  31.7167,  4.01855,  27.1924,  32.2646],
['2015-07-05',   117.42 ,  31.7167,  4.15039,  27.0996,  32.2236],
['2015-07-06',   117.42 ,  31.7167,  4.09375,  27.127,  32.2705],
['2015-07-07',   117.42 ,  31.3651,  4.02051,  27.001,  32.4902],
['2015-07-08',   117.42 ,  29.5862,  4.0166,  26.7666,  32.751],
['2015-07-09',   117.42 ,  29.5862,  3.9873,  26.8682,  32.6768],
['2015-07-10',   117.42 ,  29.5862,  3.99414,  27.2002,  32.3633],
['2015-07-11',   117.42 ,  29.5862,  4.00684,  27.3389,  32.21],
['2015-07-12',   117.42 ,  29.5862,  4.04785,  27.4639,  32.0469],
['2015-07-13',   117.42 ,  29.5862,  4.02246,  27.6943,  31.8828],
['2015-07-14',   117.42 ,  29.5862,  3.96777,  27.6465,  32.0098],
['2015-07-15',   117.42 ,  29.5862,  3.95605,  27.5547,  32.1572],
['2015-07-16',   117.42 ,  29.5862,  3.97754,  27.4199,  32.2861],
['2015-07-17',   117.42 ,  29.5862,  3.97461,  27.376,  32.334],
['2015-07-18',   117.42 ,  29.5862,  4.00586,  27.6602,  32.0146],
['2015-07-19',   117.42 ,  29.5862,  4.05469,  27.4072,  32.2188],
['2015-07-20',   117.42 ,  29.5862,  3.99707,  27.4697,  32.2383],
['2015-07-21',   117.42 ,  29.5862,  4.00293,  27.5156,  32.208],
['2015-07-22',   117.42 ,  29.5862,  3.99512,  27.624,  32.2461],
['2015-07-23',   117.42 ,  29.5862,  3.99902,  27.7881,  32.1172],
['2015-07-24',   117.42 ,  29.5862,  3.99609,  28.0225,  31.9238],
['2015-07-25',   117.42 ,  29.4545,  4.02051,  28.1123,  31.8115],
['2015-07-26',   117.42 ,  29.4545,  4.03906,  27.4795,  32.4297],
['2015-07-27',   117.42 ,  29.4545,  4.00195,  27.2979,  32.6475],
['2015-07-28',   117.42 ,  29.4545,  4.01562,  26.8311,  33.1094],
['2015-07-29',   117.42 ,  31.0357,  4.01074,  26.9336,  33.042],
['2015-07-30',   117.42 ,  31.0357,  3.99512,  26.9893,  33.0518],
['2015-07-31',   117.42 ,  31.0357,  3.98535,  27.5195,  32.5703],
['2015-08-01',   117.42 ,  31.0357,  4.00586,  27.6865,  32.3887],
['2015-08-02',   117.42 ,  31.0357,  4.05176,  27.6504,  32.375],
['2015-08-03',   117.42 ,  31.0357,  3.9668,  27.5518,  32.5791],
['2015-08-04',   117.42 ,  31.0357,  3.95508,  27.5088,  32.7959],
['2015-08-05',   117.42 ,  31.0357,  3.96973,  27.1797,  32.1914],
['2015-08-06',   117.42 ,  32.1228,  3.98438,  27.1729,  32.124],
['2015-08-07',   117.42 ,  32.5509,  3.9873,  27.2871,  32.0537],
['2015-08-08',   117.42 ,  32.5509,  4.00879,  27.3643,  31.9668],
['2015-08-09',   117.42 ,  32.5509,  4.01367,  27.249,  32.084],
['2015-08-10',   117.42 ,  32.5509,  3.97754,  27.0459,  32.3301],
['2015-08-11',   117.42 ,  32.5509,  3.96777,  27.1113,  32.2891],
['2015-08-12',   117.42 ,  32.5509,  3.97559,  26.9102,  32.501],
['2015-08-13',   117.42 ,  32.5509,  3.98438,  26.9346,  32.5137],
['2015-08-14',   117.42 ,  32.5509,  3.98145,  27.1162,  32.4043],
['2015-08-15',   117.42 ,  32.5509,  3.99219,  27.2568,  32.251],
['2015-08-16',   117.42 ,  32.5509,  4.01367,  27.0498,  32.4434],
['2015-08-17',   117.42 ,  32.5509,  3.98145,  27.1562,  32.4004],
['2015-09-01',   117.42 ,  32.2544,  3.98633,  27.3906,  32.4189],
['2015-09-02',   117.42 ,  32.2544,  3.99805,  27.3057,  32.5127],
['2015-09-03',   117.42 ,  32.2544,  4.00391,  27.0928,  32.7227],
['2015-09-04',   117.42 ,  32.2544,  4.00977,  27.25,  32.5674],
['2015-09-05',   117.42 ,  32.2544,  3.99219,  27.3105,  32.5332],
['2015-09-06',   117.42 ,  32.2544,  4.02832,  27.4512,  32.3545],
['2015-09-07',   117.42 ,  31.5513,  4.02441,  27.623,  32.1895],
['2015-09-08',   117.42 ,  31.5513,  3.96875,  27.7178,  32.1494],
['2015-09-09',   117.42 ,  31.5513,  3.9707,  27.3867,  32.5312],
['2015-09-10',   117.42 ,  30.6627,  3.97363,  27.1475,  32.7744],
['2015-09-11',   117.42 ,  30.6627,  3.98047,  27.7158,  32.5088],
['2015-09-12',   117.42 ,  30.6627,  3.98047,  27.6729,  32.5537],
['2015-09-13',   117.42 ,  30.6627,  3.99512,  27.958,  32.3975],
['2015-09-14',   117.42 ,  30.6627,  4.01758,  28.2354,  32.4824],
['2015-09-15',   117.42 ,  30.6627,  4.07812,  27.9922,  32.7217],
['2015-09-16',   117.42 ,  30.6627,  4.08789,  27.5439,  32.3066],
['2015-09-17',   117.42 ,  30.893,  4.03516,  27.4414,  32.5107],
['2015-09-18',   117.42 ,  31.2874,  4.01074,  27.666,  32.3135],
['2015-09-19',   117.42 ,  31.2874,  4.0127,  27.7188,  32.2676],
['2015-09-20',   117.42 ,  31.2874,  4.02637,  27.8623,  32.1113],
['2015-09-21',   117.42 ,  31.2874,  3.98926,  27.9541,  32.1133],
['2015-09-22',   117.42 ,  31.2874,  3.98438,  28.0049,  32.0771],
['2015-09-23',   117.42 ,  31.2874,  3.99121,  27.7754,  32.3232],
['2015-09-24',   117.42 ,  31.2874,  3.98438,  27.6006,  32.5771],
['2015-09-25',   117.42 ,  31.2874,  3.99121,  27.8545,  32.3516],
['2015-09-26',   117.42 ,  31.2874,  4.00684,  27.7666,  32.4268],
['2015-09-27',   117.42 ,  31.2874,  4.01465,  27.7695,  32.418],
['2015-09-28',   117.42 ,  31.2874,  3.98633,  28.1348,  32.0977],
['2015-09-29',   117.42 ,  31.2874,  3.97266,  27.9424,  32.3076],
['2015-09-30',   117.42 ,  31.2874,  3.9873,  27.7295,  32.5195],
['2015-10-01',   117.42 ,  31.2874,  3.99707,  28.2822,  32.3486],
['2015-10-02',   117.42 ,  31.2874,  4.00781,  28.4434,  32.2012],
['2015-10-03',   117.42 ,  31.2874,  4.01465,  28.5605,  32.0811],
['2015-10-04',   117.42 ,  31.2874,  4.01465,  28.7139,  31.9326],
['2015-10-05',   117.42 ,  31.2874,  3.99805,  28.7246,  31.9639],
['2015-10-06',   117.42 ,  31.2874,  3.99316,  28.4346,  32.2705],
['2015-10-07',   117.42 ,  31.2874,  3.98145,  28.416,  32.3115],
['2015-10-08',   117.42 ,  31.2874,  3.97852,  28.3691,  32.416],
['2015-10-09',   117.42 ,  31.2874,  3.98438,  28.1025,  32.6914],
['2015-10-10',   117.42 ,  31.2874,  3.99316,  28.3037,  32.4873],
['2015-10-11',   117.42 ,  31.2874,  4.05762,  28.3193,  32.4141],
['2015-10-12',   117.42 ,  31.0897,  3.97461,  28.7344,  32.0928],
['2015-10-13',   117.42 ,  31.0897,  3.99316,  28.5938,  32.2529],
['2015-10-14',   117.42 ,  31.0897,  4.05957,  28.3525,  32.4492],
['2015-10-15',   117.42 ,  30.1014,  4.04785,  27.9268,  32.9209],
['2015-10-16',   117.42 ,  30.1014,  4.00977,  27.8213,  33.1006],
['2015-10-17',   117.42 ,  29.5415,  4.02734,  27.8496,  33.0713],
['2015-10-18',   117.42 ,  29.5415,  4.10156,  27.7324,  33.1201],
['2015-10-19',   117.42 ,  29.5415,  3.99609,  27.8369,  33.1758],
['2015-10-20',   117.42 ,  29.5415,  4.00488,  27.8232,  33.1895],
['2015-10-21',   117.42 ,  29.5415,  3.99316,  28.0049,  33.0273],
['2015-10-22',   117.42 ,  29.5415,  3.97168,  28.2305,  32.8818],
['2015-10-23',   117.42 ,  29.5415,  3.99023,  28.3066,  32.8047],
['2015-10-24',   117.42 ,  29.5415,  4.00977,  28.2539,  32.8428],
['2015-10-25',   117.42 ,  29.5415,  4.0498,  28.3672,  32.7002],
['2015-10-26',   117.42 ,  29.5415,  3.99316,  28.418,  32.7197],
['2015-10-27',   117.42 ,  29.5415,  3.97461,  28.082,  33.0781],
['2015-10-28',   117.42 ,  29.5415,  3.97266,  27.6992,  33.5029],
['2015-10-29',   117.42 ,  29.2451,  3.98633,  27.6738,  33.5371],
['2015-10-30',   117.42 ,  29.2451,  3.99023,  27.835,  33.3809],
['2015-10-31',   117.42 ,  29.2451,  4.00195,  28.0205,  33.1953],
['2015-11-01',   117.42 ,  29.2451,  4.11816,  28.167,  32.9697],
['2015-11-02',   117.42 ,  29.2451,  4.05078,  28.335,  32.9434],
['2015-11-03',   117.42 ,  29.2451,  4.00781,  28.4482,  32.8945],
['2015-11-04',   117.42 ,  29.2451,  4.02539,  28.1777,  33.1777],
['2015-11-05',   117.42 ,  28.6523,  4.00879,  27.9697,  33.418],
['2015-11-06',   117.42 ,  28.5536,  4.01465,  29.0781,  32.3975],
['2015-11-07',   117.42 ,  28.5536,  4.03418,  29.4766,  31.9834],
['2015-11-08',   117.42 ,  28.5536,  4.0918,  29.6162,  31.7871],
['2015-11-09',   117.42 ,  28.5536,  4.04395,  29.8936,  31.6367],
['2015-11-14',   117.42 ,  28.3559,  4.01953,  28.125,  33.5371],
['2015-11-15',   117.42 ,  28.3559,  4.17188,  28.7393,  33.75],
['2015-11-16',   117.42 ,  28.3559,  4.10645,  29.1904,  33.4551],
['2015-11-17',   117.42 ,  28.3559,  4.06543,  29.3633,  33.3271],
['2015-11-18',   117.42 ,  28.3559,  4.03613,  29.6836,  33.0518],
['2015-11-19',   117.42 ,  28.3559,  4.02832,  29.9326,  32.8516],
['2015-11-20',   117.42 ,  28.3559,  4.00781,  29.7617,  33.1201],
['2015-11-21',   117.42 ,  28.3559,  4.00195,  29.4521,  33.4893],
['2015-11-22',   117.42 ,  28.3559,  4.06641,  28.8877,  34.1436],
['2015-11-23',   117.42 ,  28.1583,  4.01758,  28.7363,  34.4268],
['2015-11-24',   117.42 ,  28.1583,  4.0498,  28.4619,  34.6855],
['2015-11-25',   117.42 ,  28.1583,  4.04004,  28.6035,  34.5518],
['2015-11-26',   117.42 ,  28.1583,  4.09082,  28.6865,  34.4395],
['2015-11-27',   117.42 ,  28.1583,  4.11719,  28.8877,  34.292],
['2015-11-28',   117.42 ,  28.1583,  4.08887,  29.0781,  34.1279],
['2015-11-29',   117.42 ,  28.1583,  4.20801,  28.9717,  34.123],
['2015-11-30',   117.42 ,  28.1583,  4.14453,  28.4424,  34.7148],
['2015-12-01',   117.42 ,  28.1583,  4.07617,  28.0576,  35.1758],
['2015-12-02',   117.42 ,  28.1583,  3.89062,  26.9873,  35.6289],
['2015-12-03',   117.42 ,  28.1583,  3.88184,  26.4277,  36.208],
['2015-12-04',   117.42 ,  27.1817,  3.86035,  26.5186,  36.1924],
['2015-12-05',   117.42 ,  27.1817,  3.86621,  25.9189,  36.8008],
['2015-12-06',   117.42 ,  27.1817,  3.93164,  26.083,  36.6445],
['2015-12-07',   117.42 ,  27.1817,  3.90527,  26.6172,  35.1045],
['2015-12-08',   117.42 ,  29.7174,  3.94629,  26.7314,  34.9629],
['2015-12-09',   117.42 ,  29.483,  3.98242,  26.6992,  34.9688],
['2015-12-10',   117.42 ,  29.483,  3.98047,  26.5166,  35.1533],
['2015-12-11',   117.42 ,  29.1207,  4.06055,  26.5264,  35.1621],
['2015-12-12',   117.42 ,  28.8242,  4.09082,  26.54,  35.1172],
['2015-12-13',   117.42 ,  28.8242,  4.08887,  26.9863,  35.3232],
['2015-12-14',   117.42 ,  28.4289,  4.02637,  26.6279,  35.3857],
['2015-12-15',   117.42 ,  28.4289,  4.01953,  26.8281,  35.1924],
['2015-12-16',   117.42 ,  28.4289,  4.21094,  27.0146,  34.8369],
['2015-12-17',   117.42 ,  28.4289,  4.13965,  27.0918,  34.8652],
['2015-12-18',   117.42 ,  28.4289,  4.13672,  26.9639,  34.9932],
['2015-12-19',   117.42 ,  28.4289,  4.13574,  27.0059,  34.9551],
['2015-12-20',   117.42 ,  28.4289,  4.13672,  26.832,  35.1387],
['2015-12-21',   117.42 ,  28.4289,  4.09473,  27.3418,  34.6699],
['2015-12-22',   117.42 ,  28.4289,  4.05859,  28.3037,  33.7656],
['2015-12-23',   117.42 ,  28.4289,  4.02832,  28.8809,  33.2217],
['2015-12-24',   117.42 ,  28.4289,  4.02441,  29.6748,  32.4326],
['2015-12-25',   117.42 ,  28.4289,  3.99805,  30.2861,  31.8447],
['2015-12-26',   117.42 ,  28.4289,  4.03223,  29.6172,  32.4766],
['2015-12-27',   117.42 ,  28.4289,  4.03027,  29.1641,  32.9355],
['2015-12-28',   117.42 ,  28.4289,  4.125,  28.2158,  33.8018],
['2015-12-29',   117.42 ,  28.4289,  4.08008,  26.9102,  35.1602],
['2015-12-30',   117.42 ,  28.4289,  4.10742,  26.2266,  35.8154],
['2015-12-31',   117.42 ,  28.4289,  4.06543,  25.5645,  36.5176],
['2016-01-01',   117.42 ,  28.4289,  4.05566,  24.4883,  37.6084],
['2016-01-02',   117.42 ,  28.4289,  4.04395,  24.2998,  37.8066],
['2016-01-03',   117.42 ,  28.4289,  4.02832,  24.6172,  37.6064],
['2016-01-04',   117.42 ,  28.4289,  3.97168,  24.8955,  37.4141],
['2016-01-05',   117.42 ,  28.3301,  3.94043,  26.2373,  36.2344],
['2016-01-06',   117.42 ,  27.8689,  3.95605,  27.2324,  35.3721],
['2016-01-07',   117.42 ,  27.8689,  3.96387,  28.3955,  34.2285],
['2016-01-08',   117.42 ,  27.8689,  3.99316,  28.6865,  33.9111],
['2016-01-09',   117.42 ,  27.8689,  4.03027,  28.5117,  34.0449],
['2016-01-10',   117.42 ,  27.8689,  4.04688,  27.9502,  34.6836],
['2016-01-11',   117.42 ,  27.7701,  4.01758,  27.3994,  35.2666],
['2016-01-12',   117.42 ,  27.7701,  3.98535,  26.6553,  36.0449],
['2016-01-13',   117.42 ,  27.7701,  3.97949,  26.1104,  36.6045],
['2016-01-14',   117.42 ,  27.7701,  3.9707,  25.2383,  37.4951],
['2016-01-15',   117.42 ,  27.7701,  3.95898,  25.3887,  37.3711],
['2016-01-16',   117.42 ,  27.7701,  3.95801,  25.1523,  37.6143],
['2016-01-17',   117.42 ,  27.7701,  3.97266,  25.2803,  37.4678],
['2016-01-18',   117.42 ,  27.7701,  3.9502,  25.5479,  37.25],
['2016-01-19',   117.42 ,  27.7701,  3.94727,  25.502,  37.2969],
['2016-01-20',   117.42 ,  27.7701,  3.94434,  25.4727,  37.3525],
['2016-01-21',   117.42 ,  27.7701,  3.92871,  25.376,  37.4717],
['2016-01-22',   117.42 ,  27.7701,  3.93262,  25.0049,  37.8525],
['2016-01-23',   117.42 ,  27.7701,  3.92383,  25.0098,  37.8467],
['2016-01-24',   117.42 ,  27.7701,  4.0332,  25.2246,  37.5293],
['2016-01-25',   117.42 ,  27.7701,  4.04199,  25.2998,  37.4824],
['2016-01-26',   117.42 ,  27.7701,  4.03418,  25.2793,  37.5127],
['2016-01-27',   117.42 ,  27.7701,  3.98828,  25.0986,  37.791],
['2016-01-28',   117.42 ,  27.7701,  3.97754,  24.8965,  38.0859],
['2016-01-29',   117.42 ,  27.7701,  3.97559,  24.873,  38.1709],
['2016-01-30',   117.42 ,  27.7701,  3.93652,  24.9805,  38.1006],
['2016-01-31',   117.42 ,  27.5724,  3.95117,  24.8242,  38.29],
['2016-02-01',   117.42 ,  27.5724,  3.94434,  24.9951,  38.2188],
['2016-02-02',   117.42 ,  27.5724,  3.9502,  22.9756,  27.9951],
['2016-02-03',   117.42 ,  40.6974,  3.96289,  22.8682,  28.0947],
['2016-02-04',   117.42 ,  40.6974,  3.95605,  22.7832,  28.1943],
['2016-02-05',   117.42 ,  40.6974,  3.94824,  22.8486,  26.5293],
['2016-02-06',   117.42 ,  42.641,  3.94238,  23.0254,  26.3945],
['2016-02-07',   117.42 ,  42.641,  4.03418,  23.2471,  26.1533],
['2016-02-08',   117.42 ,  42.641,  3.97754,  23.207,  26.2871],
['2016-02-09',   117.42 ,  42.6081,  3.9541,  23.0098,  26.5156],
['2016-02-10',   117.42 ,  42.6081,  3.94922,  22.6445,  26.8955],
['2016-02-11',   117.42 ,  42.3116,  3.94336,  22.709,  26.8486],
['2016-02-12',   117.42 ,  42.3116,  3.94141,  23.0488,  26.5586],
['2016-02-13',   117.42 ,  42.3116,  3.94434,  23.2148,  26.3857],
['2016-02-14',   117.42 ,  42.3116,  3.93066,  23.6973,  26.0029],
['2016-02-15',   117.42 ,  42.3116,  3.95898,  23.3291,  15.9561],
['2016-02-16',   117.42 ,  53.6788,  3.94922,  23.2588,  16.0479],
['2016-02-17',   117.42 ,  53.2835,  3.96094,  23.3125,  16.1797],
['2016-02-18',   117.42 ,  39.7835,  3.96973,  22.9463,  16.5391],
['2016-02-19',   117.42 ,  39.7835,  3.96094,  24.9912,  16.7129],
['2016-02-20',   117.42 ,  39.7835,  3.94531,  33.2734,  16.5234],
['2016-02-21',   117.42 ,  39.7835,  3.91016,  35.0957,  16.877],
['2016-02-22',   117.42 ,  39.7835,  3.83887,  36.1807,  15.918],
['2016-02-23',   117.42 ,  39.7835,  3.79297,  35.9248,  16.2383],
['2016-02-24',   117.42 ,  39.7835,  3.75293,  34.1191,  18.1455],
['2016-02-25',   117.42 ,  39.7835,  3.74219,  33.6367,  18.668],
['2016-02-26',   117.42 ,  39.7835,  3.74219,  33.6553,  18.6699],
['2016-02-27',   117.42 ,  39.7835,  3.74316,  33.6777,  18.6719],
['2016-02-28',   117.42 ,  39.7835,  3.74316,  33.7256,  18.6729],
['2016-02-29',   117.42 ,  39.7835,  3.8877,  33.3643,  18.9209],
['2016-03-01',   117.42 ,  39.7835,  3.90234,  31.6504,  20.666],
['2016-03-02',   117.42 ,  39.7835,  3.91211,  28.8203,  23.5029],
['2016-03-03',   117.42 ,  39.7835,  3.9209,  25.9238,  26.5244],
['2016-03-04',   117.42 ,  39.7835,  3.93848,  25.0488,  27.4141],
['2016-03-05',   117.42 ,  39.7835,  3.94141,  24.666,  27.8555],
['2016-03-06',   117.42 ,  39.7835,  4.03711,  26.4824,  26.0762],
['2016-03-07',   117.42 ,  39.7835,  3.97754,  27.2158,  25.6328],
['2016-03-08',   117.42 ,  39.5858,  3.96387,  27.6016,  25.2773],
['2016-03-09',   117.42 ,  39.5858,  3.91992,  28.6982,  24.1641],
['2016-03-10',   117.42 ,  39.9811,  3.91113,  27.6924,  25.2012],
['2016-03-11',   117.42 ,  39.9811,  3.95508,  26.457,  26.4268],
['2016-03-12',   117.42 ,  39.9811,  3.94824,  25.4717,  27.4463],
['2016-03-13',   117.42 ,  39.9811,  3.99023,  25.1875,  27.7412],
['2016-03-14',   117.42 ,  39.9811,  3.93457,  25.0703,  28.1357],
['2016-03-15',   117.42 ,  39.3882,  3.94043,  24.8809,  28.4404],
['2016-03-16',   117.42 ,  39.3882,  3.94434,  23.5156,  29.877],
['2016-03-17',   117.42 ,  39.3882,  3.94824,  23.7246,  29.6953],
['2016-03-18',   117.42 ,  39.3882,  3.96191,  25.2295,  28.1943],
['2016-03-19',   117.42 ,  39.3882,  3.9707,  24.9307,  28.5273],
['2016-03-20',   117.42 ,  39.3882,  3.97852,  25.1484,  28.4785],
['2016-03-21',   117.42 ,  39.3882,  3.9502,  25.1084,  28.5674],
['2016-03-22',   117.42 ,  39.1247,  3.95312,  24.8174,  28.8984],
['2016-03-23',   117.42 ,  39.1247,  3.9502,  24.4424,  29.3057],
['2016-03-24',   117.42 ,  39.1247,  3.95312,  24.2061,  29.627],
['2016-03-25',   117.42 ,  38.9601,  3.96484,  24.2998,  29.5605],
['2016-03-26',   117.42 ,  38.9601,  3.9873,  24.0283,  29.8389],
['2016-03-27',   117.42 ,  38.9601,  3.99414,  24.4268,  29.4746],
['2016-03-28',   117.42 ,  38.9601,  3.97461,  24.834,  29.1357],
['2016-03-29',   117.42 ,  36.3906,  3.96387,  25.2061,  28.8242],
['2016-03-30',   117.42 ,  36.3906,  3.9541,  25.5137,  28.5859],
['2016-03-31',   117.42 ,  36.3906,  3.95117,  25.2881,  28.8506],
['2016-04-01',   117.42 ,  36.3906,  3.9502,  25.6768,  28.458],
['2016-04-02',   117.42 ,  36.3906,  4.00293,  25.5371,  28.5459],
['2016-04-03',   117.42 ,  36.1929,  4.07031,  25.7051,  28.3125],
['2016-04-04',   117.42 ,  36.1929,  3.94043,  25.7471,  28.4609],
['2016-04-05',   117.42 ,  36.1929,  3.94043,  25.0635,  29.1582],
['2016-04-06',   117.42 ,  36.1929,  3.93457,  23.8252,  30.4561],
['2016-04-07',   117.42 ,  36.1929,  3.9502,  24.3584,  29.9453],
['2016-04-08',   117.42 ,  36.1929,  3.94531,  25.2539,  29.0752],
['2016-04-09',   117.42 ,  36.1929,  3.99121,  25.0166,  29.2617],
['2016-04-10',   117.42 ,  36.1929,  3.98438,  24.7607,  29.5312],
['2016-04-11',   117.42 ,  36.1929,  3.93555,  24.9854,  28.6709],
['2016-04-12',   117.42 ,  36.1929,  3.93945,  24.6836,  28.6904],
['2016-04-13',   117.42 ,  39.5371,  3.94824,  24.4268,  28.9932],
['2016-04-14',   117.42 ,  39.5371,  3.96582,  24.4141,  29.0469],
['2016-04-15',   117.42 ,  39.5371,  3.96289,  24.4658,  29.0039],
['2016-04-16',   117.42 ,  39.5371,  3.99219,  24.2354,  29.2012],
['2016-04-17',   117.42 ,  39.5371,  3.96973,  24.4658,  28.9873],
['2016-04-18',   117.42 ,  39.5371,  3.94336,  24.5469,  28.9453],
['2016-04-19',   117.42 ,  39.3394,  3.96289,  24.5723,  28.9541],
['2016-04-20',   117.42 ,  39.1418,  3.94629,  24.5068,  29.0312],
['2016-04-21',   117.42 ,  39.1418,  3.94629,  24.2969,  29.25],
['2016-04-22',   117.42 ,  39.1418,  3.95215,  24.292,  29.2969],
['2016-04-23',   117.42 ,  39.1418,  3.97852,  24.0381,  29.5264],
['2016-04-24',   117.42 ,  39.1418,  3.96777,  24.1162,  29.459],
['2016-04-25',   117.42 ,  39.1418,  3.93359,  24.3789,  28.9355],
['2016-04-26',   117.42 ,  38.6418,  3.93652,  24.6055,  28.71],
['2016-04-27',   117.42 ,  38.4441,  3.95996,  24.5771,  28.7598],
['2016-04-28',   117.42 ,  38.4441,  3.96094,  24.2998,  28.2842],
['2016-04-29',   117.42 ,  38.2465,  3.94824,  24.6562,  27.9697],
['2016-04-30',   117.42 ,  38.2465,  3.97754,  24.5986,  28.002],
['2016-05-01',   117.42 ,  38.2465,  4.08496,  24.6992,  27.791],
['2016-05-02',   117.42 ,  38.2465,  3.94824,  25.1436,  27.4971],
['2016-05-03',   117.42 ,  38.2465,  3.93359,  24.873,  27.835],
['2016-05-04',   117.42 ,  37.983,  3.93848,  24.585,  28.1484],
['2016-05-05',   117.42 ,  37.983,  3.94629,  24.5527,  28.2461],
['2016-05-06',   117.42 ,  37.983,  3.95996,  24.9902,  27.7988],
['2016-05-07',   117.42 ,  37.983,  3.98242,  25.0957,  27.6719],
['2016-05-08',   117.42 ,  37.9501,  3.98438,  25.8193,  27.0186],
['2016-05-09',   117.42 ,  37.9501,  3.96289,  25.8008,  27.0977],
['2016-05-10',   117.42 ,  37.9501,  3.9502,  25.4268,  27.4922],
['2016-05-11',   117.42 ,  37.7524,  3.94238,  25.3477,  27.6816],
['2016-05-12',   117.42 ,  37.7524,  3.94238,  25.0449,  28.0127],
['2016-05-13',   117.42 ,  35.643,  3.94141,  25.0879,  28.1016],
['2016-05-14',   117.42 ,  35.643,  4.08008,  25.2891,  27.998],
['2016-05-15',   117.42 ,  35.643,  4.10352,  26.6865,  28.1904],
['2016-05-16',   117.42 ,  35.643,  4.07812,  26.2998,  28.7178],
['2016-05-17',   117.42 ,  35.643,  3.99512,  26.3965,  28.7822],
['2016-05-18',   117.42 ,  35.0831,  4.01562,  26.2773,  28.9062],
['2016-05-19',   117.42 ,  35.0831,  3.99219,  26.0986,  29.1172],
['2016-05-20',   117.42 ,  35.0831,  3.97852,  26.2305,  29.0342],
['2016-05-21',   117.42 ,  35.0831,  4,  26.2969,  28.999],
['2016-05-22',   117.42 ,  35.0831,  4.08301,  26.1133,  29.1748],
['2016-05-23',   117.42 ,  35.0831,  3.98242,  26.3926,  29.2178],
['2016-05-24',   117.42 ,  35.0831,  3.99023,  26.3076,  29.4102],
['2016-05-25',   117.42 ,  34.7866,  3.95801,  26.1191,  29.7178],
['2016-05-26',   117.42 ,  34.2866,  3.96875,  25.9258,  29.8984],
['2016-05-27',   117.42 ,  34.2866,  3.97461,  25.8672,  29.9912],
['2016-05-28',   117.42 ,  34.2866,  3.99609,  25.8057,  30.0303],
['2016-05-29',   117.42 ,  34.2866,  4.05762,  25.8975,  29.8857],
['2016-05-30',   117.42 ,  34.2866,  4.02539,  25.7627,  30.1113],
['2016-05-31',   117.42 ,  34.2866,  4.01367,  25.7393,  30.1787],
['2016-06-01',   117.42 ,  34.0889,  4.00586,  26.04,  29.9062],
['2016-06-02',   117.42 ,  34.0889,  3.98926,  26.2148,  29.7725],
['2016-06-03',   117.42 ,  35.4065,  3.9707,  26.6543,  29.3613],
['2016-06-04',   117.42 ,  35.4065,  4.02539,  27.124,  28.8691],
['2016-06-05',   117.42 ,  35.4065,  4.18359,  26.9961,  28.8447],
['2016-06-06',   117.42 ,  35.4065,  4.06934,  26.96,  29.1035],
['2016-06-07',   117.42 ,  35.4065,  4.02539,  26.7314,  29.3818],
['2016-06-08',   117.42 ,  35.143,  3.99219,  26.4844,  29.7393],
['2016-06-09',   117.42 ,  35.0442,  3.99023,  26.3311,  29.9541],
['2016-06-10',   117.42 ,  35.0442,  3.97949,  26.3711,  30.001],
['2016-06-11',   117.42 ,  34.8466,  4.02148,  26.4062,  29.9717],
['2016-06-12',   117.42 ,  34.8466,  3.99219,  26.3594,  30.0439],
['2016-06-13',   117.42 ,  34.8466,  3.95508,  26.5498,  29.9404],
['2016-06-14',   117.42 ,  34.8466,  3.95703,  26.4502,  30.0586],
['2016-06-15',   117.42 ,  34.8466,  3.96289,  26.1133,  30.4248],
['2016-06-16',   117.42 ,  34.8466,  3.97266,  26.2549,  30.334],
['2016-06-17',   117.42 ,  34.8466,  3.97168,  26.1826,  30.4326],
['2016-06-18',   117.42 ,  34.8466,  4.01367,  26.3428,  30.2412],
['2016-06-19',   117.42 ,  34.8466,  4.00195,  26.3193,  30.2979],
['2016-06-20',   117.42 ,  34.8466,  3.97852,  26.0771,  30.6025],
['2016-06-21',   117.42 ,  34.8466,  3.9707,  29.5391,  30.665],
['2016-06-22',   117.42 ,  25.6698,  3.97559,  32.0273,  32.9727],
['2016-06-23',   117.42 ,  22.7401,  3.98145,  30.0801,  34.9268],
['2016-06-24',   117.42 ,  22.7401,  3.98926,  29.0713,  35.9678],
['2016-06-25',   117.42 ,  22.7401,  4.02832,  30.0986,  34.9199],
['2016-06-26',   117.42 ,  22.7401,  4.03809,  30.2588,  34.751],
['2016-06-27',   117.42 ,  22.7401,  4.04102,  30.0361,  35.0479],
['2016-06-28',   117.42 ,  22.7401,  4.02344,  25.2354,  31.7578],
['2016-06-29',   117.42 ,  31.818,  3.99805,  25.3643,  31.7178],
['2016-06-30',   117.42 ,  31.818,  3.99609,  26.1406,  30.9434],
['2016-07-01',   117.42 ,  31.818,  3.99414,  26.8916,  30.2285],
['2016-07-02',   117.42 ,  31.818,  4.06543,  27.375,  29.6777],
['2016-07-03',   117.42 ,  31.818,  4.07031,  27.79,  29.2627],
['2016-07-04',   117.42 ,  31.818,  4.00488,  28.2578,  28.916],
['2016-07-05',   117.42 ,  31.818,  3.98535,  28.0713,  29.1436],
['2016-07-06',   117.42 ,  31.818,  3.99023,  27.6875,  29.5459],
['2016-07-07',   117.42 ,  31.818,  3.9834,  27.5664,  29.6846],
['2016-07-08',   117.42 ,  31.818,  3.97852,  27.6016,  29.7129],
['2016-07-09',   117.42 ,  31.318,  3.99609,  27.4199,  29.873],
['2016-07-10',   117.42 ,  31.318,  4.00098,  26.8379,  30.4531],
['2016-07-11',   117.42 ,  31.318,  4.00293,  26.5986,  30.7754],
['2016-07-12',   117.42 ,  31.0216,  3.99219,  26.5703,  30.8779],
['2016-07-13',   117.42 ,  31.0216,  3.99902,  26.375,  31.0879],
['2016-07-14',   117.42 ,  31.0216,  4.01074,  26.2764,  31.1758],
['2016-07-15',   117.42 ,  31.0216,  3.96875,  26.4463,  31.0596],
['2016-07-16',   117.42 ,  31.0216,  4.00684,  26.6865,  30.7773],
['2016-07-17',   117.42 ,  31.0216,  3.99512,  26.4688,  31.0088],
['2016-07-18',   117.42 ,  29.6052,  3.9873,  26.4414,  31.0908],
['2016-07-19',   117.42 ,  29.6052,  3.9873,  26.3984,  31.1582],
['2016-07-20',   117.42 ,  29.3087,  4.00195,  26.2363,  31.4033],
['2016-07-21',   117.42 ,  29.3087,  4.0127,  26.7891,  31.3398],
['2016-07-22',   117.42 ,  29.3087,  3.97852,  27.2275,  31.1396],
['2016-07-23',   117.42 ,  27.3555,  4.0293,  27.3418,  31.0088],
['2016-07-24',   117.42 ,  27.3555,  3.99121,  27.1367,  31.2529],
['2016-07-25',   117.42 ,  27.3555,  4.00488,  27.751,  31.1963],
['2016-07-26',   117.42 ,  27.3555,  4.00684,  27.4854,  31.5742],
['2016-07-27',   117.42 ,  27.3555,  3.99512,  27.1572,  31.9707],
['2016-07-28',   117.42 ,  27.3555,  4.02246,  27.2344,  31.9561],
['2016-07-29',   117.42 ,  27.3555,  3.99414,  27.4941,  31.8027],
['2016-07-30',   117.42 ,  27.3555,  4.04395,  27.5869,  31.708],
['2016-07-31',   117.42 ,  27.3555,  3.99902,  27.502,  31.8545],
['2016-08-01',   117.42 ,  27.3555,  4.01465,  27.1709,  32.2109],
['2016-08-02',   117.42 ,  27.3555,  4.01758,  27.1104,  32.3369],
['2016-08-03',   117.42 ,  27.3555,  3.98242,  26.8975,  32.6162],
['2016-08-04',   117.42 ,  27.3555,  3.97754,  26.7773,  32.8086],
['2016-08-05',   117.42 ,  27.3555,  3.9873,  27.2686,  32.335],
['2016-08-06',   117.42 ,  27.3555,  4.03223,  28.252,  31.3359],
['2016-08-07',   117.42 ,  27.3555,  3.98438,  28.7119,  30.9482],
['2016-08-08',   117.42 ,  27.3555,  3.99219,  28.5859,  31.082],
['2016-08-09',   117.42 ,  27.3555,  3.98535,  27.8281,  31.6025],
['2016-08-10',   117.42 ,  27.6517,  3.98535,  27.0527,  32.415],
['2016-08-11',   117.42 ,  27.6517,  3.98242,  26.9414,  32.6143],
['2016-08-12',   117.42 ,  18.3314,  3.97754,  27.0107,  32.5635],
['2016-08-13',   117.42 ,  18.3314,  4.03027,  27.001,  32.5312],
['2016-08-14',   117.42 ,  18.3314,  4.01758,  27.1025,  32.4482],
['2016-08-15',   117.42 ,  18.3314,  4.02539,  23.2998,  37.6943],
['2016-08-16',   117.42 ,  17.7385,  4.01367,  24.667,  36.041],
['2016-08-17',   117.42 ,  17.7385,  4.00391,  26.0254,  34.7139],
['2016-08-18',   117.42 ,  17.5041,  3.99609,  27.3701,  33.4316],
['2016-08-19',   117.42 ,  25.0988,  4.0127,  27.8076,  33.0078],
['2016-08-20',   117.42 ,  25.0988,  4.0957,  27.2256,  33.5234],
['2016-08-21',   117.42 ,  25.0988,  4.06348,  25.1982,  35.5996],
['2016-08-22',   117.42 ,  25.0988,  4.09668,  22.9189,  37.916],
['2016-08-23',   117.42 ,  25.0988,  4.08691,  21.4717,  39.4033],
['2016-08-24',   117.42 ,  25.0988,  4.03125,  20.4141,  40.5693],
['2016-08-25',   117.42 ,  25.0988,  4.03027,  19.7148,  41.3203],
['2016-08-26',   117.42 ,  25.0988,  4.0127,  19.6797,  41.417],
['2016-08-27',   117.42 ,  25.0988,  4.05371,  20.5049,  40.5771],
['2016-08-28',   117.42 ,  25.0988,  3.99609,  21.1104,  40.084],
['2016-08-29',   117.42 ,  25.0988,  4.0127,  25.1963,  36.0127],
['2016-08-30',   117.42 ,  25.0988,  4.02734,  26.8115,  34.4395],
['2016-08-31',   117.42 ,  25.0988,  3.99707,  28.3838,  33.1084],
['2016-09-01',   117.42 ,  25.0988,  4.01562,  28.4531,  33.1025],
['2016-09-02',   117.42 ,  25.0988,  4.0293,  29.125,  32.5186],
['2016-09-03',   117.42 ,  25.0988,  4.06348,  29.7646,  31.9219],
['2016-09-04',   117.42 ,  25.0988,  4.01465,  30.4434,  31.3047],
['2016-09-05',   117.42 ,  25.0988,  4.00684,  30.4834,  31.3623],
['2016-09-06',   117.42 ,  25.0988,  4.00879,  29.8936,  31.9736],
['2016-09-07',   117.42 ,  25.0988,  3.98926,  29.1729,  32.7432],
['2016-09-08',   117.42 ,  25.0988,  3.9834,  28.96,  33.1182],
['2016-09-09',   117.42 ,  25.0988,  3.98535,  28.6943,  33.3955],
['2016-09-10',   117.42 ,  25.0988,  4.04199,  28.752,  33.2959],
['2016-09-11',   117.42 ,  25.0988,  3.98438,  28.7539,  33.3564],
['2016-09-12',   117.42 ,  25.0988,  3.99609,  28.3242,  33.7881],
['2016-09-13',   117.42 ,  25.0988,  4.00586,  28.2998,  33.8096],
['2016-09-14',   117.42 ,  25.0988,  3.97168,  28.6436,  33.8027],
['2016-09-15',   117.42 ,  25.0988,  3.97461,  28.5537,  33.9863],
['2016-09-16',   117.42 ,  24.9012,  4.04102,  28.5928,  33.8877],
['2016-09-17',   117.42 ,  24.9012,  4.08691,  28.5811,  33.8564],
['2016-09-18',   117.42 ,  24.9012,  4.01758,  28.2305,  34.2812],
['2016-09-19',   117.42 ,  24.9012,  4.01367,  28.0908,  34.5625],
['2016-09-20',   117.42 ,  24.9012,  4.04297,  28.0576,  34.6895],
['2016-09-21',   117.42 ,  24.9012,  4.02246,  28.1797,  34.8193],
['2016-09-22',   117.42 ,  24.9012,  3.99805,  28.2861,  34.7832],
['2016-09-23',   117.42 ,  24.9012,  3.96582,  28.6436,  34.4805],
['2016-09-24',   117.42 ,  24.9012,  4.01855,  28.377,  34.7197],
['2016-09-25',   117.42 ,  24.9012,  3.9873,  28.0059,  35.1328],
['2016-09-26',   117.42 ,  24.9012,  4.00586,  28.0234,  35.1104],
['2016-09-27',   117.42 ,  24.9012,  4.00781,  27.7598,  35.4189],
['2016-09-28',   117.42 ,  24.9012,  3.97266,  27.2529,  35.9658],
['2016-09-29',   117.42 ,  24.9012,  3.97559,  27.2314,  36.0117],
['2016-09-30',   117.42 ,  22.9246,  3.99609,  27.6982,  35.6152],
['2016-10-01',   117.42 ,  22.9246,  4.01367,  28.9111,  34.9893],
['2016-10-02',   117.42 ,  22.9246,  4.00391,  29.1367,  34.9434],
['2016-10-03',   117.42 ,  22.9246,  4.03613,  28.9463,  35.1289],
['2016-10-04',   117.42 ,  22.9246,  4.01172,  28.9639,  35.2656],
['2016-10-05',   117.42 ,  22.9246,  4.00098,  28.7969,  35.5684],
['2016-10-06',   117.42 ,  22.6611,  3.98633,  29.1553,  35.501],
['2016-10-07',   117.42 ,  22.6611,  3.98926,  30.1436,  34.5781],
['2016-10-08',   117.42 ,  21.6728,  4.05859,  30.4795,  34.1748],
['2016-10-09',   117.42 ,  21.6728,  4.02832,  30.6172,  34.1025],
['2016-10-10',   117.42 ,  21.6728,  4.0791,  30.2314,  34.4531],
['2016-10-11',   117.42 ,  21.6728,  4.04688,  29.5107,  35.248],
['2016-10-12',   117.42 ,  21.6728,  4.0127,  28.917,  35.9238],
['2016-10-13',   117.42 ,  21.6728,  4,  28.6943,  36.2109],
['2016-10-14',   117.42 ,  21.6728,  4.01172,  29.1055,  35.7988],
['2016-10-15',   117.42 ,  21.9363,  4.05176,  28.7549,  36.1191],
['2016-10-16',   117.42 ,  21.9363,  4.02148,  28.3047,  36.6123],
['2016-10-17',   117.42 ,  21.9363,  4.00781,  28.1357,  36.877],
['2016-10-18',   117.42 ,  21.9363,  4.01953,  27.8369,  37.1699],
['2016-10-19',   117.42 ,  21.8705,  4.00293,  27.5908,  37.4883],
['2016-10-20',   117.42 ,  21.8705,  3.9873,  27.7314,  37.3945],
['2016-10-21',   117.42 ,  20.7353,  3.99023,  28.0625,  37.0684],
['2016-10-22',   117.42 ,  20.7682,  4.03027,  27.9678,  37.1396],
['2016-10-23',   117.42 ,  20.7682,  4.00391,  27.8926,  37.2529],
['2016-10-24',   117.42 ,  20.7682,  3.99609,  27.4131,  37.748],
['2016-10-25',   117.42 ,  20.7682,  3.99902,  27.2588,  37.96],
['2016-10-26',   117.42 ,  20.7682,  3.99316,  26.168,  39.0713],
['2016-10-27',   117.42 ,  20.7682,  4,  26.2217,  39.1387],
['2016-10-28',   117.42 ,  20.7682,  3.98242,  26.8203,  38.7666],
['2016-10-29',   117.42 ,  20.7682,  4.03613,  26.666,  38.8818],
['2016-10-30',   117.42 ,  20.7682,  3.99707,  26.6465,  38.9512],
['2016-10-31',   117.42 ,  20.7682,  4.00586,  26.4561,  39.2305],
['2016-11-01',   117.42 ,  20.5706,  3.98828,  26.2988,  39.4297],
['2016-11-02',   117.42 ,  20.5706,  3.99609,  26.377,  39.3936],
['2016-11-03',   117.42 ,  20.5048,  3.99512,  26.4766,  39.3682],
['2016-11-04',   117.42 ,  20.5048,  3.99609,  27.6816,  38.21],
['2016-11-05',   117.42 ,  20.5048,  4.05664,  28.6553,  37.1826],
['2016-11-06',   117.42 ,  20.5048,  4.02148,  29.2148,  36.6777],
['2016-11-07',   117.42 ,  20.4719,  3.99023,  29.834,  36.1797],
['2016-11-08',   117.42 ,  20.4719,  3.98535,  28.9619,  37.0918],
['2016-11-09',   117.42 ,  20.4719,  3.98926,  27.9492,  38.1328],
['2016-11-10',   117.42 ,  20.406,  3.98926,  27.4004,  38.792],
['2016-11-11',   117.42 ,  20.406,  3.97949,  27.2715,  38.9561],
['2016-11-12',   117.42 ,  20.0107,  4.0332,  27.7256,  38.4834],
['2016-11-13',   117.42 ,  20.0107,  3.98242,  27.8818,  38.3877],
['2016-11-14',   117.42 ,  20.0107,  3.99902,  27.5098,  38.8125],
['2016-11-15',   117.42 ,  19.8131,  3.98438,  27.248,  39.1074],
['2016-11-16',   117.42 ,  19.8131,  3.96973,  26.835,  39.5371],
['2016-11-17',   117.42 ,  19.8131,  3.9707,  26.4404,  40.0225],
['2016-11-18',   117.42 ,  19.8131,  3.96094,  26.9258,  39.5557],
['2016-11-19',   117.42 ,  19.8131,  4.00293,  26.9365,  39.5127],
['2016-11-20',   117.42 ,  19.8131,  3.96582,  26.8574,  39.6436],
['2016-11-21',   117.42 ,  19.8131,  3.9541,  26.5576,  40.0176],
['2016-11-22',   117.42 ,  19.3131,  3.96387,  26.4775,  40.1064],
['2016-11-23',   117.42 ,  19.3131,  3.95508,  26.373,  38.0625],
['2016-11-24',   117.42 ,  19.3131,  3.94434,  26.374,  38.1104],
['2016-11-25',   117.42 ,  19.3131,  3.95703,  26.9365,  37.5869],
['2016-11-26',   117.42 ,  19.3131,  4.0127,  26.7832,  37.6895],
['2016-11-27',   117.42 ,  19.3131,  3.97754,  26.7197,  37.8281],
['2016-11-28',   117.42 ,  19.3131,  3.9502,  26.9307,  37.6777],
['2016-11-29',   117.42 ,  19.3131,  3.94629,  26.5381,  38.084],
['2016-11-30',   117.42 ,  21.2896,  3.9541,  26.4932,  38.1484],
['2016-12-01',   117.42 ,  21.2896,  3.95996,  26.7451,  37.9395],
['2016-12-02',   117.42 ,  21.2896,  3.96191,  27.8828,  36.8447],
['2016-12-03',   117.42 ,  21.2896,  4.02734,  28.5537,  36.1133],
['2016-12-04',   117.42 ,  21.2896,  3.9873,  29.4434,  35.2646],
['2016-12-05',   117.42 ,  21.2896,  4.00098,  29.3799,  35.3389],
['2016-12-06',   117.42 ,  21.2896,  4.00781,  29.0293,  35.6982],
['2016-12-07',   117.42 ,  21.2896,  4.02832,  28.0225,  36.7148],
['2016-12-08',   117.42 ,  21.2896,  4.05762,  27.1201,  37.6045],
['2016-12-09',   117.42 ,  21.2896,  4.01758,  27.0811,  37.7197],
['2016-12-10',   117.42 ,  21.2896,  4.03223,  27.0205,  37.7715],
['2016-12-11',   117.42 ,  21.2896,  4.01465,  27.166,  37.6885],
['2016-12-12',   117.42 ,  21.2896,  4.01953,  27.0049,  37.874],
['2016-12-13',   117.42 ,  21.2896,  4.00293,  26.7686,  38.1299],
['2016-12-14',   117.42 ,  21.2896,  4.00293,  26.4951,  38.4316],
['2016-12-15',   117.42 ,  21.2896,  4.00586,  26.417,  38.5234],
['2016-12-16',   117.42 ,  21.2896,  3.99121,  26.8857,  38.1387],
['2016-12-17',   117.42 ,  21.2896,  4.02734,  26.8545,  38.1338],
['2016-12-18',   117.42 ,  21.2896,  4.03809,  26.2939,  38.6826],
['2016-12-19',   117.42 ,  21.2896,  4.00879,  25.123,  39.9668],
['2016-12-20',   117.42 ,  21.2896,  4.08105,  24.5752,  40.4834],
['2016-12-21',   117.42 ,  21.2238,  4.1084,  25.3877,  39.7227],
['2016-12-22',   117.42 ,  21.0262,  4.07129,  26.6426,  38.5615],
['2016-12-23',   117.42 ,  21.0262,  4.06445,  26.9707,  38.2578],
['2016-12-24',   117.42 ,  21.0262,  4.1582,  26.9521,  38.1963],
['2016-12-25',   117.42 ,  21.0262,  4.06348,  26.9727,  38.2842],
['2016-12-26',   117.42 ,  21.0262,  4.03906,  26.3652,  38.9404],
['2016-12-27',   117.42 ,  21.0262,  4.04102,  26.1387,  39.1914],
['2016-12-28',   117.42 ,  21.0262,  4.02246,  26.0664,  39.335],
['2016-12-29',   117.42 ,  21.0262,  4.01758,  25.9746,  39.4463],
['2016-12-30',   117.42 ,  21.0262,  4.01465,  26.5742,  38.8662],
['2016-12-31',   117.42 ,  21.0262,  4.05371,  26.6357,  38.7783],
['2017-01-01',   117.42 ,  21.0262,  4.01758,  26.9805,  38.4736],
['2017-01-02',   117.42 ,  21.0262,  3.99023,  27.1289,  38.4336],
['2017-01-03',   117.42 ,  20.8285,  3.98535,  27.167,  38.4824],
['2017-01-04',   117.42 ,  20.6308,  3.98242,  27.1475,  38.5566],
['2017-01-05',   117.42 ,  20.6308,  3.96191,  27.1699,  38.5713],
['2017-01-06',   117.42 ,  20.6308,  3.95898,  28.8633,  37.0537],
['2017-01-07',   117.42 ,  20.6308,  4.03711,  30.165,  35.6699],
['2017-01-08',   117.42 ,  20.6308,  3.99609,  30.7578,  35.1299],
['2017-01-09',   117.42 ,  20.6308,  3.97461,  31.0459,  34.8701],
['2017-01-10',   117.42 ,  20.6308,  3.99609,  30.209,  35.7666],
['2017-01-11',   117.42 ,  20.6308,  4.02441,  29.3408,  36.751],
['2017-01-12',   117.42 ,  20.6308,  4.03223,  28.2139,  37.8691],
['2017-01-13',   117.42 ,  20.6308,  4.01465,  28.1484,  38.0342],
['2017-01-14',   117.42 ,  20.4332,  4.04785,  28.4824,  37.9072],
['2017-01-15',   117.42 ,  20.4332,  4.05078,  28.6045,  37.7881],
['2017-01-16',   117.42 ,  20.4332,  4.03418,  29.8613,  37.8877],
['2017-01-17',   117.42 ,  20.4332,  4.02246,  30.6426,  37.4717],
['2017-01-18',   117.42 ,  20.4332,  4.04297,  30.752,  37.3467],
['2017-01-19',   117.42 ,  19.2744,  4.00977,  30.6963,  37.457],
['2017-01-20',   117.42 ,  19.2744,  4.00195,  30.8203,  37.374],
['2017-01-21',   117.42 ,  19.2744,  4.04102,  30.7031,  37.4648],
['2017-01-22',   117.42 ,  19.2744,  4.03027,  30.585,  37.6055],
['2017-01-23',   117.42 ,  19.2744,  3.99121,  30.4092,  37.8711],
['2017-01-24',   117.42 ,  19.2744,  3.97949,  30.1436,  38.1523],
['2017-01-25',   117.42 ,  19.2744,  3.95801,  29.9385,  38.4189],
['2017-01-26',   117.42 ,  18.8791,  3.96289,  30.041,  38.3203],
['2017-01-27',   117.42 ,  18.8791,  3.98828,  30.543,  37.8213],
['2017-01-28',   117.42 ,  18.8791,  4.0166,  30.4189,  37.9326],
['2017-01-29',   117.42 ,  18.8791,  3.98828,  30.291,  38.1113],
['2017-01-30',   117.42 ,  18.8791,  3.98047,  30.3398,  38.0869],
['2017-01-31',   117.42 ,  18.8791,  4.02832,  30.2158,  38.2314],
['2017-02-01',   117.42 ,  18.8791,  4.09082,  30.0674,  38.3848],
['2017-02-02',   117.42 ,  18.8791,  4.00098,  29.8828,  38.6904],
['2017-02-03',   117.42 ,  18.8791,  3.97168,  30.8838,  37.748],
['2017-02-04',   117.42 ,  18.8791,  4.01758,  32.168,  36.4277],
['2017-02-05',   117.42 ,  18.8791,  3.99316,  33.2939,  35.3496],
['2017-02-06',   117.42 ,  18.8791,  3.97363,  33.3975,  35.3174],
['2017-02-07',   117.42 ,  18.8791,  3.97363,  32.7939,  35.9307],
['2017-02-08',   117.42 ,  18.8791,  3.97852,  31.543,  37.1982],
['2017-02-09',   117.42 ,  18.8791,  4.00195,  30.8984,  37.8291],
['2017-02-11',   117.42 ,  18.8791,  4.03418,  30.2275,  38.4844],
['2017-02-12',   117.42 ,  18.8791,  4.01367,  29.9258,  38.8086],
['2017-02-13',   117.42 ,  18.8791,  3.99414,  29.4561,  39.3047],
['2017-02-14',   117.42 ,  18.8791,  4.05469,  29.1406,  39.5996],
['2017-02-15',   117.42 ,  18.8791,  4.0166,  28.9512,  39.8818],
['2017-02-16',   117.42 ,  18.8791,  3.99512,  28.5635,  40.3193],
['2017-02-17',   117.42 ,  18.8791,  4.01172,  28.8359,  40.0801],
['2017-02-18',   117.42 ,  18.8791,  3.99316,  28.7754,  40.1533],
['2017-02-19',   117.42 ,  18.8791,  3.9834,  28.624,  40.3164],
['2017-02-20',   117.42 ,  18.8791,  3.9707,  28.8418,  40.1719],
['2017-02-21',   117.42 ,  18.8791,  3.99609,  28.3926,  40.6279],
['2017-02-22',   117.42 ,  18.8791,  3.9873,  28.1455,  40.9053],
['2017-02-23',   117.42 ,  18.8791,  4.00586,  28.6035,  40.5928],
['2017-02-24',   117.42 ,  18.8791,  3.99023,  28.96,  40.2607],
['2017-02-25',   117.42 ,  18.8791,  4.00684,  29.0273,  40.1719],
['2017-02-26',   117.42 ,  18.8791,  4.00879,  29.0254,  40.1748],
['2017-02-27',   117.42 ,  18.8791,  3.99805,  28.8926,  40.3711],
['2017-02-28',   117.42 ,  18.6814,  3.9873,  28.9307,  40.3623],
['2017-03-01',   117.42 ,  18.6814,  4.02734,  28.8857,  40.3643],
['2017-03-02',   117.42 ,  18.6814,  4.02539,  28.8633,  40.4131],
['2017-03-03',   117.42 ,  18.6814,  4.0127,  30.0664,  39.2422],
['2017-03-04',   117.42 ,  18.6814,  4.0752,  31.1357,  38.1113],
['2017-03-05',   117.42 ,  18.6814,  4.04785,  31.9336,  37.3418],
['2017-03-06',   117.42 ,  18.6814,  4.0127,  31.7559,  37.5625],
['2017-03-07',   117.42 ,  18.6814,  3.99512,  30.7842,  38.5596],
['2017-03-08',   117.42 ,  18.6814,  3.98926,  30.4023,  39.1172],
['2017-03-09',   117.42 ,  18.6814,  3.99414,  30.9023,  39.0859],
['2017-03-10',   117.42 ,  18.6814,  4.00781,  31.3223,  38.6973],
['2017-03-11',   117.42 ,  18.6814,  4.05859,  31.3936,  38.5732],
['2017-03-12',   117.42 ,  19.8674,  4.03516,  31.3965,  38.0801],
['2017-03-13',   117.42 ,  19.8674,  4.00684,  31.3994,  38.1406],
['2017-03-14',   117.42 ,  19.8674,  3.99414,  31.1592,  38.4316],
['2017-03-15',   117.42 ,  19.8674,  4.02344,  30.8506,  38.7324],
['2017-03-16',   117.42 ,  19.8674,  4.01953,  30.7227,  38.8682],
['2017-03-17',   117.42 ,  21.6459,  3.98633,  31.0635,  38.5664],
['2017-03-18',   117.42 ,  21.6459,  4.04004,  30.9111,  38.667],
['2017-03-19',   117.42 ,  21.6459,  3.99414,  30.7764,  38.8604],
['2017-03-20',   117.42 ,  21.6459,  3.98145,  30.3594,  39.291],
['2017-03-21',   117.42 ,  21.6459,  3.9707,  30.1562,  39.5273],
['2017-03-22',   117.42 ,  21.6459,  3.97559,  29.8633,  39.8555],
['2017-03-23',   117.42 ,  21.6459,  4.00293,  29.6201,  40.0771],
['2017-03-24',   117.42 ,  21.6459,  4.01074,  29.793,  39.9668],
['2017-03-25',   117.42 ,  21.6459,  4.05566,  29.7861,  39.9277],
['2017-03-26',   117.42 ,  21.6459,  4.00781,  29.6865,  40.082],
['2017-03-27',   117.42 ,  21.6459,  3.99609,  29.46,  40.3418],
['2017-03-28',   117.42 ,  21.6459,  3.98828,  29.1982,  40.6182],
['2017-03-29',   117.42 ,  21.6459,  3.98145,  28.8799,  40.9395],
['2017-03-30',   117.42 ,  21.6459,  3.98047,  28.8701,  41.0488],
['2017-03-31',   117.42 ,  21.1459,  3.97754,  29.3691,  40.5986],
['2017-04-01',   117.42 ,  21.1459,  4.06738,  29.8652,  40.0078],
['2017-04-02',   117.42 ,  21.1459,  4.03906,  30.5781,  39.3252],
['2017-04-03',   117.42 ,  21.1459,  3.99121,  31.2061,  38.8252],
['2017-04-04',   117.42 ,  21.1459,  3.98145,  31.043,  39.0234],
['2017-04-05',   117.42 ,  21.1459,  4.01172,  30.8418,  39.2334],
['2017-04-06',   117.42 ,  21.1459,  4.00098,  30.4072,  39.6895],
['2017-04-07',   117.42 ,  21.1459,  3.99805,  31.0908,  39.0088],
['2017-04-08',   117.42 ,  21.1459,  4.06348,  31.5137,  38.5205],
['2017-04-09',   117.42 ,  21.1459,  4.02734,  31.4688,  38.5996],
['2017-04-10',   117.42 ,  21.1459,  4.00098,  30.9492,  39.1885],
['2017-04-11',   117.42 ,  21.1459,  4,  30.374,  39.7881],
['2017-04-12',   117.42 ,  21.1459,  4.04297,  29.4404,  40.6875],
['2017-04-13',   117.42 ,  21.1459,  4.04492,  28.9121,  41.2578],
['2017-04-14',   117.42 ,  21.1459,  4.03711,  28.917,  41.2656],
['2017-04-15',   117.42 ,  21.1459,  4.08398,  28.7236,  41.4102],
['2017-04-16',   117.42 ,  21.1459,  4.03516,  28.6416,  41.5488],
['2017-04-17',   117.42 ,  21.1459,  4.00684,  28.5273,  41.7012],
['2017-04-18',   117.42 ,  21.1459,  4.07422,  28.2295,  41.9492],
['2017-04-19',   117.42 ,  21.1459,  4.02539,  28.0752,  42.1699],
['2017-04-20',   117.42 ,  21.2447,  4.02539,  28.0469,  42.1992],
['2017-04-21',   117.42 ,  21.2447,  4.03906,  28.4014,  41.8613],
['2017-04-22',   117.42 ,  21.2447,  4.10156,  28.3857,  41.8115],
['2017-04-23',   117.42 ,  21.2447,  4.05176,  28.3545,  41.8926],
['2017-04-24',   117.42 ,  21.2447,  4.02246,  28.5605,  41.7568],
['2017-04-25',   117.42 ,  21.2447,  4.03809,  28.3125,  42.0098],
['2017-04-26',   117.42 ,  21.2447,  4.05176,  28.0791,  42.2686],
['2017-04-27',   117.42 ,  21.2447,  4.10449,  27.9912,  42.3096],
['2017-04-28',   117.42 ,  21.2447,  4.02246,  28.4619,  41.918],
['2017-04-29',   117.42 ,  21.2447,  4.15137,  28.3496,  41.9023],
['2017-04-30',   117.42 ,  21.2447,  4.08301,  28.2861,  42.0664],
['2017-05-01',   117.42 ,  21.2447,  4.0752,  28.0723,  42.2969],
['2017-05-02',   117.42 ,  21.2447,  4.03809,  27.8682,  42.5332],
['2017-05-03',   117.42 ,  21.2447,  4.03418,  27.9785,  42.4541],
['2017-05-04',   117.42 ,  21.2447,  4.0127,  28.001,  42.4512],
['2017-05-05',   117.42 ,  21.2447,  4.05566,  29.1914,  41.2793],
['2017-05-06',   117.42 ,  21.2447,  4.09766,  30.6602,  39.7715],
['2017-05-07',   117.42 ,  21.2447,  4.07617,  31.7959,  38.6572],
['2017-05-08',   117.42 ,  21.2447,  4.02832,  32.0098,  38.4971],
['2017-05-09',   117.42 ,  21.2447,  4.02148,  31.0156,  39.502],
['2017-05-10',   117.42 ,  20.7447,  4.04199,  30.2598,  40.2559],
['2017-05-11',   117.42 ,  20.7447,  4.05566,  29.8896,  40.6338],
['2017-05-12',   117.42 ,  19.5728,  4.04688,  30.3467,  40.1914],
['2017-05-13',   117.42 ,  18.401,  4.12793,  30.4697,  40.002],
['2017-05-14',   117.42 ,  18.401,  4.04492,  30.8193,  39.7686],
['2017-05-15',   117.42 ,  18.401,  4.02637,  31.4004,  39.1348],
['2017-05-16',   117.42 ,  18.401,  4.00391,  31.3496,  39.2354],
['2017-05-17',   117.42 ,  18.0056,  3.99414,  31.2744,  39.3301],
['2017-05-18',   117.42 ,  18.0056,  3.98438,  31.0488,  39.5703],
['2017-05-19',   117.42 ,  18.0056,  3.98926,  30.8643,  39.7578],
['2017-05-20',   117.42 ,  18.0056,  4.03516,  30.4326,  40.1611],
['2017-05-21',   117.42 ,  18.0056,  4.00586,  30.2822,  40.3428],
['2017-05-22',   117.42 ,  18.0056,  3.99707,  29.7412,  40.917],
['2017-05-23',   117.42 ,  18.0056,  3.98145,  29.7324,  40.959],
['2017-05-24',   117.42 ,  17.5056,  3.99609,  29.9072,  40.7705],
['2017-05-25',   117.42 ,  17.5056,  4.01562,  29.9668,  40.7158],
['2017-05-26',   117.42 ,  17.5056,  4.02246,  30.5596,  40.1104],
['2017-05-27',   117.42 ,  17.5056,  4.06152,  30.5781,  40.0566],
['2017-05-28',   117.42 ,  17.5056,  3.99512,  30.5967,  40.0977],
['2017-05-29',   117.42 ,  17.5056,  4.01758,  30.4219,  40.2568],
['2017-05-30',   117.42 ,  17.5056,  3.9834,  30.2119,  40.5215],
['2017-05-31',   117.42 ,  17.5056,  3.98438,  30.085,  40.668],
['2017-06-01',   117.42 ,  17.5056,  4.02441,  30.1172,  40.6152],
['2017-06-02',   117.42 ,  17.5056,  4.03125,  31.335,  39.3887],
['2017-06-03',   117.42 ,  17.5056,  4.05762,  32.6973,  38.0039],
['2017-06-04',   117.42 ,  17.5056,  4.00391,  33.082,  37.6699],
['2017-06-05',   117.42 ,  17.5056,  3.99805,  33.165,  37.6709],
['2017-06-06',   117.42 ,  17.5056,  3.99121,  32.3184,  38.5195],
['2017-06-07',   117.42 ,  17.5056,  3.98828,  31.5674,  39.2842],
['2017-06-08',   117.42 ,  18.6775,  3.98438,  31.6865,  39.1924],
['2017-06-09',   117.42 ,  16.701,  3.98828,  31.8525,  39.0332],
['2017-06-10',   117.42 ,  16.701,  4.05273,  31.6182,  39.2061],
['2017-06-11',   117.42 ,  16.701,  4.00195,  31.4355,  39.4463],
['2017-06-12',   117.42 ,  16.701,  3.98438,  30.834,  40.1094],
['2017-06-13',   117.42 ,  16.701,  3.98633,  30.9316,  40.1943],
['2017-06-14',   117.42 ,  16.701,  3.98145,  31.1943,  40.043],
['2017-06-15',   117.42 ,  16.701,  3.98828,  30.9355,  40.3086],
['2017-06-16',   117.42 ,  16.701,  3.99023,  31.168,  40.0771],
['2017-06-17',   117.42 ,  16.701,  4.03516,  31.1133,  40.0859],
['2017-06-18',   117.42 ,  16.701,  4,  30.9131,  40.3291],
['2017-06-19',   117.42 ,  16.701,  3.98926,  30.8037,  40.4629],
['2017-06-20',   117.42 ,  16.701,  3.99219,  30.3604,  40.9414],
['2017-06-21',   117.42 ,  16.701,  4.00098,  30.7285,  40.5664],
['2017-06-22',   117.42 ,  16.701,  3.98926,  30.3555,  40.9697],
['2017-06-23',   117.42 ,  16.701,  4.00684,  30.4912,  40.9844],
['2017-06-24',   117.42 ,  16.701,  4.14355,  30.8076,  41.2275],
['2017-06-25',   117.42 ,  16.701,  4.06641,  30.627,  41.4736],
['2017-06-26',   117.42 ,  16.701,  4.02637,  30.8457,  41.4941],
['2017-06-27',   117.42 ,  16.404,  4.03418,  30.5342,  41.8965],
['2017-06-28',   117.42 ,  16.404,  4.01758,  30.208,  42.2451],
['2017-06-29',   117.42 ,  16.404,  4.01758,  29.9678,  42.7764],
['2017-06-30',   117.42 ,  16.404,  4.00488,  30.3516,  42.4463],
['2017-07-01',   117.42 ,  16.404,  4.0791,  30.9482,  41.7949],
['2017-07-02',   117.42 ,  16.404,  4.00977,  31.2744,  41.5332],
['2017-07-03',   117.42 ,  16.404,  4.01172,  30.8232,  42.0137],
['2017-07-04',   117.42 ,  16.404,  3.97949,  30.7891,  42.1504],
['2017-07-05',   117.42 ,  16.668,  3.99512,  30.373,  42.5625],
['2017-07-06',   117.42 ,  16.668,  3.97852,  30.2051,  42.751],
['2017-07-07',   117.42 ,  16.668,  3.99902,  31.1914,  41.75],
['2017-07-08',   117.42 ,  16.668,  4.0332,  31.8955,  41.0068],
['2017-07-09',   117.42 ,  16.668,  3.99023,  32.0283,  40.918],
['2017-07-10',   117.42 ,  16.668,  4.00586,  31.7217,  41.2607],
['2017-07-11',   117.42 ,  16.668,  3.99609,  30.5215,  42.4619],
['2017-07-12',   117.42 ,  16.668,  4.01758,  30.0996,  42.8848],
['2017-07-13',   117.42 ,  16.668,  4.00098,  29.9414,  43.0762],
['2017-07-14',   117.42 ,  16.668,  3.99219,  30.1719,  42.8506],
['2017-07-15',   117.42 ,  16.668,  4.14941,  30.5039,  42.707],
['2017-07-16',   117.42 ,  16.668,  4.03906,  30.751,  42.584],
['2017-07-17',   117.42 ,  16.668,  4.00293,  30.833,  42.542],
['2017-07-18',   117.42 ,  16.668,  4.14551,  30.4502,  42.7979],
['2017-07-19',   117.42 ,  18.1445,  4.14355,  30.4619,  42.791],
['2017-07-20',   117.42 ,  17.7492,  4.04395,  30.4404,  43.4092],
['2017-07-21',   117.42 ,  17.7492,  4.00684,  30.5811,  43.3145],
['2017-07-22',   117.42 ,  17.7492,  4.04883,  30.9102,  43.0215],
['2017-07-23',   117.42 ,  17.7492,  4.02539,  31.1406,  42.8105],
['2017-07-24',   117.42 ,  17.4857,  4.09277,  30.6602,  43.2285],
['2017-07-25',   117.42 ,  17.387,  4.07715,  30.2764,  43.626],
['2017-07-26',   117.42 ,  17.387,  4.00977,  29.9307,  44.123],
['2017-07-27',   117.42 ,  17.387,  3.97559,  29.7666,  44.3379],
['2017-07-28',   117.42 ,  17.387,  3.97266,  30.248,  43.8691],
['2017-07-29',   117.42 ,  17.387,  4.03027,  30.1562,  43.8926],
['2017-07-30',   117.42 ,  17.387,  3.99414,  30.0908,  43.998],
['2017-07-31',   117.42 ,  16.992,  3.99219,  30.0703,  44.0508],
['2017-08-01',   117.42 ,  17.255,  4.03906,  29.9111,  44.1699],
['2017-08-02',   117.42 ,  17.255,  4.00879,  30.1123,  43.9961],
['2017-08-03',   117.42 ,  17.255,  3.99316,  30.126,  43.9971],
['2017-08-04',   117.42 ,  17.255,  3.98242,  31.3516,  42.8105],
['2017-08-05',   117.42 ,  17.255,  4.00684,  32.3262,  41.8037],
['2017-08-06',   117.42 ,  17.255,  3.99902,  32.5791,  41.5664],
['2017-08-07',   117.42 ,  17.156,  3.99707,  32.6357,  41.5303],
['2017-08-08',   117.42 ,  17.156,  3.98047,  31.8418,  42.3574],
['2017-08-09',   117.42 ,  17.156,  3.97461,  31.0225,  43.2012],
['2017-08-10',   117.42 ,  17.156,  3.95996,  30.5117,  43.7275],
['2017-08-11',   117.42 ,  17.156,  3.9707,  30.4033,  43.833],
['2017-08-12',   117.42 ,  17.156,  3.98828,  30.4004,  43.8438],
['2017-08-13',   117.42 ,  17.156,  3.98633,  30.3291,  43.9141],
['2017-08-14',   117.42 ,  17.156,  3.98438,  30.3027,  43.9863],
['2017-08-15',   117.42 ,  17.156,  4.04883,  30.4854,  43.7461],
['2017-08-16',   117.42 ,  16.959,  3.98145,  30.5664,  43.7363],
['2017-08-17',   117.42 ,  16.959,  3.97852,  30.7041,  43.6006],
['2017-08-18',   117.42 ,  16.959,  3.98145,  30.9463,  43.375],
['2017-08-19',   117.42 ,  16.959,  4.03418,  30.6738,  43.6035],
['2017-08-20',   117.42 ,  16.959,  4.02148,  30.376,  43.9189],
['2017-08-21',   117.42 ,  16.959,  3.97168,  30.1562,  44.21],
['2017-08-22',   117.42 ,  16.959,  3.95801,  29.7852,  44.5908],
['2017-08-23',   117.42 ,  16.959,  3.95605,  29.7441,  44.6592],
['2017-08-24',   117.42 ,  16.959,  3.96582,  29.8203,  44.5762],
['2017-08-25',   117.42 ,  16.959,  4.01758,  30.0898,  44.2539],
['2017-08-26',   117.42 ,  16.959,  4.04883,  29.9082,  44.4092],
['2017-08-27',   117.42 ,  16.959,  3.97754,  29.7295,  44.6572],
['2017-08-28',   117.42 ,  16.959,  3.95312,  29.8828,  44.6436],
['2017-08-29',   117.42 ,  16.959,  4.02246,  29.6104,  44.8672],
['2017-08-30',   117.42 ,  16.959,  3.98535,  29.5674,  44.9521],
['2017-08-31',   117.42 ,  16.959,  3.97266,  29.627,  44.917],
['2017-09-01',   117.42 ,  16.959,  4.01367,  30.6855,  43.832],
['2017-09-02',   117.42 ,  16.959,  4.00781,  31.8408,  42.6846],
['2017-09-03',   117.42 ,  16.959,  4.00098,  32.21,  42.3281],
['2017-09-04',   117.42 ,  16.86,  3.99219,  31.9883,  42.5713],
['2017-09-05',   117.42 ,  16.86,  3.96875,  31.5791,  43.0078],
['2017-09-06',   117.42 ,  16.86,  3.97754,  30.6875,  43.8965],
['2017-09-07',   117.42 ,  16.86,  3.97656,  30.291,  44.2939],
['2017-09-08',   117.42 ,  16.86,  3.9707,  31.2891,  43.3076],
['2017-09-09',   117.42 ,  16.86,  4.02051,  34.2148,  40.335],
['2017-09-10',   117.42 ,  16.86,  4.02734,  37.0645,  37.4785],
['2017-09-11',   117.42 ,  16.86,  4.03711,  37.082,  37.4824],
['2017-09-12',   117.42 ,  16.86,  4.02441,  36.8223,  37.7891],
['2017-09-13',   117.42 ,  16.86,  4.00391,  35.6611,  38.9775],
['2017-09-14',   117.42 ,  16.86,  3.99023,  34.5908,  40.0625],
['2017-09-15',   117.42 ,  16.86,  3.96582,  31.8594,  24.1738],
['2017-09-16',   117.42 ,  36.9137,  3.9834,  34.3379,  21.707],
['2017-09-17',   117.42 ,  36.9137,  3.93555,  34.7158,  21.3828],
['2017-09-18',   117.42 ,  36.9137,  3.93066,  35.0146,  21.5713],
['2017-09-19',   117.42 ,  31.3496,  4.00879,  37.5674,  23.8877],
['2017-09-20',   117.42 ,  30.8885,  4.02637,  37.0664,  26.6104],
['2017-09-21',   117.42 ,  28.4178,  3.98926,  36.541,  27.2119],
['2017-09-22',   117.42 ,  28.4178,  3.96777,  37.0576,  26.7158],
['2017-09-23',   117.42 ,  28.2201,  3.97852,  37.0352,  26.7314],
['2017-09-24',   117.42 ,  28.2201,  3.97656,  36.7705,  26.998],
['2017-09-25',   117.42 ,  28.0224,  3.96191,  36.9648,  26.876],
['2017-09-26',   117.42 ,  28.0224,  3.94824,  36.5664,  27.3301],
['2017-09-27',   117.42 ,  28.0224,  3.95508,  36.2539,  27.7002],
['2017-09-28',   117.42 ,  28.0224,  3.96582,  36.1318,  27.877],
['2017-09-29',   117.42 ,  28.0224,  3.95996,  35.9229,  28.0928],
['2017-09-30',   117.42 ,  28.0224,  3.97949,  35.6631,  28.3965],
['2017-10-01',   117.42 ,  28.0224,  4.00879,  35.6836,  28.3447],
['2017-10-02',   117.42 ,  28.0224,  3.98438,  36.1631,  26.5742],
['2017-10-03',   117.42 ,  27.8248,  3.96191,  36.4385,  26.3223],
['2017-10-04',   117.42 ,  29.4389,  3.96289,  36.2383,  26.5186],
['2017-10-05',   117.42 ,  29.4389,  3.94922,  36.3643,  26.417],
['2017-10-06',   117.42 ,  28.4507,  3.95898,  36.7373,  26.6201],
['2017-10-07',   117.42 ,  28.4507,  3.9834,  36.6211,  26.7227],
['2017-10-08',   117.42 ,  28.4507,  3.98438,  36.7061,  26.6367],
['2017-10-09',   117.42 ,  28.4507,  3.95312,  36.4658,  26.9092],
['2017-10-10',   117.42 ,  28.4507,  3.94922,  36.4229,  26.9521],
['2017-10-11',   117.42 ,  28.4507,  3.94434,  36.2471,  27.1504],
['2017-10-12',   117.42 ,  28.4507,  3.94629,  36.1416,  27.2695],
['2017-10-13',   117.42 ,  28.4507,  3.94043,  35.9688,  27.4521],
['2017-10-14',   117.42 ,  28.4507,  3.97363,  35.9502,  27.4424],
['2017-10-15',   117.42 ,  28.4507,  3.97461,  36.3428,  27.0459],
['2017-10-16',   117.42 ,  28.4507,  3.95996,  36.3105,  27.1152],
['2017-10-17',   117.42 ,  28.4507,  3.94727,  36.1514,  27.2861],
['2017-10-18',   117.42 ,  28.4507,  3.94434,  36.0479,  27.417],
['2017-10-19',   117.42 ,  28.4507,  3.94434,  35.9219,  27.5508],
['2017-10-20',   117.42 ,  28.4507,  3.94922,  35.5693,  27.917],
['2017-10-21',   117.42 ,  28.4507,  3.95996,  35.3213,  28.1523],
['2017-10-22',   117.42 ,  28.4507,  3.94336,  35.2021,  28.2861],
['2017-10-23',   117.42 ,  28.4507,  3.94922,  35.1543,  28.3574],
['2017-10-24',   117.42 ,  28.4507,  3.94531,  34.9434,  28.5801],
['2017-10-25',   117.42 ,  28.4507,  3.99121,  34.7051,  28.7803],
['2017-10-26',   117.42 ,  28.4507,  3.97461,  34.876,  28.625],
['2017-10-27',   117.42 ,  28.4507,  3.96094,  35.0918,  28.4355],
['2017-10-28',   117.42 ,  28.4507,  3.98242,  34.0742,  29.4297],
['2017-10-29',   117.42 ,  28.4507,  3.98633,  32.5117,  30.9873],
['2017-10-30',   117.42 ,  28.4507,  3.98926,  31.4941,  32.0059],
['2017-10-31',   117.42 ,  28.4507,  3.96094,  30.6553,  32.873],
['2017-11-01',   117.42 ,  28.4507,  3.97949,  30.0488,  33.459],
['2017-11-02',   117.42 ,  28.4507,  3.97363,  29.6152,  33.9199],
['2017-11-03',   117.42 ,  28.4507,  3.95117,  30.3633,  33.1973],
['2017-11-04',   117.42 ,  28.4507,  3.96094,  30.6973,  32.8545],
['2017-11-05',   117.42 ,  28.4507,  3.98145,  30.4229,  33.1104],
['2017-11-06',   117.42 ,  28.4507,  3.98633,  29.0068,  34.5225],
['2017-11-07',   117.42 ,  28.4507,  3.98926,  26.6709,  36.8613],
['2017-11-08',   117.42 ,  28.4507,  4.01074,  24.9238,  38.584],
['2017-11-09',   117.42 ,  28.4507,  4.00879,  23.4102,  40.1006],
['2017-11-10',   117.42 ,  28.4507,  3.9707,  22.2197,  40.6348],
['2017-11-11',   117.42 ,  28.4507,  3.98242,  21.0205,  41.8252],
['2017-11-12',   117.42 ,  28.4507,  3.96387,  19.8545,  43.0107],
['2017-11-13',   117.42 ,  28.4507,  3.96094,  19.0947,  43.7725],
['2017-11-14',   117.42 ,  28.4507,  3.95215,  18.5205,  44.3564],
['2017-11-15',   117.42 ,  28.4507,  3.92969,  17.8896,  45.0107],
['2017-11-16',   117.42 ,  28.4507,  3.90332,  17.1514,  39.3721],
['2017-11-17',   117.42 ,  37.8384,  3.90625,  15.6914,  30.1729],
['2017-11-18',   117.42 ,  51.7914,  3.91699,  15.6328,  30.2168],
['2017-11-19',   117.42 ,  51.7914,  3.91602,  14.9883,  30.8662],
['2017-11-20',   117.42 ,  51.7914,  3.91309,  14.0781,  24.2725],
['2017-11-21',   117.42 ,  51.7914,  3.91309,  13.7617,  24.5879],
['2017-11-22',   117.42 ,  51.7914,  3.89648,  13.5371,  24.8291],
['2017-11-23',   117.42 ,  51.7914,  3.89551,  13.6045,  24.7617],
['2017-11-24',   117.42 ,  51.7914,  3.90137,  13.1719,  25.1914],
['2017-11-25',   117.42 ,  51.7914,  3.91113,  13.5049,  24.8467],
['2017-11-26',   117.42 ,  51.7914,  3.9043,  13.499,  24.8604],
['2017-11-27',   117.42 ,  51.7914,  3.88672,  13.2031,  25.2129],
['2017-11-28',   117.42 ,  51.7914,  3.89062,  13.3545,  24.6504],
['2017-11-29',   117.42 ,  54.8879,  3.91699,  12.7764,  11.8564],
['2017-11-30',   117.42 ,  72.7741,  3.9248,  13.1406,  5.75293],
['2017-12-01',   117.42 ,  78.9999,  3.95703,  12.8232,  6.06055],
['2017-12-02',   117.42 ,  78.9999,  3.94336,  12.9844,  5.93066],
['2017-12-03',   117.42 ,  78.9999,  3.93359,  12.6865,  6.24121],
['2017-12-04',   117.42 ,  78.9999,  3.94043,  11.7373,  4.8125],
['2017-12-05',   117.42 ,  89.9418,  3.94043,  11.7158,  4.83301],
['2017-12-06',   117.42 ,  89.9418,  3.93945,  11.8164,  4.73438],
['2017-12-07',   117.42 ,  89.9418,  3.94238,  11.7607,  4.78613],
['2017-12-08',   117.42 ,  89.9418,  3.93359,  11.5664,  4.98633],
['2017-12-09',   117.42 ,  89.9418,  3.92188,  11.6641,  4.9043],
['2017-12-10',   117.42 ,  89.9418,  3.91406,  13.123,  3.45215],
['2017-12-11',   117.42 ,  89.9418,  3.90625,  12.8594,  3.72363],
['2017-12-12',   117.42 ,  89.9418,  3.90625,  12.8438,  3.74023],
['2017-12-13',   117.42 ,  89.9418,  3.86328,  12.7305,  3.89551],
['2017-12-14',   117.42 ,  89.9418,  3.75879,  12.707,  4.02441],
['2017-12-15',   117.42 ,  89.9418,  2.34766,  11.4541,  6.68652],
['2017-12-16',   117.42 ,  89.9418,  1.30273,  9.46582,  9.7207],
['2017-12-17',   117.42 ,  89.9418,  1.25781,  8.99219,  10.2402],
['2017-12-18',   117.42 ,  89.9418,  1.25684,  8.98145,  10.249],
['2017-12-19',   117.42 ,  89.9418,  1.25684,  8.97363,  10.2578],
['2017-12-20',   117.42 ,  89.9418,  1.25684,  8.93359,  10.2988],
['2017-12-21',   117.42 ,  89.9418,  1.25488,  8.9248,  10.3105],
['2017-12-22',   117.42 ,  89.9418,  1.25488,  8.91113,  10.3232],
['2017-12-23',   117.42 ,  89.9418,  1.25488,  8.86328,  10.3721],
['2017-12-24',   117.42 ,  89.9418,  1.25391,  8.31641,  10.9199],
['2017-12-25',   117.42 ,  89.9418,  1.25391,  7.19922,  12.0361],
['2017-12-26',   117.42 ,  89.9418,  1.25,  5.66602,  13.5723],
['2017-12-27',   117.42 ,  89.9418,  1.24902,  4.94531,  14.2949],
['2017-12-28',   117.42 ,  89.9418,  1.24805,  4.78516,  14.4551],
['2017-12-29',   117.42 ,  89.9418,  1.24805,  4.62207,  14.6191],
['2017-12-30',   117.42 ,  89.9418,  1.24707,  4.45801,  14.7842],
['2017-12-31',   117.42 ,  89.9418,  1.24219,  4.30078,  14.9453],
['2018-01-01',   117.42 ,  89.9418,  1.24023,  4.18164,  15.0693],
['2018-01-02',   117.42 ,  89.9418,  0,  0.0742188,  0.758789],
['2018-01-03',   117.42 ,  108.922,  0,  0.0595703,  0.772461],
['2018-01-04',   117.42 ,  108.922,  0,  0.0283203,  0.804688],
['2018-01-05',   117.42 ,  108.922,  0,  0.0205078,  0.8125],
['2018-01-06',   117.42 ,  108.922,  0,  0.0117188,  0.820312],
['2018-01-07',   117.42 ,  108.922,  0,  0.00488281,  0.828125],
['2018-01-08',   117.42 ,  108.922,  0,  0.000976562,  0.831055],
['2018-01-09',   117.42 ,  108.922,  0,  0,  0.833008],
['2018-01-10',   117.42 ,  108.922,  0,  0,  0.833008],
['2018-01-11',   117.42 ,  108.922,  0,  0,  0.833008],
['2018-01-12',   117.42 ,  108.922,  0,  0,  0.833008],
['2018-01-13',   117.42 ,  108.922,  0,  0,  0.833008],
['2018-01-14',   117.42 ,  108.922,  0,  0,  0.833008],
['2018-01-15',   117.42 ,  108.922,  0,  0,  0.833008],
['2018-01-16',   117.42 ,  108.922,  0,  0,  0.833008],
['2018-01-17',   117.42 ,  108.922,  0,  0,  0.833008],
['2018-01-18',   117.42 ,  108.922,  0,  0,  0.833008],
['2018-01-19',   117.42 ,  108.922,  0,  0,  0.833008],
['2018-01-20',   117.42 ,  108.922,  0,  0,  0.833008],
['2018-01-21',   117.42 ,  108.922,  0,  0,  0.833008],
['2018-01-22',   117.42 ,  108.922,  0,  0,  0.833008],
['2018-01-23',   117.42 ,  108.922,  0,  0,  0.833008],
['2018-01-24',   117.42 ,  108.922,  0,  0,  0.833008],
['2018-01-25',   117.42 ,  108.922,  0,  0,  0.833008],
['2018-01-26',   117.42 ,  108.922,  0,  0,  0.833008],
['2018-01-27',   117.42 ,  108.922,  0,  0,  0.833008],
['2018-01-28',   117.42 ,  108.922,  0,  0,  0.833008],
['2018-01-29',   117.42 ,  108.922,  0,  0,  0.833008],
['2018-01-30',   117.42 ,  108.922,  0,  0,  0.833008],
['2018-01-31',   117.42 ,  108.922,  0,  0,  0.833008],
['2018-02-01',   117.42 ,  108.922,  0,  0,  0.833008],
['2018-02-02',   117.42 ,  108.922,  0,  0,  0.833008],
['2018-02-03',   117.42 ,  108.922,  0,  0,  0.833008],
['2018-02-04',   117.42 ,  108.922,  0,  0,  0.833008],
['2018-02-05',   117.42 ,  108.922,  0,  0,  0.833008],
['2018-02-06',   117.42 ,  108.922,  0,  0,  0.833008],
['2018-02-07',   117.42 ,  108.922,  0,  0,  0.833008],
['2018-02-08',   117.42 ,  108.922,  0,  0,  0.833008],
['2018-02-09',   117.42 ,  108.922,  0,  0,  0.833008],
['2018-02-10',   117.42 ,  108.922,  0,  0,  0.833008],
['2018-02-11',   117.42 ,  108.922,  0,  0,  0.833008],
['2018-02-12',   117.42 ,  108.922,  0,  0,  0.833008],
['2018-02-13',   117.42 ,  108.922,  0,  0,  0.833008],
['2018-02-14',   117.42 ,  108.922,  0,  0,  0.833008],
['2018-02-15',   117.42 ,  108.922,  0,  0,  0.833008],
['2018-02-16',   117.42 ,  108.922,  0,  0,  0.833008],
['2018-02-17',   117.42 ,  108.922,  0,  0,  0.833008],
['2018-02-18',   117.42 ,  108.922,  0,  0,  0.833008],
['2018-02-19',   117.42 ,  108.922,  0,  0,  0.833008],
['2018-02-20',   117.42 ,  108.922,  0,  0,  0.833008],
['2018-02-21',   117.42 ,  108.922,  0,  0,  0.833008],
['2018-02-22',   117.42 ,  108.922,  0,  0,  0.833008],
['2018-02-23',   117.42 ,  108.922,  0,  0,  0.833008],
['2018-02-24',   117.42 ,  108.922,  0,  0,  0.833008],
['2018-02-25',   117.42 ,  108.922,  0,  0,  0.833008],
['2018-02-26',   117.42 ,  108.922,  0,  0,  0.833008],
['2018-02-27',   117.42 ,  108.922,  0,  0,  0.833008],
['2018-02-28',   117.42 ,  108.922,  0,  0,  0.833008],
['2018-03-01',   117.42 ,  108.922,  0,  0,  0.833008],
['2018-03-02',   117.42 ,  108.922,  0,  0,  0.833008],
['2018-03-03',   117.42 ,  108.922,  0,  0,  0.833008],
['2018-03-04',   117.42 ,  108.922,  0,  0,  0.833008],
['2018-03-05',   117.42 ,  108.922,  0,  0,  0.833008],
['2018-03-06',   117.42 ,  108.922,  0,  0,  0.833008],
['2018-03-07',   117.42 ,  108.922,  0,  0,  0.833008],
['2018-03-08',   117.42 ,  108.922,  0,  0,  0.833008],
['2018-03-09',   117.42 ,  108.922,  0,  0,  0.833008],
['2018-03-10',   117.42 ,  108.922,  0,  0,  0.833008],
['2018-03-11',   117.42 ,  108.922,  0,  0,  0.833008],
['2018-03-12',   117.42 ,  108.922,  0,  0,  0.833008],
['2018-03-13',   117.42 ,  108.922,  0,  0,  0.833008],
['2018-03-14',   117.42 ,  108.922,  0,  0,  0.833008],
['2018-03-15',   117.42 ,  108.922,  0,  0,  0.833008],
['2018-03-16',   117.42 ,  108.922,  0,  0,  0.833008],
['2018-03-17',   117.42 ,  108.922,  0,  0,  0.833008],
['2018-03-18',   117.42 ,  108.922,  0,  0,  0.833008],
['2018-03-19',   117.42 ,  108.922,  0,  0,  0.833008],
['2018-03-20',   117.42 ,  108.922,  0,  0,  0.833008],
['2018-03-21',   117.42 ,  108.922,  0,  0,  0.833008],
['2018-03-22',   117.42 ,  108.922,  0,  0,  0.833008],
['2018-03-23',   117.42 ,  108.922,  0,  0,  0.833008],
['2018-03-24',   117.42 ,  108.922,  0,  0,  0.833008],
['2018-03-25',   117.42 ,  108.922,  0,  0,  0.833008],
['2018-03-26',   117.42 ,  108.922,  0,  0,  0.833008],
['2018-03-27',   117.42 ,  108.922,  0,  0,  0.833008],
['2018-03-28',   117.42 ,  108.922,  0,  0,  0.833008],
['2018-03-29',   117.42 ,  108.922,  0,  0,  0.833008],
['2018-03-30',   117.42 ,  108.922,  0,  0,  0.833008],
['2018-03-31',   117.42 ,  108.922,  0,  0,  0.833008],
['2018-04-01',   117.42 ,  108.922,  0,  0,  0.833008],
['2018-04-02',   117.42 ,  108.922,  0,  0,  0.833008],
['2018-04-03',   117.42 ,  108.922,  0,  0,  0.833008],
['2018-04-04',   117.42 ,  108.922,  0,  0,  0.833008],
['2018-04-05',   117.42 ,  108.922,  0,  0,  0.833008],
['2018-04-06',   117.42 ,  108.922,  0,  0,  0.833008],
['2018-04-07',   117.42 ,  108.922,  0,  0,  0.833008],
['2018-04-08',   117.42 ,  108.922,  0,  0,  0.833008],
['2018-04-09',   117.42 ,  108.922,  0,  0,  0.833008],
['2018-04-10',   117.42 ,  108.922,  0,  0,  0.833008],
['2018-04-11',   117.42 ,  108.922,  0,  0,  0.833008],
['2018-04-12',   117.42 ,  108.922,  0,  0,  0.833008],
['2018-04-13',   117.42 ,  108.922,  0,  0,  0.833008],
['2018-04-14',   117.42 ,  108.922,  0,  0,  0.833008],
['2018-04-15',   117.42 ,  108.922,  0,  0,  0.833008],
['2018-04-16',   117.42 ,  108.922,  0,  0,  0.833008],
['2018-04-17',   117.42 ,  108.922,  0,  0,  0.833008],
['2018-04-18',   117.42 ,  108.922,  0,  0,  0.833008],
['2018-04-19',   117.42 ,  108.922,  0,  0,  0.833008],
['2018-04-20',   117.42 ,  108.922,  0,  0,  0.833008],
['2018-04-21',   117.42 ,  108.922,  0,  0,  0.833008],
['2018-04-22',   117.42 ,  108.922,  0,  0,  0.833008],
['2018-04-23',   117.42 ,  108.922,  0,  0,  0.833008],
['2018-04-24',   117.42 ,  108.922,  0,  0,  0.833008],
['2018-04-25',   117.42 ,  108.922,  0,  0,  0.833008],
['2018-04-26',   117.42 ,  108.922,  0,  0,  0.833008],
['2018-04-27',   117.42 ,  108.922,  0,  0,  0.833008],
['2018-04-28',   117.42 ,  108.922,  0,  0,  0.833008],
['2018-04-29',   117.42 ,  108.922,  0,  0,  0.833008],
['2018-04-30',   117.42 ,  108.922,  0,  0,  0.833008],
['2018-05-01',   117.42 ,  108.922,  0,  0,  0.833008],
['2018-05-02',   117.42 ,  108.922,  0,  0,  0.833008],
['2018-05-03',   117.42 ,  108.922,  0,  0,  0.833008],
['2018-05-04',   117.42 ,  108.922,  0,  0,  0.833008],
['2018-05-05',   117.42 ,  108.922,  0,  0,  0.833008],
['2018-05-06',   117.42 ,  108.922,  0,  0,  0.833008],
['2018-05-07',   117.42 ,  108.922,  0,  0,  0.833008],
['2018-05-08',   117.42 ,  108.922,  0,  0,  0.833008],
['2018-05-09',   117.42 ,  108.922,  0,  0,  0.833008],
['2018-05-10',   117.42 ,  108.922,  0,  0,  0.833008],
['2018-05-11',   117.42 ,  108.922,  0,  0,  0.833008],
['2018-05-12',   117.42 ,  108.922,  0,  0,  0.833008],
['2018-05-13',   117.42 ,  108.922,  0,  0,  0.833008],
['2018-05-14',   117.42 ,  108.922,  0,  0,  0.833008],
['2018-05-15',   117.42 ,  108.922,  0,  0,  0.833008],
['2018-05-16',   117.42 ,  108.922,  0,  0,  0.833008],
['2018-05-17',   117.42 ,  108.922,  0,  0,  0.833008],
['2018-05-18',   117.42 ,  108.922,  0,  0,  0.833008],
['2018-05-19',   117.42 ,  108.922,  0,  0,  0.833008],
['2018-05-20',   117.42 ,  108.922,  0,  0,  0.833008],
['2018-05-21',   117.42 ,  108.922,  0,  0,  0.833008],
['2018-05-22',   117.42 ,  108.922,  0,  0,  0.833008],
['2018-05-23',   117.42 ,  108.922,  0,  0,  0.833008],
['2018-05-24',   117.42 ,  108.922,  0,  0,  0.833008],
['2018-05-25',   117.42 ,  108.922,  0,  0,  0.833008],
['2018-05-26',   117.42 ,  108.922,  0,  0,  0.833008],
['2018-05-27',   117.42 ,  108.922,  0,  0,  0.833008],
['2018-05-28',   117.42 ,  108.922,  0,  0,  0.833008],
['2018-05-29',   117.42 ,  108.922,  0,  0,  0.833008],
['2018-05-30',   117.42 ,  108.922,  0,  0,  0.833008],
['2018-05-31',   117.42 ,  108.922,  0,  0,  0.833008],
['2018-06-01',   117.42 ,  108.922,  0,  0,  0.833008],
['2018-06-02',   117.42 ,  108.922,  0,  0,  0.833008],
['2018-06-03',   117.42 ,  108.922,  0,  0,  0.833008],
['2018-06-04',   117.42 ,  108.922,  0,  0,  0.833008],
['2018-06-05',   117.42 ,  108.922,  0,  0,  0.833008],
['2018-06-06',   117.42 ,  108.922,  0,  0,  0.833008],
['2018-06-07',   117.42 ,  108.922,  0,  0,  0.833008],
['2018-06-08',   117.42 ,  108.922,  0,  0,  0.833008],
['2018-06-09',   117.42 ,  108.922,  0,  0,  0.833008],
['2018-06-10',   117.42 ,  108.922,  0,  0,  0.833008],
['2018-06-11',   117.42 ,  108.922,  0,  0,  0.833008],
['2018-06-12',   117.42 ,  108.922,  0,  0,  0.833008],
['2018-06-13',   117.42 ,  108.922,  0,  0,  0.833008],
['2018-06-14',   117.42 ,  108.922,  0,  0,  0.833008],
['2018-06-15',   117.42 ,  108.922,  0,  0,  0.833008],
['2018-06-16',   117.42 ,  108.922,  0,  0,  0.833008],
['2018-06-17',   117.42 ,  108.922,  0,  0,  0.833008],
['2018-06-18',   117.42 ,  108.922,  0,  0,  0.833008],
['2018-06-19',   117.42 ,  108.922,  0,  0,  0.833008],
['2018-06-20',   117.42 ,  108.922,  0,  0,  0.833008],
['2018-06-21',   117.42 ,  108.922,  0,  0,  0.833008],
['2018-06-22',   117.42 ,  108.922,  0,  0,  0.833008],
['2018-06-23',   117.42 ,  108.922,  0,  0,  0.833008],
['2018-06-24',   117.42 ,  108.922,  0,  0,  0.833008],
['2018-06-25',   117.42 ,  108.922,  0,  0,  0.833008],
['2018-06-26',   117.42 ,  108.922,  0,  0,  0.833008],
['2018-06-27',   117.42 ,  108.922,  0,  0,  0.833008],
['2018-06-28',   117.42 ,  108.922,  0,  0,  0.833008],
['2018-06-29',   117.42 ,  108.922,  0,  0,  0.833008],
['2018-06-30',   117.42 ,  108.922,  0,  0,  0.833008],
['2018-07-01',   117.42 ,  108.922,  0,  0,  0.833008],
['2018-07-02',   117.42 ,  108.922,  0,  0,  0.833008],
['2018-07-03',   117.42 ,  108.922,  0,  0,  0.833008],
['2018-07-04',   117.42 ,  108.922,  0,  0,  0.833008],
['2018-07-05',   117.42 ,  108.922,  0,  0,  0.833008],
['2018-07-06',   117.42 ,  108.922,  0,  0,  0.833008],
['2018-07-07',   117.42 ,  108.922,  0,  0,  0.833008],
['2018-07-08',   117.42 ,  108.922,  0,  0,  0.833008],
['2018-07-09',   117.42 ,  108.922,  0,  0,  0.833008],
['2018-07-10',   117.42 ,  108.922,  0,  0,  0.833008],
['2018-07-11',   117.42 ,  108.922,  0,  0,  0.833008],
['2018-07-12',   117.42 ,  108.922,  0,  0,  0.833008],
['2018-07-13',   117.42 ,  108.922,  0,  0,  0.833008],
['2018-07-14',   117.42 ,  108.922,  0,  0,  0.833008],
['2018-07-15',   117.42 ,  108.922,  0,  0,  0.833008],
['2018-07-16',   117.42 ,  108.922,  0,  0,  0.833008],
['2018-07-17',   117.42 ,  108.922,  0,  0,  0.833008],
['2018-07-18',   117.42 ,  108.922,  0,  0,  0.833008],
['2018-07-19',   117.42 ,  108.922,  0,  0,  0.833008],
['2018-07-20',   117.42 ,  108.922,  0,  0,  0.833008],
['2018-07-21',   117.42 ,  108.922,  0,  0,  0.833008],
['2018-07-22',   117.42 ,  108.922,  0,  0,  0.833008],
['2018-07-23',   117.42 ,  108.922,  0,  0,  0.833008],
['2018-07-24',   117.42 ,  108.922,  0,  0,  0.833008],
['2018-07-25',   117.42 ,  108.922,  0,  0,  0.833008],
['2018-07-26',   117.42 ,  108.922,  0,  0,  0.833008],
['2018-07-27',   117.42 ,  108.922,  0,  0,  0.833008],
['2018-07-28',   117.42 ,  108.922,  0,  0,  0.833008],
['2018-07-29',   117.42 ,  108.922,  0,  0,  0.833008],
['2018-07-30',   117.42 ,  108.922,  0,  0,  0.833008],
['2018-07-31',   117.42 ,  108.922,  0,  0,  0.833008],
['2018-08-01',   117.42 ,  108.922,  0,  0,  0.833008],
['2018-08-02',   117.42 ,  108.922,  0,  0,  0.833008],
['2018-08-03',   117.42 ,  108.922,  0,  0,  0.833008],
['2018-08-04',   117.42 ,  108.922,  0,  0,  0.833008],
['2018-08-05',   117.42 ,  108.922,  0,  0,  0.833008],
['2018-08-06',   117.42 ,  108.922,  0,  0,  0.833008],
['2018-08-07',   117.42 ,  108.922,  0,  0,  0.833008],
['2018-08-08',   117.42 ,  108.922,  0,  0,  0.833008],
['2018-08-09',   117.42 ,  108.922,  0,  0,  0.833008],
['2018-08-10',   117.42 ,  108.922,  0,  0,  0.833008],
['2018-08-11',   117.42 ,  108.922,  0,  0,  0.833008],
['2018-08-12',   117.42 ,  108.922,  0,  0,  0.833008],
['2018-08-13',   117.42 ,  108.922,  0,  0,  0.833008],
['2018-08-14',   117.42 ,  108.922,  0,  0,  0.833008],
['2018-08-15',   117.42 ,  108.922,  0,  0,  0.833008],
['2018-08-16',   117.42 ,  108.922,  0,  0,  0.833008],
['2018-08-17',   117.42 ,  108.922,  0,  0,  0.833008],
['2018-08-18',   117.42 ,  108.922,  0,  0,  0.833008],
['2018-08-19',   117.42 ,  108.922,  0,  0,  0.833008],
['2018-08-20',   117.42 ,  108.922,  0,  0,  0.833008],
['2018-08-21',   117.42 ,  108.922,  0,  0,  0.833008],
['2018-08-22',   117.42 ,  108.922,  0,  0,  0.833008],
['2018-08-23',   117.42 ,  108.922,  0,  0,  0.833008],
['2018-08-24',   117.42 ,  108.922,  0,  0,  0.833008],
['2018-08-25',   117.42 ,  108.922,  0,  0,  0.833008],
['2018-08-26',   117.42 ,  108.922,  0,  0,  0.833008],
['2018-08-27',   117.42 ,  108.922,  0,  0,  0.833008],
['2018-08-28',   117.42 ,  108.922,  0,  0,  0.833008],
['2018-08-29',   117.42 ,  108.922,  0,  0,  0.833008],
['2018-08-30',   117.42 ,  108.922,  0,  0,  0.833008],
['2018-08-31',   117.42 ,  108.922,  0,  0,  0.833008],
['2018-09-01',   117.42 ,  108.922,  0,  0,  0.833008],
['2018-09-02',   117.42 ,  108.922,  0,  0,  0.833008],
['2018-09-03',   117.42 ,  108.922,  0,  0,  0.833008],
['2018-09-04',   117.42 ,  108.922,  0,  0,  0.833008],
['2018-09-05',   117.42 ,  108.922,  0,  0,  0.833008],
['2018-09-06',   117.42 ,  108.922,  0,  0,  0.833008],
['2018-09-07',   117.42 ,  108.922,  0,  0,  0.833008],
['2018-09-08',   117.42 ,  108.922,  0,  0,  0.833008],
['2018-09-09',   117.42 ,  108.922,  0,  0,  0.833008],
['2018-09-10',   117.42 ,  108.922,  0,  0,  0.833008],
['2018-09-11',   117.42 ,  108.922,  0,  0,  0.833008],
['2018-09-12',   117.42 ,  108.922,  0,  0,  0.833008],
['2018-09-13',   117.42 ,  108.922,  0,  0,  0.833008],
['2018-09-14',   117.42 ,  108.922,  0,  0,  0.833008],
['2018-09-15',   117.42 ,  108.922,  0,  0,  0.833008],
['2018-09-16',   117.42 ,  108.922,  0,  0,  0.833008],
['2018-09-17',   117.42 ,  108.922,  0,  0,  0.833008],
['2018-09-18',   117.42 ,  108.922,  0,  0,  0.833008],
['2018-09-19',   117.42 ,  108.922,  0,  0,  0.833008],
['2018-09-20',   117.42 ,  108.922,  0,  0,  0.833008],
['2018-09-21',   117.42 ,  108.922,  0,  0,  0.833008],
['2018-09-22',   117.42 ,  108.922,  0,  0,  0.833008],
['2018-09-23',   117.42 ,  108.922,  0,  0,  0.833008],
['2018-09-24',   117.42 ,  108.922,  0,  0,  0.833008],
['2018-09-25',   117.42 ,  108.922,  0,  0,  0.833008],
['2018-09-26',   117.42 ,  108.922,  0,  0,  0.833008],
['2018-09-27',   117.42 ,  108.922,  0,  0,  0.833008],
['2018-09-28',   117.42 ,  108.922,  0,  0,  0.833008],
['2018-09-29',   117.42 ,  108.922,  0,  0,  0.833008],
['2018-09-30',   117.42 ,  108.922,  0,  0,  0.833008],
['2018-10-01',   117.42 ,  108.922,  0,  0,  0.833008],
['2018-10-02',   117.42 ,  108.922,  0,  0,  0.833008],
['2018-10-03',   117.42 ,  108.922,  0,  0,  0.833008],
['2018-10-04',   117.42 ,  108.922,  0,  0,  0.833008],
['2018-10-05',   117.42 ,  108.922,  0,  0,  0.833008],
['2018-10-06',   117.42 ,  108.922,  0,  0,  0.833008],
['2018-10-07',   117.42 ,  108.922,  0,  0,  0.833008],
['2018-10-08',   117.42 ,  108.922,  0,  0,  0.833008],
['2018-10-09',   117.42 ,  108.922,  0,  0,  0.833008],
['2018-10-10',   117.42 ,  108.922,  0,  0,  0.833008],
['2018-10-11',   117.42 ,  108.922,  0,  0,  0.833008],
['2018-10-12',   117.42 ,  108.922,  0,  0,  0.833008],
['2018-10-13',   117.42 ,  108.922,  0,  0,  0.833008],
['2018-10-14',   117.42 ,  108.922,  0,  0,  0.833008],
['2018-10-15',   117.42 ,  108.922,  0,  0,  0.833008],
['2018-10-16',   117.42 ,  108.922,  0,  0,  0.833008],
['2018-10-17',   117.42 ,  108.922,  0,  0,  0.833008],
['2018-10-18',   117.42 ,  108.922,  0,  0,  0.833008],
['2018-10-19',   117.42 ,  108.922,  0,  0,  0.833008],
['2018-10-20',   117.42 ,  108.922,  0,  0,  0.833008],
['2018-10-21',   117.42 ,  108.922,  0,  0,  0.833008],
['2018-10-22',   117.42 ,  108.922,  0,  0,  0.833008],
['2018-10-23',   117.42 ,  108.922,  0,  0,  0.833008],
['2018-10-24',   117.42 ,  108.922,  0,  0,  0.833008],
['2018-10-25',   117.42 ,  108.922,  0,  0,  0.833008],
['2018-10-26',   117.42 ,  108.922,  0,  0,  0.833008],
['2018-10-27',   117.42 ,  108.922,  0,  0,  0.833008],
['2018-10-28',   117.42 ,  108.922,  0,  0,  0.833008],
['2018-10-29',   117.42 ,  108.922,  0,  0,  0.833008],
['2018-10-30',   117.42 ,  108.922,  0,  0,  0.833008],
['2018-10-31',   117.42 ,  108.922,  0,  0,  0.833008],
['2018-11-01',   117.42 ,  108.922,  0,  0,  0.833008],
['2018-11-02',   117.42 ,  108.922,  0,  0,  0.833008],
['2018-11-03',   117.42 ,  108.922,  0,  0,  0.833008],
['2018-11-04',   117.42 ,  108.922,  0,  0,  0.833008],
['2018-11-05',   117.42 ,  108.922,  0,  0,  0.833008]
        ]);
        var options = {
          title: 'Historical report on VMAX Storage  ...',
          chartArea:{left:50,top:50},vAxis:{title:'Terabytes'},hAxis:{title:'DateTime'}
        };

        var chart = new google.visualization.LineChart(document.getElementById('chart_div'));
        chart.draw(data, options);
      }
    </script>
  </head>
  <body>
    <div id="chart_div" style="width: 1500px; height: 900px;"></div>
  </body>
</html>
